-1.299300231039524078e-03
-4.118908836971968412e-04
-1.262046280317008495e-04
-7.010660920059308410e-05
-1.439416955690830946e-04
-2.943114086519926786e-04
-4.796973662450909615e-04
-6.664614193141460419e-04
-8.348535047844052315e-04
-9.753083577379584312e-04
-1.087701064534485340e-03
-1.178278820589184761e-03
-1.255270210094749928e-03
-1.325440010987222195e-03
-1.394774648360908031e-03
-1.466619083657860756e-03
-1.541872741654515266e-03
-1.619700924493372440e-03
-1.699396292679011822e-03
-1.778940670192241669e-03
-1.857332768850028515e-03
-1.933383988216519356e-03
-2.006988041102886200e-03
-2.078391611576080322e-03
-2.146996557712554932e-03
-2.213939791545271873e-03
-2.278958214446902275e-03
-2.342434367164969444e-03
-2.404360333457589149e-03
-2.465040655806660652e-03
-2.524511422961950302e-03
-2.582130255177617073e-03
-2.638051053509116173e-03
-2.692541107535362244e-03
-2.745054895058274269e-03
-2.795968903228640556e-03
-2.844844013452529907e-03
-2.892039017751812935e-03
-2.937494544312357903e-03
-2.981082303449511528e-03
-3.022628836333751678e-03
-3.062177682295441628e-03
-3.100085770711302757e-03
-3.135689999908208847e-03
-3.169741248711943626e-03
-3.201358485966920853e-03
-3.231524489820003510e-03
-3.259074408560991287e-03
-3.284804057329893112e-03
-3.308702493086457253e-03
-3.330193227156996727e-03
-3.349790582433342934e-03
-3.367177676409482956e-03
-3.382483962923288345e-03
-3.395678941160440445e-03
-3.406965173780918121e-03
-3.415505401790142059e-03
-3.422552719712257385e-03
-3.427139716222882271e-03
-3.429537639021873474e-03
-3.429953474551439285e-03
-3.428112482652068138e-03
-3.424216760322451591e-03
-3.417910775169730186e-03
-3.409862052649259567e-03
-3.399314358830451965e-03
-3.386689117178320885e-03
-3.372251056134700775e-03
-3.355202265083789825e-03
-3.336470574140548706e-03
-3.315653651952743530e-03
-3.292389679700136185e-03
-3.267476567998528481e-03
-3.240192076191306114e-03
-3.211045172065496445e-03
-3.179534571245312691e-03
-3.146568080410361290e-03
-3.111494239419698715e-03
-3.074298845604062080e-03
-3.035267582163214684e-03
-2.994433511048555374e-03
-2.951646922156214714e-03
-2.907015848904848099e-03
-2.860361710190773010e-03
-2.812170656397938728e-03
-2.762255258858203888e-03
-2.710594562813639641e-03
-2.657180884853005409e-03
-2.601881977170705795e-03
-2.545152558013796806e-03
-2.487065270543098450e-03
-2.427217317745089531e-03
-2.366167725995182991e-03
-2.303006127476692200e-03
-2.238944871351122856e-03
-2.173471031710505486e-03
-2.106325235217809677e-03
-2.037842292338609695e-03
-1.968490425497293472e-03
-1.897614565677940845e-03
-1.825625426135957241e-03
-1.752723241224884987e-03
-1.678590895608067513e-03
-1.603158074431121349e-03
-1.527272397652268410e-03
-1.450286712497472763e-03
-1.371997874230146408e-03
-1.293188543058931828e-03
-1.213406678289175034e-03
-1.132935285568237305e-03
-1.051878789439797401e-03
-9.700496448203921318e-04
-8.879083325155079365e-04
-8.045550202950835228e-04
-7.213940843939781189e-04
-6.373904179781675339e-04
-5.532565992325544357e-04
-4.685141611844301224e-04
-3.840343561023473740e-04
-2.988470951095223427e-04
-2.135375689249485731e-04
-1.278899144381284714e-04
-4.242169598001055419e-05
4.309073847252875566e-05
1.286889892071485519e-04
2.142274170182645321e-04
2.994849346578121185e-04
3.845967585220932961e-04
4.695368988905102015e-04
5.538632394745945930e-04
6.382804713211953640e-04
7.219278486445546150e-04
8.053748751990497112e-04
8.883172995410859585e-04
9.709007572382688522e-04
1.052511390298604965e-03
1.133448327891528606e-03
1.214153715409338474e-03
1.293592387810349464e-03
1.372365048155188560e-03
1.450570882298052311e-03
1.527962274849414825e-03
1.603720476850867271e-03
1.679153298027813435e-03
1.753108808770775795e-03
1.826117630116641521e-03
1.897914218716323376e-03
1.968907192349433899e-03
2.038459060713648796e-03
2.106637926772236824e-03
2.173713641241192818e-03
2.239135326817631721e-03
2.303464571014046669e-03
2.366165630519390106e-03
2.427264582365751266e-03
2.487289486452937126e-03
2.545488532632589340e-03
2.602202352136373520e-03
2.657376695424318314e-03
2.710686065256595612e-03
2.762422198429703712e-03
2.812215359881520271e-03
2.860617125406861305e-03
2.907078946009278297e-03
2.951499307528138161e-03
2.994616283103823662e-03
3.035177243873476982e-03
3.074445063248276711e-03
3.111560130491852760e-03
3.146552946418523788e-03
3.179748542606830597e-03
3.211077069863677025e-03
3.240117337554693222e-03
3.267419990152120590e-03
3.292263019829988480e-03
3.315555397421121597e-03
3.336401190608739853e-03
3.355288645252585411e-03
3.372355829924345016e-03
3.386856056749820709e-03
3.399231703951954842e-03
3.409854834899306297e-03
3.417968517169356346e-03
3.424222581088542938e-03
3.428105264902114868e-03
3.429953940212726593e-03
3.429644973948597908e-03
3.427153453230857849e-03
3.422392066568136215e-03
3.415937768295407295e-03
3.406625008210539818e-03
3.395892679691314697e-03
3.382708411663770676e-03
3.367336932569742203e-03
3.350160550326108932e-03
3.330209292471408844e-03
3.308734390884637833e-03
3.285233862698078156e-03
3.259439254179596901e-03
3.231530310586094856e-03
3.201897488906979561e-03
3.170035779476165771e-03
3.136132378131151199e-03
3.100583329796791077e-03
3.062667325139045715e-03
3.023276804015040398e-03
2.981644822284579277e-03
2.938420744612812996e-03
2.893004566431045532e-03
2.846358343958854675e-03
2.797316759824752808e-03
2.746517071500420570e-03
2.694900613278150558e-03
2.640636637806892395e-03
2.585223177447915077e-03
2.527965698391199112e-03
2.469241386279463768e-03
2.409091684967279434e-03
2.347376197576522827e-03
2.283910289406776428e-03
2.219022018834948540e-03
2.153540495783090591e-03
2.085728570818901062e-03
2.017110353335738182e-03
1.947534969076514244e-03
1.876287162303924561e-03
1.803723163902759552e-03
1.730534946545958519e-03
1.656194566749036312e-03
1.580540556460618973e-03
1.503973500803112984e-03
1.426779548637568951e-03
1.348035526461899281e-03
1.269384985789656639e-03
1.189184258691966534e-03
1.108707743696868420e-03
1.027076388709247112e-03
9.457829874008893967e-04
8.628770010545849800e-04
7.797603611834347248e-04
6.962144980207085609e-04
6.122653721831738949e-04
5.279832985252141953e-04
4.432304413057863712e-04
3.580510092433542013e-04
2.729131374508142471e-04
1.877050381153821945e-04
1.023330696625635028e-04
1.681542926235124469e-05
-6.896228296682238579e-05
-1.542926620459184051e-04
-2.396542113274335861e-04
-3.251353919040411711e-04
-4.100599617231637239e-04
-4.949923022650182247e-04
-5.792847950942814350e-04
-6.638580816797912121e-04
-7.468968397006392479e-04
-8.300188346765935421e-04
-9.130235412158071995e-04
-9.954900015145540237e-04
-1.077058957889676094e-03
-1.157889259047806263e-03
-1.238240860402584076e-03
-1.317349146120250225e-03
-1.396036008372902870e-03
-1.474033575505018234e-03
-1.550644868984818459e-03
-1.626686542294919491e-03
-1.701037399470806122e-03
-1.775450655259191990e-03
-1.847889740020036697e-03
-1.919470494613051414e-03
-1.989849610254168510e-03
-2.058909973129630089e-03
-2.127026207745075226e-03
-2.193490741774439812e-03
-2.258649794384837151e-03
-2.322284737601876259e-03
-2.384824678301811218e-03
-2.445546444505453110e-03
-2.505024895071983337e-03
-2.562545239925384521e-03
-2.618934027850627899e-03
-2.673783106729388237e-03
-2.726361854001879692e-03
-2.777671441435813904e-03
-2.826845506206154823e-03
-2.874662168323993683e-03
-2.920354017987847328e-03
-2.964618382975459099e-03
-3.007090417668223381e-03
-3.047284670174121857e-03
-3.085749223828315735e-03
-3.122271271422505379e-03
-3.156798426061868668e-03
-3.189549548551440239e-03
-3.219915786758065224e-03
-3.248698078095912933e-03
-3.275051945820450783e-03
-3.299403237178921700e-03
-3.321902826428413391e-03
-3.342522308230400085e-03
-3.360567148774862289e-03
-3.376841079443693161e-03
-3.390883794054389000e-03
-3.402910893782973289e-03
-3.412340534850955009e-03
-3.419949207454919815e-03
-3.425381844863295555e-03
-3.428983734920620918e-03
-3.430203069001436234e-03
-3.429020056501030922e-03
-3.426156938076019287e-03
-3.420883091166615486e-03
-3.413219237700104713e-03
-3.403688548132777214e-03
-3.392043756321072578e-03
-3.378237597644329071e-03
-3.362340619787573814e-03
-3.344256663694977760e-03
-3.324115881696343422e-03
-3.301821649074554443e-03
-3.277728101238608360e-03
-3.251553745940327644e-03
-3.222770988941192627e-03
-3.192599862813949585e-03
-3.159905783832073212e-03
-3.125631017610430717e-03
-3.089116886258125305e-03
-3.051437670364975929e-03
-3.011009423062205315e-03
-2.968826098367571831e-03
-2.924772445112466812e-03
-2.879434265196323395e-03
-2.831373130902647972e-03
-2.782269148156046867e-03
-2.731149550527334213e-03
-2.678667195141315460e-03
-2.624528016895055771e-03
-2.568128751590847969e-03
-2.510540885850787163e-03
-2.451564185321331024e-03
-2.390629146248102188e-03
-2.328409347683191299e-03
-2.263692440465092659e-03
-2.199259120970964432e-03
-2.133496804162859917e-03
-2.065263455733656883e-03
-1.996426610276103020e-03
-1.926526194438338280e-03
-1.854667207226157188e-03
-1.782082370482385159e-03
-1.708035822957754135e-03
-1.633216859772801399e-03
-1.557814888656139374e-03
-1.481198472902178764e-03
-1.402600319124758244e-03
-1.324438722804188728e-03
-1.245686667971313000e-03
-1.165230991318821907e-03
-1.084432005882263184e-03
-1.002368866465985775e-03
-9.210416465066373348e-04
-8.386271656490862370e-04
-7.541867671534419060e-04
-6.711271125823259354e-04
-5.865460261702537537e-04
-5.026722792536020279e-04
-4.176723305135965347e-04
-3.335149667691439390e-04
-2.468270540703088045e-04
-1.620168623048812151e-04
-7.578142685815691948e-05
8.924775102059356868e-06
9.482212044531479478e-05
1.798195880837738514e-04
2.654906420502811670e-04
3.502565959934145212e-04
4.357428988441824913e-04
5.199106526561081409e-04
6.049443036317825317e-04
6.890182266943156719e-04
7.722363807260990143e-04
8.557822438888251781e-04
9.379521943628787994e-04
1.019880175590515137e-03
1.100746914744377136e-03
1.181930769234895706e-03
1.261749304831027985e-03
1.340958988294005394e-03
1.419539214111864567e-03
1.496668206527829170e-03
1.573820249177515507e-03
1.649188343435525894e-03
1.723799272440373898e-03
1.797481556423008442e-03
1.869613770395517349e-03
1.940653542988002300e-03
2.010858384892344475e-03
2.079458441585302353e-03
2.146906219422817230e-03
2.212900202721357346e-03
2.278074622154235840e-03
2.341392217203974724e-03
2.403081394731998444e-03
2.463361248373985291e-03
2.522439463064074516e-03
2.579907421022653580e-03
2.635437995195388794e-03
2.689793007448315620e-03
2.741903765127062798e-03
2.792729297652840614e-03
2.841640962287783623e-03
2.888737013563513756e-03
2.934103831648826599e-03
2.977772615849971771e-03
3.019155003130435944e-03
3.059000708162784576e-03
3.096942557021975517e-03
3.132928628474473953e-03
3.166509559378027916e-03
3.198932856321334839e-03
3.228831104934215546e-03
3.256692783907055855e-03
3.282505553215742111e-03
3.306641010567545891e-03
3.328389255329966545e-03
3.348163329064846039e-03
3.365742741152644157e-03
3.381168935447931290e-03
3.394493833184242249e-03
3.405814059078693390e-03
3.414806444197893143e-03
3.422181354835629463e-03
3.426846582442522049e-03
3.429525298997759819e-03
3.430086653679609299e-03
3.428354859352111816e-03
3.424761118367314339e-03
3.418696811422705650e-03
3.410575212910771370e-03
3.400524379685521126e-03
3.388190409168601036e-03
3.373806830495595932e-03
3.356960834935307503e-03
3.338336013257503510e-03
3.318026196211576462e-03
3.294936148449778557e-03
3.269474487751722336e-03
3.243196289986371994e-03
3.213680582121014595e-03
3.182830521836876869e-03
3.150256117805838585e-03
3.114732913672924042e-03
3.077685600146651268e-03
3.039439441636204720e-03
2.998608164489269257e-03
2.956047654151916504e-03
2.911473857238888741e-03
2.865290502086281776e-03
2.817273605614900589e-03
2.766715828329324722e-03
2.715440001338720322e-03
2.662489423528313637e-03
2.607268514111638069e-03
2.550876932218670845e-03
2.492958679795265198e-03
2.433215035125613213e-03
2.372079528868198395e-03
2.309500705450773239e-03
2.245233859866857529e-03
2.179957926273345947e-03
2.113022375851869583e-03
2.044885419309139252e-03
1.975367078557610512e-03
1.904964679852128029e-03
1.832832465879619122e-03
1.759428414516150951e-03
1.686159521341323853e-03
1.610744977369904518e-03
1.534911338239908218e-03
1.457467908039689064e-03
1.379522262141108513e-03
1.301053795032203197e-03
1.220964943058788776e-03
1.141416956670582294e-03
1.060178270563483238e-03
9.777302620932459831e-04
8.961793500930070877e-04
8.130496717058122158e-04
7.294309907592833042e-04
6.459318683482706547e-04
5.610256339423358440e-04
4.772715328726917505e-04
3.922819450963288546e-04
3.078072913922369480e-04
2.210491657024249434e-04
1.362051407340914011e-04
5.026618964620865881e-05
