0.000000000000000000e+00 0.000000000000000000e+00 3.333333507180213928e-02 0.000000000000000000e+00 0.000000000000000000e+00
2.499537169933319092e-02 -3.811277216300368309e-03 3.333333507180213928e-02 -2.693092683330178261e-03 7.495833635330200195e-01
4.980028420686721802e-02 -1.645420910790562630e-03 3.319868072867393494e-02 -2.603367902338504791e-03 1.499173045158386230e+00
7.461249828338623047e-02 4.214232321828603745e-04 3.306851163506507874e-02 -1.865080557763576508e-03 2.248762607574462891e+00
9.943041950464248657e-02 1.314501510933041573e-03 3.297525644302368164e-02 -1.225125044584274292e-03 2.998351812362670898e+00
1.242230683565139771e-01 1.194313634186983109e-03 3.291400149464607239e-02 -9.629455162212252617e-04 3.747941970825195312e+00
1.489637941122055054e-01 5.032404442317783833e-04 3.286585584282875061e-02 -1.125454436987638474e-03 4.497533798217773438e+00
1.736339032649993896e-01 -3.415453247725963593e-04 3.280958160758018494e-02 -1.635153079405426979e-03 5.247128009796142578e+00
1.982196122407913208e-01 -1.045658951625227928e-03 3.272782266139984131e-02 -2.358720637857913971e-03 5.996725082397460938e+00
2.227088361978530884e-01 -1.466567744500935078e-03 3.260988742113113403e-02 -3.164051566272974014e-03 6.746325016021728516e+00
2.470886260271072388e-01 -1.581224147230386734e-03 3.245168551802635193e-02 -3.947407938539981842e-03 7.495928764343261719e+00
2.713440954685211182e-01 -1.446128590032458305e-03 3.225431591272354126e-02 -4.646468441933393478e-03 8.245536804199218750e+00
2.954583764076232910e-01 -1.155662816017866135e-03 3.202199190855026245e-02 -5.239926278591156006e-03 8.995148658752441406e+00
3.194130063056945801e-01 -8.046737639233469963e-04 3.175999596714973450e-02 -5.736361257731914520e-03 9.744766235351562500e+00
3.431887924671173096e-01 -4.636528610717505217e-04 3.147317841649055481e-02 -6.158931646496057510e-03 1.049438953399658203e+01
3.667666018009185791e-01 -1.763826876413077116e-04 3.116523101925849915e-02 -6.536717060953378677e-03 1.124401855468750000e+01
3.901279270648956299e-01 4.103829269297420979e-05 3.083839453756809235e-02 -6.895654834806919098e-03 1.199365425109863281e+01
4.132550954818725586e-01 1.940341026056557894e-04 3.049361146986484528e-02 -7.253573741763830185e-03 1.274329757690429688e+01
4.361314475536346436e-01 3.004161117132753134e-04 3.013093210756778717e-02 -7.619004230946302414e-03 1.349294853210449219e+01
4.587412476539611816e-01 3.786710440181195736e-04 2.974998205900192261e-02 -7.994735613465309143e-03 1.424260807037353516e+01
4.810693562030792236e-01 4.476272733882069588e-04 2.935024537146091461e-02 -8.377430029213428497e-03 1.499227523803710938e+01
5.031012296676635742e-01 5.191651289351284504e-04 2.893137373030185699e-02 -8.762234821915626526e-03 1.574195194244384766e+01
5.248226523399353027e-01 6.005425821058452129e-04 2.849326282739639282e-02 -9.143319912254810333e-03 1.649163818359375000e+01
5.462197065353393555e-01 6.924276240170001984e-04 2.803609706461429596e-02 -9.516717866063117981e-03 1.724133300781250000e+01
5.672786235809326172e-01 7.917938055470585823e-04 2.756026200950145721e-02 -9.880578145384788513e-03 1.799103736877441406e+01
5.879857540130615234e-01 8.973350049927830696e-04 2.706623263657093048e-02 -1.023269910365343094e-02 1.874075126647949219e+01
6.083278059959411621e-01 1.003438024781644344e-03 2.655459754168987274e-02 -1.057420019060373306e-02 1.949047470092773438e+01
6.282915472984313965e-01 1.108295982703566551e-03 2.602588757872581482e-02 -1.090543437749147415e-02 2.024020957946777344e+01
6.478641629219055176e-01 1.209951005876064301e-03 2.548061497509479523e-02 -1.122748106718063354e-02 2.098995399475097656e+01
6.670330166816711426e-01 1.307992497459053993e-03 2.491924166679382324e-02 -1.154104527086019516e-02 2.173970985412597656e+01
6.857858896255493164e-01 1.401763991452753544e-03 2.434218861162662506e-02 -1.184718869626522064e-02 2.248947525024414062e+01
7.041108012199401855e-01 1.491491333581507206e-03 2.374982833862304688e-02 -1.214664150029420853e-02 2.323925209045410156e+01
7.219960689544677734e-01 1.579689094796776772e-03 2.314249612390995026e-02 -1.243848912417888641e-02 2.398903846740722656e+01
7.394303679466247559e-01 1.666781143285334110e-03 2.252057194709777832e-02 -1.272240746766328812e-02 2.473883628845214844e+01
7.564026713371276855e-01 1.752017298713326454e-03 2.188445068895816803e-02 -1.299873832613229752e-02 2.548864364624023438e+01
7.729022502899169922e-01 1.836780342273414135e-03 2.123451419174671173e-02 -1.326658856123685837e-02 2.623846244812011719e+01
7.889187335968017578e-01 1.920184353366494179e-03 2.057118527591228485e-02 -1.352614909410476685e-02 2.698829078674316406e+01
8.044420480728149414e-01 2.003118162974715233e-03 1.989487744867801666e-02 -1.377666369080543518e-02 2.773813056945800781e+01
8.194623589515686035e-01 2.084544859826564789e-03 1.920604333281517029e-02 -1.401838846504688263e-02 2.848797988891601562e+01
8.339701890945434570e-01 2.164194593206048012e-03 1.850512437522411346e-02 -1.425139978528022766e-02 2.923783874511718750e+01
8.479564189910888672e-01 2.242336282506585121e-03 1.779255457222461700e-02 -1.447548624128103256e-02 2.998770904541015625e+01
8.614122271537780762e-01 2.319493796676397324e-03 1.706878095865249634e-02 -1.469015236943960190e-02 3.073758888244628906e+01
8.743291497230529785e-01 2.395515097305178642e-03 1.633427292108535767e-02 -1.489517465233802795e-02 3.148747825622558594e+01
8.866990804672241211e-01 2.469107508659362793e-03 1.558951381593942642e-02 -1.509116776287555695e-02 3.223737716674804688e+01
8.985142111778259277e-01 2.541870577260851860e-03 1.483495533466339111e-02 -1.527717523276805878e-02 3.298728561401367188e+01
9.097670912742614746e-01 2.611897885799407959e-03 1.407109666615724564e-02 -1.545412093400955200e-02 3.373720169067382812e+01
9.204506278038024902e-01 2.681270241737365723e-03 1.329839043319225311e-02 -1.562080532312393188e-02 3.448712539672851562e+01
9.305582046508789062e-01 2.747526858001947403e-03 1.251734979450702667e-02 -1.577846705913543701e-02 3.523705673217773438e+01
9.400833249092102051e-01 2.813459374010562897e-03 1.172842644155025482e-02 -1.592553220689296722e-02 3.598699569702148438e+01
9.490200877189636230e-01 2.877330174669623375e-03 1.093214936554431915e-02 -1.606259681284427643e-02 3.673694229125976562e+01
9.573628902435302734e-01 2.938537392765283585e-03 1.012901961803436279e-02 -1.619007065892219543e-02 3.748689651489257812e+01
9.651064276695251465e-01 2.998694777488708496e-03 9.319515898823738098e-03 -1.630702055990695953e-02 3.823685836791992188e+01
9.722458720207214355e-01 3.056620713323354721e-03 8.504165336489677429e-03 -1.641389541327953339e-02 3.898682403564453125e+01
9.787767529487609863e-01 3.112845122814178467e-03 7.683470379561185837e-03 -1.651035621762275696e-02 3.973679733276367188e+01
9.846949577331542969e-01 3.167072776705026627e-03 6.857952568680047989e-03 -1.659644581377506256e-02 4.048677444458007812e+01
9.899967312812805176e-01 3.219244768843054771e-03 6.028130184859037399e-03 -1.667213812470436096e-02 4.123675537109375000e+01
9.946787357330322266e-01 3.268720349296927452e-03 5.194523371756076813e-03 -1.673784479498863220e-02 4.198674011230468750e+01
9.987380504608154297e-01 3.317848080769181252e-03 4.357631318271160126e-03 -1.679209433495998383e-02 4.273672866821289062e+01
1.002172112464904785e+00 3.363348776474595070e-03 3.518026554957032204e-03 -1.683652214705944061e-02 4.348672103881835938e+01
1.004978775978088379e+00 3.407223848626017570e-03 2.676200354471802711e-03 -1.687022298574447632e-02 4.423671722412109375e+01
1.007156252861022949e+00 3.449253970757126808e-03 1.832689158618450165e-03 -1.689314283430576324e-02 4.498671340942382812e+01
1.008703231811523438e+00 3.488661488518118858e-03 9.880319703370332718e-04 -1.690568774938583374e-02 4.573671340942382812e+01
1.009618639945983887e+00 3.526069456711411476e-03 1.427475945092737675e-04 -1.690755784511566162e-02 4.648671340942382812e+01
1.009902000427246094e+00 3.561045508831739426e-03 -7.026303210295736790e-04 -1.689897291362285614e-02 4.723671340942382812e+01
1.009553074836730957e+00 3.594532841816544533e-03 -1.547578955069184303e-03 -1.687934063374996185e-02 4.798671340942382812e+01
1.008572101593017578e+00 3.624725621193647385e-03 -2.391546033322811127e-03 -1.684965938329696655e-02 4.873671340942382812e+01
1.006959676742553711e+00 3.653449006378650665e-03 -3.234029049053788185e-03 -1.680902205407619476e-02 4.948671340942382812e+01
1.004716873168945312e+00 3.679935820400714874e-03 -4.074480384588241577e-03 -1.675769314169883728e-02 5.023670959472656250e+01
1.001845002174377441e+00 3.703132504597306252e-03 -4.912365227937698364e-03 -1.669640839099884033e-02 5.098670578002929688e+01
9.983459115028381348e-01 3.725254675373435020e-03 -5.747185554355382919e-03 -1.662399433553218842e-02 5.173669815063476562e+01
9.942218065261840820e-01 3.744097193703055382e-03 -6.578385364264249802e-03 -1.654158532619476318e-02 5.248668670654296875e+01
9.894752502441406250e-01 3.760302206501364708e-03 -7.405464537441730499e-03 -1.644911244511604309e-02 5.323667144775390625e+01
9.841092228889465332e-01 3.775268094614148140e-03 -8.227920159697532654e-03 -1.634575612843036652e-02 5.398665237426757812e+01
9.781271219253540039e-01 3.786925226449966431e-03 -9.045207872986793518e-03 -1.623262837529182434e-02 5.473662948608398438e+01
9.715326428413391113e-01 3.796919481828808784e-03 -9.856839664280414581e-03 -1.610897481441497803e-02 5.548659896850585938e+01
9.643299579620361328e-01 3.804222447797656059e-03 -1.066228840500116348e-02 -1.597533561289310455e-02 5.623656463623046875e+01
9.565235972404479980e-01 3.810063004493713379e-03 -1.146105490624904633e-02 -1.583103649318218231e-02 5.698652267456054688e+01
9.481185078620910645e-01 3.812047187238931656e-03 -1.225260645151138306e-02 -1.567750610411167145e-02 5.773647689819335938e+01
9.391198754310607910e-01 3.811634378507733345e-03 -1.303648203611373901e-02 -1.551433932036161423e-02 5.848642349243164062e+01
9.295333623886108398e-01 3.809461137279868126e-03 -1.381219923496246338e-02 -1.534120738506317139e-02 5.923636245727539062e+01
9.193649888038635254e-01 3.804844105616211891e-03 -1.457925979048013687e-02 -1.515847630798816681e-02 5.998629379272460938e+01
9.086211323738098145e-01 3.797526238486170769e-03 -1.533718407154083252e-02 -1.496646460145711899e-02 6.073621749877929688e+01
8.973085284233093262e-01 3.788014175370335579e-03 -1.608550734817981720e-02 -1.476505957543849945e-02 6.148613357543945312e+01
8.854342699050903320e-01 3.776211757212877274e-03 -1.682376116514205933e-02 -1.455439534038305283e-02 6.223603820800781250e+01
8.730058073997497559e-01 3.762678476050496101e-03 -1.755148172378540039e-02 -1.433418598026037216e-02 6.298593521118164062e+01
8.600309491157531738e-01 3.746126312762498856e-03 -1.826819032430648804e-02 -1.410524640232324600e-02 6.373582458496093750e+01
8.465178608894348145e-01 3.726896364241838455e-03 -1.897345297038555145e-02 -1.386772189289331436e-02 6.448570251464843750e+01
8.324749469757080078e-01 3.705346956849098206e-03 -1.966683939099311829e-02 -1.362164318561553955e-02 6.523557281494140625e+01
8.179110288619995117e-01 3.681739792227745056e-03 -2.034792117774486542e-02 -1.336699351668357849e-02 6.598542785644531250e+01
8.028351664543151855e-01 3.656602231785655022e-03 -2.101626992225646973e-02 -1.310348045080900192e-02 6.673527526855468750e+01
7.872568964958190918e-01 3.628719132393598557e-03 -2.167144417762756348e-02 -1.283184997737407684e-02 6.748511505126953125e+01
7.711859941482543945e-01 3.597658360376954079e-03 -2.231303602457046509e-02 -1.255274377763271332e-02 6.823493957519531250e+01
7.546324729919433594e-01 3.564786398783326149e-03 -2.294067293405532837e-02 -1.226572599261999130e-02 6.898475646972656250e+01
7.376066446304321289e-01 3.528974484652280807e-03 -2.355396002531051636e-02 -1.197163667529821396e-02 6.973456573486328125e+01
7.201192378997802734e-01 3.492794465273618698e-03 -2.415254153311252594e-02 -1.166913378983736038e-02 7.048435974121093750e+01
7.021811604499816895e-01 3.453308716416358948e-03 -2.473599836230278015e-02 -1.135982852429151535e-02 7.123414611816406250e+01
6.838036775588989258e-01 3.411370096728205681e-03 -2.530398964881896973e-02 -1.104373391717672348e-02 7.198391723632812500e+01
6.649982333183288574e-01 3.368254285305738449e-03 -2.585617639124393463e-02 -1.072028186172246933e-02 7.273368072509765625e+01
6.457766294479370117e-01 3.323353361338376999e-03 -2.639218978583812714e-02 -1.038977783173322678e-02 7.348343658447265625e+01
6.261509060859680176e-01 3.275138325989246368e-03 -2.691167779266834259e-02 -1.005339901894330978e-02 7.423317718505859375e+01
6.061332821846008301e-01 3.225424326956272125e-03 -2.741434797644615173e-02 -9.710543788969516754e-03 7.498291015625000000e+01
5.857363343238830566e-01 3.173674922436475754e-03 -2.789987437427043915e-02 -9.361634962260723114e-03 7.573263549804687500e+01
5.649727582931518555e-01 3.119272179901599884e-03 -2.836795523762702942e-02 -9.007355198264122009e-03 7.648234558105468750e+01
5.438555479049682617e-01 3.063243813812732697e-03 -2.881832234561443329e-02 -8.647480048239231110e-03 7.723204803466796875e+01
5.223978757858276367e-01 3.006252925843000412e-03 -2.925069630146026611e-02 -8.281685411930084229e-03 7.798174285888671875e+01
5.006132125854492188e-01 2.945990068838000298e-03 -2.966478094458580017e-02 -7.911507971584796906e-03 7.873143005371093750e+01
4.785151183605194092e-01 2.884022425860166550e-03 -3.006035648286342621e-02 -7.536611054092645645e-03 7.948110198974609375e+01
4.561173915863037109e-01 2.821651054546236992e-03 -3.043718636035919189e-02 -7.156309206038713455e-03 8.023076629638671875e+01
4.334340393543243408e-01 2.756888046860694885e-03 -3.079500235617160797e-02 -6.771762855350971222e-03 8.098042297363281250e+01
4.104792177677154541e-01 2.690664958208799362e-03 -3.113359026610851288e-02 -6.382805760949850082e-03 8.173007202148437500e+01
3.872672617435455322e-01 2.622593427076935768e-03 -3.145273029804229736e-02 -5.989885423332452774e-03 8.247971343994140625e+01
3.638126552104949951e-01 2.552440622821450233e-03 -3.175222501158714294e-02 -5.593498703092336655e-03 8.322934722900390625e+01
3.401300311088562012e-01 2.480956027284264565e-03 -3.203190118074417114e-02 -5.193559918552637100e-03 8.397897338867187500e+01
3.162342011928558350e-01 2.407176652923226357e-03 -3.229157999157905579e-02 -4.790939390659332275e-03 8.472859191894531250e+01
2.921400070190429688e-01 2.333760960027575493e-03 -3.253112733364105225e-02 -4.384328145533800125e-03 8.547820281982421875e+01
2.678625881671905518e-01 2.257281448692083359e-03 -3.275034204125404358e-02 -3.975749947130680084e-03 8.622780609130859375e+01
2.434170246124267578e-01 2.180111827328801155e-03 -3.294913098216056824e-02 -3.564398968592286110e-03 8.697740936279296875e+01
2.188185900449752808e-01 2.101025544106960297e-03 -3.312735259532928467e-02 -3.151175798848271370e-03 8.772700500488281250e+01
1.940826177597045898e-01 2.021309453994035721e-03 -3.328491002321243286e-02 -2.735671354457736015e-03 8.847660064697265625e+01
1.692245602607727051e-01 1.938895089551806450e-03 -3.342169523239135742e-02 -2.319395542144775391e-03 8.922618865966796875e+01
1.442598402500152588e-01 1.856424612924456596e-03 -3.353766351938247681e-02 -1.901315408758819103e-03 8.997577667236328125e+01
1.192040741443634033e-01 1.773051102645695210e-03 -3.363272920250892639e-02 -1.481922110542654991e-03 9.072535705566406250e+01
9.407288581132888794e-02 1.689238124527037144e-03 -3.370682522654533386e-02 -1.061093760654330254e-03 9.147493743896484375e+01
6.888196617364883423e-02 1.603660755790770054e-03 -3.375988081097602844e-02 -6.398115656338632107e-04 9.222451782226562500e+01
4.364699870347976685e-02 1.516853342764079571e-03 -3.379186987876892090e-02 -2.182464813813567162e-04 9.297409057617187500e+01
1.838371902704238892e-02 1.429372467100620270e-03 -3.380278125405311584e-02 2.036099613178521395e-04 9.372366333007812500e+01
-6.892111152410507202e-03 1.341116731055080891e-03 -3.379260003566741943e-02 6.254849722608923912e-04 9.447323608398437500e+01
-3.216472268104553223e-02 1.251563080586493015e-03 -3.376132622361183167e-02 1.046755234710872173e-03 9.522280883789062500e+01
-5.741836503148078918e-02 1.161220367066562176e-03 -3.370898962020874023e-02 1.467311638407409191e-03 9.597238159179687500e+01
-8.263728767633438110e-02 1.070390106178820133e-03 -3.363562375307083130e-02 1.887057791464030743e-03 9.672195434570312500e+01
-1.078057587146759033e-01 9.780202526599168777e-04 -3.354126960039138794e-02 2.305033849552273750e-03 9.747153472900390625e+01
-1.329081207513809204e-01 8.862047106958925724e-04 -3.342601656913757324e-02 2.722089877352118492e-03 9.822111511230468750e+01
-1.579286754131317139e-01 7.930870051495730877e-04 -3.328991308808326721e-02 3.137032501399517059e-03 9.897069549560546875e+01
-1.828518658876419067e-01 7.000441546551883221e-04 -3.313305974006652832e-02 3.550259396433830261e-03 9.972028350830078125e+01
-2.076621353626251221e-01 6.067332578822970390e-04 -3.295554593205451965e-02 3.961433656513690948e-03 1.004698715209960938e+02
-2.323440015316009521e-01 5.136062391102313995e-04 -3.275747597217559814e-02 4.370643757283687592e-03 1.012194671630859375e+02
-2.568820416927337646e-01 4.190721665509045124e-04 -3.253894299268722534e-02 4.776689223945140839e-03 1.019690628051757812e+02
-2.812609970569610596e-01 3.238764766138046980e-04 -3.230010718107223511e-02 5.179414525628089905e-03 1.027186660766601562e+02
-3.054656684398651123e-01 2.298680192325264215e-04 -3.204113617539405823e-02 5.579676944762468338e-03 1.034682769775390625e+02
-3.294809162616729736e-01 1.345266646239906549e-04 -3.176215291023254395e-02 5.975915119051933289e-03 1.042178955078125000e+02
-3.532918095588684082e-01 3.917599678970873356e-05 -3.146335855126380920e-02 6.368345580995082855e-03 1.049675140380859375e+02
-3.768834769725799561e-01 -5.525229062186554074e-05 -3.114494122564792633e-02 6.757359951734542847e-03 1.057171401977539062e+02
-4.002411663532257080e-01 -1.491947914473712444e-04 -3.080707415938377380e-02 7.142714690417051315e-03 1.064667739868164062e+02
-4.233502745628356934e-01 -2.451489563100039959e-04 -3.044993802905082703e-02 7.522550411522388458e-03 1.072164154052734375e+02
-4.461964368820190430e-01 -3.395001403987407684e-04 -3.007381036877632141e-02 7.898376323282718658e-03 1.079660644531250000e+02
-4.687653481960296631e-01 -4.345013876445591450e-04 -2.967889234423637390e-02 8.268848061561584473e-03 1.087157211303710938e+02
-4.910429716110229492e-01 -5.290231783874332905e-04 -2.926545031368732452e-02 8.634178899228572845e-03 1.094653930664062500e+02
-5.130153894424438477e-01 -6.233169697225093842e-04 -2.883374132215976715e-02 8.993989787995815277e-03 1.102150726318359375e+02
-5.346688628196716309e-01 -7.160774548538029194e-04 -2.838404104113578796e-02 9.348895400762557983e-03 1.109647598266601562e+02
-5.559898018836975098e-01 -8.088118629530072212e-04 -2.791659533977508545e-02 9.697993285953998566e-03 1.117144546508789062e+02
-5.769649744033813477e-01 -9.016073308885097504e-04 -2.743169479072093964e-02 1.004082709550857544e-02 1.124641647338867188e+02
-5.975812077522277832e-01 -9.934126865118741989e-04 -2.692965418100357056e-02 1.037768367677927017e-02 1.132138824462890625e+02
-6.178256869316101074e-01 -1.085410942323505878e-03 -2.641076967120170593e-02 1.070763543248176575e-02 1.139636077880859375e+02
-6.376857161521911621e-01 -1.176032354123890400e-03 -2.587538771331310272e-02 1.103125046938657761e-02 1.147133483886718750e+02
-6.571488976478576660e-01 -1.266296138055622578e-03 -2.532382495701313019e-02 1.134781911969184875e-02 1.154630966186523438e+02
-6.762030124664306641e-01 -1.356252934783697128e-03 -2.475643344223499298e-02 1.165693439543247223e-02 1.162128524780273438e+02
-6.948362588882446289e-01 -1.444104942493140697e-03 -2.417358756065368652e-02 1.195944845676422119e-02 1.169626235961914062e+02
-7.130368947982788086e-01 -1.531566609628498554e-03 -2.357561513781547546e-02 1.225438248366117477e-02 1.177124023437500000e+02
-7.307935357093811035e-01 -1.617995556443929672e-03 -2.296289615333080292e-02 1.254179328680038452e-02 1.184621887207031250e+02
-7.480950951576232910e-01 -1.703203422948718071e-03 -2.233580686151981354e-02 1.282162871211767197e-02 1.192119903564453125e+02
-7.649307250976562500e-01 -1.788002206012606621e-03 -2.169472537934780121e-02 1.309319026768207550e-02 1.199617996215820312e+02
-7.812898755073547363e-01 -1.871541142463684082e-03 -2.104006521403789520e-02 1.335664000362157822e-02 1.207116241455078125e+02
-7.971622943878173828e-01 -1.954507781192660332e-03 -2.037223242223262787e-02 1.361133996397256851e-02 1.214614562988281250e+02
-8.125381469726562500e-01 -2.035263227298855782e-03 -1.969166472554206848e-02 1.385802868753671646e-02 1.222112960815429688e+02
-8.274076581001281738e-01 -2.114942064508795738e-03 -1.899876259267330170e-02 1.409607660025358200e-02 1.229611511230468750e+02
-8.417615890502929688e-01 -2.194083528593182564e-03 -1.829395815730094910e-02 1.432485226541757584e-02 1.237110137939453125e+02
-8.555909991264343262e-01 -2.270420780405402184e-03 -1.757771521806716919e-02 1.454549096524715424e-02 1.244608840942382812e+02
-8.688871264457702637e-01 -2.347048604860901833e-03 -1.685043983161449432e-02 1.475616358220577240e-02 1.252107696533203125e+02
-8.816416859626770020e-01 -2.420860109850764275e-03 -1.611263118684291840e-02 1.495827548205852509e-02 1.259606628417968750e+02
-8.938466906547546387e-01 -2.493483247235417366e-03 -1.536471769213676453e-02 1.515100616961717606e-02 1.267105636596679688e+02
-9.054944515228271484e-01 -2.565242117270827293e-03 -1.460716780275106430e-02 1.533386763185262680e-02 1.274604721069335938e+02
-9.165776968002319336e-01 -2.635041484609246254e-03 -1.384047418832778931e-02 1.550723146647214890e-02 1.282103881835937500e+02
-9.270894527435302734e-01 -2.702686004340648651e-03 -1.306511275470256805e-02 1.567121781408786774e-02 1.289603118896484375e+02
-9.370231032371520996e-01 -2.769379178062081337e-03 -1.228155195713043213e-02 1.582503318786621094e-02 1.297102508544921875e+02
-9.463725090026855469e-01 -2.833681413903832436e-03 -1.149030029773712158e-02 1.596930250525474548e-02 1.304601898193359375e+02
-9.551317095756530762e-01 -2.897279569879174232e-03 -1.069183554500341415e-02 1.610295474529266357e-02 1.312101440429687500e+02
-9.632952809333801270e-01 -2.957779681310057640e-03 -9.886687621474266052e-03 1.622717268764972687e-02 1.319600982666015625e+02
-9.708580374717712402e-01 -3.017193637788295746e-03 -9.075328707695007324e-03 1.634090021252632141e-02 1.327100524902343750e+02
-9.778152704238891602e-01 -3.074566135182976723e-03 -8.258284069597721100e-03 1.644444093108177185e-02 1.334600219726562500e+02
-9.841626286506652832e-01 -3.129129065200686455e-03 -7.436062209308147430e-03 1.653829775750637054e-02 1.342099914550781250e+02
-9.898960590362548828e-01 -3.182960208505392075e-03 -6.609147414565086365e-03 1.662125438451766968e-02 1.349599761962890625e+02
-9.950120449066162109e-01 -3.235167823731899261e-03 -5.778084509074687958e-03 1.669342257082462311e-02 1.357099609375000000e+02
-9.995073676109313965e-01 -3.284210572019219398e-03 -4.943413194268941879e-03 1.675567589700222015e-02 1.364599456787109375e+02
-1.003379106521606445e+00 -3.331979271024465561e-03 -4.105629399418830872e-03 1.680702902376651764e-02 1.372099304199218750e+02
-1.006624937057495117e+00 -3.377029905095696449e-03 -3.265277948230504990e-03 1.684816554188728333e-02 1.379599304199218750e+02
-1.009242773056030273e+00 -3.420463763177394867e-03 -2.422869671136140823e-03 1.687848940491676331e-02 1.387099304199218750e+02
-1.011230945587158203e+00 -3.461543237790465355e-03 -1.578945200890302658e-03 1.689830049872398376e-02 1.394599304199218750e+02
-1.012588262557983398e+00 -3.500396618619561195e-03 -7.340301526710391045e-04 1.690755411982536316e-02 1.402099304199218750e+02
-1.013313770294189453e+00 -3.537139855325222015e-03 1.113475882448256016e-04 1.690616458654403687e-02 1.409599304199218750e+02
-1.013407111167907715e+00 -3.572044428437948227e-03 9.566558292135596275e-04 1.689389348030090332e-02 1.417099304199218750e+02
-1.012868165969848633e+00 -3.603414399549365044e-03 1.801350503228604794e-03 1.687178760766983032e-02 1.424599304199218750e+02
-1.011697292327880859e+00 -3.634371561929583549e-03 2.644939813762903214e-03 1.683812029659748077e-02 1.432099304199218750e+02
-1.009895324707031250e+00 -3.661378519609570503e-03 3.486845875158905983e-03 1.679472066462039948e-02 1.439599304199218750e+02
-1.007463216781616211e+00 -3.686604788526892662e-03 4.326581954956054688e-03 1.674068160355091095e-02 1.447099304199218750e+02
-1.004402637481689453e+00 -3.709943033754825592e-03 5.163616035133600235e-03 1.667592115700244904e-02 1.454599304199218750e+02
-1.000715494155883789e+00 -3.730157157406210899e-03 5.997411906719207764e-03 1.660118997097015381e-02 1.462099151611328125e+02
-9.964039921760559082e-01 -3.749864641577005386e-03 6.827471312135457993e-03 1.651497185230255127e-02 1.469598999023437500e+02
-9.914709329605102539e-01 -3.765923669561743736e-03 7.653220091015100479e-03 1.641885377466678619e-02 1.477098846435546875e+02
-9.859193563461303711e-01 -3.779013641178607941e-03 8.474162779748439789e-03 1.631286926567554474e-02 1.484598693847656250e+02
-9.797527790069580078e-01 -3.790352027863264084e-03 9.289806708693504333e-03 1.619644649326801300e-02 1.492098388671875000e+02
-9.729750156402587891e-01 -3.799745813012123108e-03 1.009962894022464752e-02 1.606957428157329559e-02 1.499598083496093750e+02
-9.655904173851013184e-01 -3.805927466601133347e-03 1.090310793370008469e-02 1.593305915594100952e-02 1.507097778320312500e+02
-9.576035141944885254e-01 -3.810171969234943390e-03 1.169976126402616501e-02 1.578638702630996704e-02 1.514597320556640625e+02
-9.490193724632263184e-01 -3.812339389696717262e-03 1.248908042907714844e-02 1.562958583235740662e-02 1.522096862792968750e+02
-9.398434162139892578e-01 -3.811204573139548302e-03 1.327055972069501877e-02 1.546350121498107910e-02 1.529596252441406250e+02
-9.300813078880310059e-01 -3.808729583397507668e-03 1.404373440891504288e-02 1.528718881309032440e-02 1.537095642089843750e+02
-9.197392463684082031e-01 -3.802821971476078033e-03 1.480809412896633148e-02 1.510185468941926956e-02 1.544594879150390625e+02
-9.088237285614013672e-01 -3.795305034145712852e-03 1.556318718940019608e-02 1.490671187639236450e-02 1.552094116210937500e+02
-8.973415493965148926e-01 -3.784825094044208527e-03 1.630852371454238892e-02 1.470256503671407700e-02 1.559593200683593750e+02
-8.852999210357666016e-01 -3.772884141653776169e-03 1.704365201294422150e-02 1.448870077729225159e-02 1.567092285156250000e+02
-8.727064132690429688e-01 -3.757069585844874382e-03 1.776808686554431915e-02 1.426662970334291458e-02 1.574591217041015625e+02
-8.595688939094543457e-01 -3.740387735888361931e-03 1.848141849040985107e-02 1.403492875397205353e-02 1.582089996337890625e+02
-8.458955883979797363e-01 -3.721792483702301979e-03 1.918316446244716644e-02 1.379395276308059692e-02 1.589588775634765625e+02
-8.316951394081115723e-01 -3.698145039379596710e-03 1.987286284565925598e-02 1.354590617120265961e-02 1.597087402343750000e+02
-8.169763684272766113e-01 -3.674441017210483551e-03 2.055015787482261658e-02 1.328842714428901672e-02 1.604586029052734375e+02
-8.017485141754150391e-01 -3.647656179964542389e-03 2.121457830071449280e-02 1.302301418036222458e-02 1.612084503173828125e+02
-7.860211133956909180e-01 -3.619048977270722389e-03 2.186572924256324768e-02 1.274924166500568390e-02 1.619582824707031250e+02
-7.698040604591369629e-01 -3.587971208617091179e-03 2.250319160521030426e-02 1.246758550405502319e-02 1.627081146240234375e+02
-7.531074285507202148e-01 -3.554234979674220085e-03 2.312657050788402557e-02 1.217844150960445404e-02 1.634579315185546875e+02
-7.359417080879211426e-01 -3.518414916470646858e-03 2.373549342155456543e-02 1.188175752758979797e-02 1.642077331542968750e+02
-7.183176279067993164e-01 -3.481356427073478699e-03 2.432958036661148071e-02 1.157709583640098572e-02 1.649575195312500000e+02
-7.002462744712829590e-01 -3.442306537181138992e-03 2.490843459963798523e-02 1.126484386622905731e-02 1.657073059082031250e+02
-6.817389726638793945e-01 -3.398643806576728821e-03 2.547167614102363586e-02 1.094697974622249603e-02 1.664570770263671875e+02
-6.628071665763854980e-01 -3.355251625180244446e-03 2.601902559399604797e-02 1.062117982655763626e-02 1.672068328857421875e+02
-6.434627771377563477e-01 -3.308985847979784012e-03 2.655008435249328613e-02 1.028902549296617508e-02 1.679565887451171875e+02
-6.237179636955261230e-01 -3.259490244090557098e-03 2.706453576683998108e-02 9.951269254088401794e-03 1.687063293457031250e+02
-6.035849452018737793e-01 -3.209166694432497025e-03 2.756209857761859894e-02 9.606889449059963226e-03 1.694560546875000000e+02
-5.830763578414916992e-01 -3.157704137265682220e-03 2.804244309663772583e-02 9.255915880203247070e-03 1.702057800292968750e+02
-5.622050762176513672e-01 -3.102905116975307465e-03 2.850523963570594788e-02 8.899817243218421936e-03 1.709554901123046875e+02
-5.409841537475585938e-01 -3.046012483537197113e-03 2.895023114979267120e-02 8.538456633687019348e-03 1.717051849365234375e+02
-5.194267630577087402e-01 -2.988146850839257240e-03 2.937715314328670502e-02 8.171365596354007721e-03 1.724548797607421875e+02
-4.975464046001434326e-01 -2.928478876128792763e-03 2.978572063148021698e-02 7.799050770699977875e-03 1.732045593261718750e+02
-4.753567874431610107e-01 -2.866022987291216850e-03 3.017567284405231476e-02 7.422438357025384903e-03 1.739542236328125000e+02
-4.528717100620269775e-01 -2.803527982905507088e-03 3.054679557681083679e-02 7.040204014629125595e-03 1.747038879394531250e+02
-4.301052987575531006e-01 -2.736909780651330948e-03 3.089880570769309998e-02 6.654854863882064819e-03 1.754535369873046875e+02
-4.070716500282287598e-01 -2.670264802873134613e-03 3.123154863715171814e-02 6.264636293053627014e-03 1.762031860351562500e+02
-3.837852478027343750e-01 -2.601098734885454178e-03 3.154478222131729126e-02 5.870981141924858093e-03 1.769528198242187500e+02
-3.602605760097503662e-01 -2.531479811295866966e-03 3.183833137154579163e-02 5.473017692565917969e-03 1.777024536132812500e+02
-3.365123867988586426e-01 -2.457669237628579140e-03 3.211198374629020691e-02 5.073237698525190353e-03 1.784520721435546875e+02
-3.125553429126739502e-01 -2.384855179116129875e-03 3.236564621329307556e-02 4.669226706027984619e-03 1.792016906738281250e+02
-2.884045243263244629e-01 -2.310374286025762558e-03 3.259910643100738525e-02 4.262245260179042816e-03 1.799513092041015625e+02
-2.640749812126159668e-01 -2.234138082712888718e-03 3.281221911311149597e-02 3.852697089314460754e-03 1.807009124755859375e+02
-2.395818829536437988e-01 -2.156293019652366638e-03 3.300485387444496155e-02 3.440877655521035194e-03 1.814505157470703125e+02
-2.149404883384704590e-01 -2.076920121908187866e-03 3.317689895629882812e-02 3.027100581675767899e-03 1.822001037597656250e+02
-1.901661753654479980e-01 -1.996687380596995354e-03 3.332825377583503723e-02 2.611260861158370972e-03 1.829496917724609375e+02
-1.652743965387344360e-01 -1.915789325721561909e-03 3.345881775021553040e-02 2.193359890952706337e-03 1.836992797851562500e+02
-1.402806937694549561e-01 -1.832970767281949520e-03 3.356848657131195068e-02 1.774359960108995438e-03 1.844488677978515625e+02
-1.152006536722183228e-01 -1.748466747812926769e-03 3.365720435976982117e-02 1.354650361463427544e-03 1.851984558105468750e+02
-9.004989266395568848e-02 -1.662956667132675648e-03 3.372493758797645569e-02 9.342559496872127056e-04 1.859480285644531250e+02
-6.484408676624298096e-02 -1.576808630488812923e-03 3.377164900302886963e-02 5.131998914293944836e-04 1.866976013183593750e+02
-3.959895670413970947e-02 -1.490593305788934231e-03 3.379730880260467529e-02 9.124263306148350239e-05 1.874471740722656250e+02
-1.433028839528560638e-02 -1.402412541210651398e-03 3.380187228322029114e-02 -3.303150006104260683e-04 1.881967468261718750e+02
1.094620861113071442e-02 -1.313424669206142426e-03 3.378535807132720947e-02 -7.516173645853996277e-04 1.889463195800781250e+02
3.621477633714675903e-02 -1.224480569362640381e-03 3.374777734279632568e-02 -1.172982621937990189e-03 1.896958923339843750e+02
6.145961582660675049e-02 -1.133887097239494324e-03 3.368912637233734131e-02 -1.593232969753444195e-03 1.904454650878906250e+02
8.666501939296722412e-02 -1.043092692270874977e-03 3.360946476459503174e-02 -2.012772019952535629e-03 1.911950378417968750e+02
1.118152514100074768e-01 -9.507858776487410069e-04 3.350882604718208313e-02 -2.430557506158947945e-03 1.919446105957031250e+02
1.368946582078933716e-01 -8.595952531322836876e-04 3.338729962706565857e-02 -2.847827272489666939e-03 1.926941986083984375e+02
1.618875265121459961e-01 -7.649186882190406322e-04 3.324490785598754883e-02 -3.261661157011985779e-03 1.934437866210937500e+02
1.867783963680267334e-01 -6.707491120323538780e-04 3.308182582259178162e-02 -3.673494560644030571e-03 1.941933746337890625e+02
2.115517258644104004e-01 -5.778977647423744202e-04 3.289815038442611694e-02 -4.083929117769002914e-03 1.949429626464843750e+02
2.361920028924942017e-01 -4.852049169130623341e-04 3.269395232200622559e-02 -4.492481239140033722e-03 1.956925506591796875e+02
2.606838643550872803e-01 -3.912545798812061548e-04 3.246932849287986755e-02 -4.898071289062500000e-03 1.964421539306640625e+02
2.850120365619659424e-01 -2.964045852422714233e-04 3.222442418336868286e-02 -5.300332792103290558e-03 1.971917572021484375e+02
3.091613650321960449e-01 -2.018790692090988159e-04 3.195940703153610229e-02 -5.699603818356990814e-03 1.979413757324218750e+02
3.331167399883270264e-01 -1.059349597198888659e-04 3.167442604899406433e-02 -6.094550713896751404e-03 1.986909942626953125e+02
3.568632900714874268e-01 -1.085251278709620237e-05 3.136969730257987976e-02 -6.486018188297748566e-03 1.994406127929687500e+02
3.803861737251281738e-01 8.337088365806266665e-05 3.104539588093757629e-02 -6.874045357108116150e-03 2.001902465820312500e+02
4.036706387996673584e-01 1.788087247405201197e-04 3.070169314742088318e-02 -7.257210090756416321e-03 2.009398803710937500e+02
4.267022311687469482e-01 2.733316505327820778e-04 3.033883310854434967e-02 -7.636279799044132233e-03 2.016895294189453125e+02
4.494665265083312988e-01 3.694828774314373732e-04 2.995701879262924194e-02 -8.009473793208599091e-03 2.024391784667968750e+02
4.719493985176086426e-01 4.624221764970570803e-04 2.955654449760913849e-02 -8.379268459975719452e-03 2.031888427734375000e+02
4.941366910934448242e-01 5.569271743297576904e-04 2.913758158683776855e-02 -8.743107318878173828e-03 2.039385070800781250e+02
5.160146355628967285e-01 6.508283549919724464e-04 2.870042622089385986e-02 -9.101593866944313049e-03 2.046881866455078125e+02
5.375695228576660156e-01 7.442533969879150391e-04 2.824534662067890167e-02 -9.454464539885520935e-03 2.054378814697265625e+02
5.587879419326782227e-01 8.374415338039398193e-04 2.777262404561042786e-02 -9.801316075026988983e-03 2.061875762939453125e+02
5.796566009521484375e-01 9.291626629419624805e-04 2.728255838155746460e-02 -1.014267839491367340e-02 2.069372863769531250e+02
6.001624464988708496e-01 1.021119183860719204e-03 2.677542530000209808e-02 -1.047744788229465485e-02 2.076870117187500000e+02
6.202926635742187500e-01 1.112558646127581596e-03 2.625155262649059296e-02 -1.080562081187963486e-02 2.084367370605468750e+02
6.400346755981445312e-01 1.203672494739294052e-03 2.571127191185951233e-02 -1.112677343189716339e-02 2.091864776611328125e+02
6.593761444091796875e-01 1.293027307838201523e-03 2.515493333339691162e-02 -1.144153717905282974e-02 2.099362335205078125e+02
6.783049702644348145e-01 1.382320304401218891e-03 2.458285726606845856e-02 -1.174884662032127380e-02 2.106859893798828125e+02
6.968093514442443848e-01 1.470151473768055439e-03 2.399541437625885010e-02 -1.204919442534446716e-02 2.114357604980468750e+02
7.148776650428771973e-01 1.558117452077567577e-03 2.339295484125614166e-02 -1.234144717454910278e-02 2.121855468750000000e+02
7.324986457824707031e-01 1.643974217586219311e-03 2.277588285505771637e-02 -1.262658461928367615e-02 2.129353332519531250e+02
7.496612668037414551e-01 1.728250761516392231e-03 2.214455418288707733e-02 -1.290443167090415955e-02 2.136851348876953125e+02
7.663547396659851074e-01 1.813284237869083881e-03 2.149933204054832458e-02 -1.317334920167922974e-02 2.144349517822265625e+02
7.825686335563659668e-01 1.896413392387330532e-03 2.084066532552242279e-02 -1.343434676527976990e-02 2.151847839355468750e+02
7.982928156852722168e-01 1.979286316782236099e-03 2.016894891858100891e-02 -1.368633657693862915e-02 2.159346160888671875e+02
8.135174512863159180e-01 2.059857593849301338e-03 1.948463171720504761e-02 -1.393022295087575912e-02 2.166844635009765625e+02
8.282330036163330078e-01 2.139776246622204781e-03 1.878811977803707123e-02 -1.416503265500068665e-02 2.174343261718750000e+02
8.424302339553833008e-01 2.217314438894391060e-03 1.807986758649349213e-02 -1.439156942069530487e-02 2.181841888427734375e+02
8.561002612113952637e-01 2.293067518621683121e-03 1.736028864979743958e-02 -1.460962183773517609e-02 2.189340667724609375e+02
8.692344427108764648e-01 2.368661807850003242e-03 1.662980765104293823e-02 -1.481803599745035172e-02 2.196839447021484375e+02
8.818246126174926758e-01 2.442676573991775513e-03 1.588890515267848969e-02 -1.501719933003187180e-02 2.204338378906250000e+02
8.938629031181335449e-01 2.515155822038650513e-03 1.513804495334625244e-02 -1.520695537328720093e-02 2.211837463378906250e+02
9.053417444229125977e-01 2.586169634014368057e-03 1.437769737094640732e-02 -1.538710575550794601e-02 2.219336547851562500e+02
9.162539243698120117e-01 2.654983196407556534e-03 1.360834203660488129e-02 -1.555798482149839401e-02 2.226835784912109375e+02
9.265925884246826172e-01 2.723172307014465332e-03 1.283044274896383286e-02 -1.571855694055557251e-02 2.234335021972656250e+02
9.363512992858886719e-01 2.788624260574579239e-03 1.204451452940702438e-02 -1.586980372667312622e-02 2.241834411621093750e+02
9.455238580703735352e-01 2.853223122656345367e-03 1.125102397054433823e-02 -1.601064763963222504e-02 2.249333801269531250e+02
9.541046023368835449e-01 2.916108351200819016e-03 1.045049168169498444e-02 -1.614125259220600128e-02 2.256833343505859375e+02
9.620881080627441406e-01 2.976436400786042213e-03 9.643428958952426910e-03 -1.626206561923027039e-02 2.264332885742187500e+02
9.694693684577941895e-01 3.034093417227268219e-03 8.830325677990913391e-03 -1.637332513928413391e-02 2.271832580566406250e+02
9.762437343597412109e-01 3.091213293373584747e-03 8.011659607291221619e-03 -1.647374033927917480e-02 2.279332275390625000e+02
9.824069738388061523e-01 3.145824652165174484e-03 7.187972776591777802e-03 -1.656412519514560699e-02 2.286831970214843750e+02
9.879552125930786133e-01 3.198662772774696350e-03 6.359766703099012375e-03 -1.664408855140209198e-02 2.294331817626953125e+02
9.928849339485168457e-01 3.249266417697072029e-03 5.527562461793422699e-03 -1.671381480991840363e-02 2.301831665039062500e+02
9.971930384635925293e-01 3.299192059785127640e-03 4.691871814429759979e-03 -1.677222736179828644e-02 2.309331512451171875e+02
1.000876903533935547e+00 3.346355631947517395e-03 3.853260539472103119e-03 -1.682023331522941589e-02 2.316831359863281250e+02
1.003934144973754883e+00 3.391178324818611145e-03 3.012248780578374863e-03 -1.685772277414798737e-02 2.324331359863281250e+02
1.006362915039062500e+00 3.432818222790956497e-03 2.169362735003232956e-03 -1.688532717525959015e-02 2.331831359863281250e+02
1.008161544799804688e+00 3.472823416814208031e-03 1.325096352957189083e-03 -1.690231077373027802e-02 2.339331359863281250e+02
1.009328961372375488e+00 3.511676797643303871e-03 4.799807793460786343e-04 -1.690813340246677399e-02 2.346831359863281250e+02
1.009864568710327148e+00 3.547175787389278412e-03 -3.654258907772600651e-04 -1.690395176410675049e-02 2.354331359863281250e+02
1.009767889976501465e+00 3.580943215638399124e-03 -1.210623420774936676e-03 -1.688903011381626129e-02 2.361831359863281250e+02
1.009038925170898438e+00 3.613378619775176048e-03 -2.055075019598007202e-03 -1.686290651559829712e-02 2.369331359863281250e+02
1.007678270339965820e+00 3.642875468358397484e-03 -2.898220438510179520e-03 -1.682637631893157959e-02 2.376831359863281250e+02
1.005686759948730469e+00 3.669740865007042885e-03 -3.739539301022887230e-03 -1.677946373820304871e-02 2.384331359863281250e+02
1.003065586090087891e+00 3.694315906614065170e-03 -4.578512627631425858e-03 -1.672207191586494446e-02 2.391831359863281250e+02
9.998164176940917969e-01 3.716526087373495102e-03 -5.414616316556930542e-03 -1.665427722036838531e-02 2.399331359863281250e+02
9.959412813186645508e-01 3.736667335033416748e-03 -6.247329991310834885e-03 -1.657592691481113434e-02 2.406831207275390625e+02
9.914426207542419434e-01 3.754425793886184692e-03 -7.076126523315906525e-03 -1.648718863725662231e-02 2.414331054687500000e+02
9.863232970237731934e-01 3.770011011511087418e-03 -7.900485768914222717e-03 -1.638797484338283539e-02 2.421830902099609375e+02
9.805864691734313965e-01 3.782452782616019249e-03 -8.719884790480136871e-03 -1.627895608544349670e-02 2.429330749511718750e+02
9.742357730865478516e-01 3.792454488575458527e-03 -9.533832781016826630e-03 -1.615998893976211548e-02 2.436830444335937500e+02
9.672751426696777344e-01 3.801883198320865631e-03 -1.034183241426944733e-02 -1.602986454963684082e-02 2.444330139160156250e+02
9.597089886665344238e-01 3.807450179010629654e-03 -1.114332582801580429e-02 -1.589031890034675598e-02 2.451829833984375000e+02
9.515420198440551758e-01 3.811708884313702583e-03 -1.193784177303314209e-02 -1.574016362428665161e-02 2.459329376220703125e+02
9.427794218063354492e-01 3.812605282291769981e-03 -1.272485032677650452e-02 -1.558054238557815552e-02 2.466828918457031250e+02
9.334266781806945801e-01 3.811625530943274498e-03 -1.350387744605541229e-02 -1.541085168719291687e-02 2.474328308105468750e+02
9.234896302223205566e-01 3.806094173341989517e-03 -1.427442021667957306e-02 -1.523289922624826431e-02 2.481827697753906250e+02
9.129744768142700195e-01 3.800293197855353355e-03 -1.503606513142585754e-02 -1.504458114504814148e-02 2.489326934814453125e+02
9.018878340721130371e-01 3.792426083236932755e-03 -1.578829437494277954e-02 -1.484653539955615997e-02 2.496826171875000000e+02
8.902366757392883301e-01 3.782196436077356339e-03 -1.653062179684638977e-02 -1.463897526264190674e-02 2.504325256347656250e+02
8.780283331871032715e-01 3.767851041629910469e-03 -1.726257055997848511e-02 -1.442325301468372345e-02 2.511824188232421875e+02
8.652704358100891113e-01 3.753489349037408829e-03 -1.798373274505138397e-02 -1.419725827872753143e-02 2.519323120117187500e+02
8.519710302352905273e-01 3.735187696292996407e-03 -1.869359612464904785e-02 -1.396305486559867859e-02 2.526821899414062500e+02
8.381384015083312988e-01 3.714863909408450127e-03 -1.939174905419349670e-02 -1.372001320123672485e-02 2.534320678710937500e+02
8.237811923027038574e-01 3.691321471706032753e-03 -2.007775008678436279e-02 -1.346902921795845032e-02 2.541819305419921875e+02
8.089084029197692871e-01 3.665315220132470131e-03 -2.075120061635971069e-02 -1.321007404476404190e-02 2.549317779541015625e+02
7.935293316841125488e-01 3.639047499746084213e-03 -2.141170389950275421e-02 -1.294184848666191101e-02 2.556816253662109375e+02
7.776536941528320312e-01 3.609800944104790688e-03 -2.205879613757133484e-02 -1.266571320593357086e-02 2.564314575195312500e+02
7.612913846969604492e-01 3.577475203201174736e-03 -2.269208244979381561e-02 -1.238217111676931381e-02 2.571812744140625000e+02
7.444525957107543945e-01 3.544016974046826363e-03 -2.331119030714035034e-02 -1.209034305065870285e-02 2.579310913085937500e+02
7.271479368209838867e-01 3.508015768602490425e-03 -2.391570806503295898e-02 -1.179102063179016113e-02 2.586808776855468750e+02
7.093881964683532715e-01 3.472724696621298790e-03 -2.450525946915149689e-02 -1.148222200572490692e-02 2.594306640625000000e+02
6.911846995353698730e-01 3.430576762184500694e-03 -2.507937140762805939e-02 -1.116840168833732605e-02 2.601804504394531250e+02
6.725485920906066895e-01 3.384825075045228004e-03 -2.563779056072235107e-02 -1.084916479885578156e-02 2.609302062988281250e+02
6.534915566444396973e-01 3.340489696711301804e-03 -2.618024870753288269e-02 -1.052177324891090393e-02 2.616799621582031250e+02
6.340255737304687500e-01 3.293220885097980499e-03 -2.670633792877197266e-02 -1.018826942890882492e-02 2.624297180175781250e+02
6.141628026962280273e-01 3.243164159357547760e-03 -2.721575088798999786e-02 -9.849088266491889954e-03 2.631794433593750000e+02
5.939155817031860352e-01 3.193328622728586197e-03 -2.770820446312427521e-02 -9.502626024186611176e-03 2.639291687011718750e+02
5.732966661453247070e-01 3.140800632536411285e-03 -2.818333543837070465e-02 -9.150363504886627197e-03 2.646788940429687500e+02
5.523189306259155273e-01 3.087008837610483170e-03 -2.864085324108600616e-02 -8.791772648692131042e-03 2.654285888671875000e+02
5.309954881668090820e-01 3.030424006283283234e-03 -2.908044122159481049e-02 -8.427909575402736664e-03 2.661782836914062500e+02
5.093396902084350586e-01 2.970297820866107941e-03 -2.950183674693107605e-02 -8.059854619204998016e-03 2.669279785156250000e+02
4.873649775981903076e-01 2.908773254603147507e-03 -2.990482933819293976e-02 -7.686967030167579651e-03 2.676776428222656250e+02
4.650850594043731689e-01 2.848940668627619743e-03 -3.028917685151100159e-02 -7.307187654078006744e-03 2.684273071289062500e+02
4.425140321254730225e-01 2.784145297482609749e-03 -3.065453656017780304e-02 -6.924182176589965820e-03 2.691769714355468750e+02
4.196658730506896973e-01 2.715930342674255371e-03 -3.100074641406536102e-02 -6.538267713040113449e-03 2.699266357421875000e+02
3.965547680854797363e-01 2.648696303367614746e-03 -3.132766112685203552e-02 -6.147257052361965179e-03 2.706762695312500000e+02
3.731952309608459473e-01 2.579587046056985855e-03 -3.163502365350723267e-02 -5.752492230385541916e-03 2.714259033203125000e+02
3.496018350124359131e-01 2.510513877496123314e-03 -3.192264959216117859e-02 -5.352978594601154327e-03 2.721755371093750000e+02
3.257893621921539307e-01 2.436071867123246193e-03 -3.219029679894447327e-02 -4.952192306518554688e-03 2.729251708984375000e+02
3.017725348472595215e-01 2.360755344852805138e-03 -3.243790566921234131e-02 -4.548634868115186691e-03 2.736747741699218750e+02
2.775663435459136963e-01 2.288975985720753670e-03 -3.266533836722373962e-02 -4.139284137636423111e-03 2.744243774414062500e+02
2.531860768795013428e-01 2.211310202255845070e-03 -3.287230432033538818e-02 -3.729232819750905037e-03 2.751739807128906250e+02
2.286467999219894409e-01 2.134124981239438057e-03 -3.305876627564430237e-02 -3.315868787467479706e-03 2.759235839843750000e+02
2.039638906717300415e-01 2.052896423265337944e-03 -3.322456032037734985e-02 -2.902000211179256439e-03 2.766731872558593750e+02
1.791526377201080322e-01 1.972220605239272118e-03 -3.336966037750244141e-02 -2.485674573108553886e-03 2.774227905273437500e+02
1.542285978794097900e-01 1.887730439193546772e-03 -3.349394351243972778e-02 -2.069624839350581169e-03 2.781723632812500000e+02
1.292071640491485596e-01 1.808579079806804657e-03 -3.359742462635040283e-02 -1.648657023906707764e-03 2.789219360351562500e+02
1.041042134165763855e-01 1.723752822726964951e-03 -3.367985785007476807e-02 -1.228455454111099243e-03 2.796715087890625000e+02
7.893522828817367554e-02 1.640248694457113743e-03 -3.374128043651580811e-02 -8.059956599026918411e-04 2.804210815429687500e+02
5.371603369712829590e-02 1.551509718410670757e-03 -3.378158062696456909e-02 -3.853191446978598833e-04 2.811706542968750000e+02
2.846219763159751892e-02 1.464360509999096394e-03 -3.380084782838821411e-02 3.655094769783318043e-05 2.819202270507812500e+02
3.189565613865852356e-03 1.374706276692450047e-03 -3.379901871085166931e-02 4.573270562104880810e-04 2.826697998046875000e+02
-2.208617515861988068e-02 1.286280574277043343e-03 -3.377615287899971008e-02 8.787472615949809551e-04 2.834193725585937500e+02
-4.734919592738151550e-02 1.195493154227733612e-03 -3.373221680521965027e-02 1.298723625950515270e-03 2.841689453125000000e+02
-7.258382439613342285e-02 1.106394687667489052e-03 -3.366728127002716064e-02 1.719241263344883919e-03 2.849185180664062500e+02
-9.777422249317169189e-02 1.014065928757190704e-03 -3.358132019639015198e-02 2.137417439371347427e-03 2.856680908203125000e+02
-1.229048073291778564e-01 9.239469654858112335e-04 -3.347444906830787659e-02 2.555870451033115387e-03 2.864176635742187500e+02
-1.479597836732864380e-01 8.321401546709239483e-04 -3.334665670990943909e-02 2.972592599689960480e-03 2.871672363281250000e+02
-1.729235649108886719e-01 7.379958988167345524e-04 -3.319802880287170410e-02 3.386449301615357399e-03 2.879168090820312500e+02
-1.977806389331817627e-01 6.453701062127947807e-04 -3.302870690822601318e-02 3.799197729676961899e-03 2.886663818359375000e+02
-2.225154191255569458e-01 5.503677530214190483e-04 -3.283874690532684326e-02 4.208507016301155090e-03 2.894159851074218750e+02
-2.471125423908233643e-01 4.555797786451876163e-04 -3.262832015752792358e-02 4.615187644958496094e-03 2.901655883789062500e+02
-2.715566754341125488e-01 3.595958114601671696e-04 -3.239756077527999878e-02 5.018130876123905182e-03 2.909151916503906250e+02
-2.958326339721679688e-01 2.663722843863070011e-04 -3.214665502309799194e-02 5.419479217380285263e-03 2.916647949218750000e+02
-3.199251592159271240e-01 1.718735875329002738e-04 -3.187568113207817078e-02 5.817177705466747284e-03 2.924143981933593750e+02
-3.438192903995513916e-01 7.731305231573060155e-05 -3.158482164144515991e-02 6.211410276591777802e-03 2.931640319824218750e+02
-3.675000965595245361e-01 -1.677287946222350001e-05 -3.127425163984298706e-02 6.602295674383640289e-03 2.939136657714843750e+02
-3.909527957439422607e-01 -1.125549388234503567e-04 -3.094413690268993378e-02 6.988222245126962662e-03 2.946632995605468750e+02
-4.141628146171569824e-01 -2.059051184915006161e-04 -3.059472516179084778e-02 7.371204439550638199e-03 2.954129333496093750e+02
-4.371155798435211182e-01 -3.010356158483773470e-04 -3.022616542875766754e-02 7.748860865831375122e-03 2.961625671386718750e+02
-4.597967863082885742e-01 -3.958245215471833944e-04 -2.983872219920158386e-02 8.121735416352748871e-03 2.969122314453125000e+02
-4.821922779083251953e-01 -4.898788174614310265e-04 -2.943263575434684753e-02 8.489885367453098297e-03 2.976618957519531250e+02
-5.042880773544311523e-01 -5.848282598890364170e-04 -2.900814078748226166e-02 8.852072060108184814e-03 2.984115600585937500e+02
-5.260703563690185547e-01 -6.794580840505659580e-04 -2.856553718447685242e-02 9.208445437252521515e-03 2.991612548828125000e+02
-5.475255250930786133e-01 -7.723899325355887413e-04 -2.810511551797389984e-02 9.559679776430130005e-03 2.999109497070312500e+02
-5.686401724815368652e-01 -8.655214332975447178e-04 -2.762713097035884857e-02 9.904635138809680939e-03 3.006606445312500000e+02
-5.894011259078979492e-01 -9.578788303770124912e-04 -2.713189832866191864e-02 1.024349778890609741e-02 3.014103698730468750e+02
-6.097954511642456055e-01 -1.049892744049429893e-03 -2.661972306668758392e-02 1.057579368352890015e-02 3.021600952148437500e+02
-6.298103332519531250e-01 -1.139638712629675865e-03 -2.609093300998210907e-02 1.090253889560699463e-02 3.029098205566406250e+02
-6.494332551956176758e-01 -1.229704357683658600e-03 -2.554580569267272949e-02 1.122226566076278687e-02 3.036595764160156250e+02
-6.686519980430603027e-01 -1.319958479143679142e-03 -2.498469315469264984e-02 1.153447292745113373e-02 3.044093322753906250e+02
-6.874545216560363770e-01 -1.409344607964158058e-03 -2.440796978771686554e-02 1.183932274580001831e-02 3.051590881347656250e+02
-7.058291435241699219e-01 -1.496730255894362926e-03 -2.381600439548492432e-02 1.213738881051540375e-02 3.059088745117187500e+02
-7.237643003463745117e-01 -1.583033357746899128e-03 -2.320913411676883698e-02 1.242820918560028076e-02 3.066586608886718750e+02
-7.412487268447875977e-01 -1.669442979618906975e-03 -2.258772403001785278e-02 1.271079573780298233e-02 3.074084472656250000e+02
-7.582715153694152832e-01 -1.753760501742362976e-03 -2.195218391716480255e-02 1.298609282821416855e-02 3.081582641601562500e+02
-7.748219966888427734e-01 -1.838456490077078342e-03 -2.130287885665893555e-02 1.325253676623106003e-02 3.089080810546875000e+02
-7.908898591995239258e-01 -1.921122893691062927e-03 -2.064025215804576874e-02 1.351108960807323456e-02 3.096578979492187500e+02
-8.064649701118469238e-01 -2.002824563533067703e-03 -1.996469683945178986e-02 1.376111712306737900e-02 3.104077453613281250e+02
-8.215376138687133789e-01 -2.083477098494768143e-03 -1.927664130926132202e-02 1.400240510702133179e-02 3.111575927734375000e+02
-8.360983729362487793e-01 -2.162628341466188431e-03 -1.857652142643928528e-02 1.423500850796699524e-02 3.119074401855468750e+02
-8.501380681991577148e-01 -2.239957218989729881e-03 -1.786477118730545044e-02 1.445904374122619629e-02 3.126573181152343750e+02
-8.636479377746582031e-01 -2.317076781764626503e-03 -1.714181900024414062e-02 1.467337552458047867e-02 3.134071960449218750e+02
-8.766195178031921387e-01 -2.391976071521639824e-03 -1.640815101563930511e-02 1.487881690263748169e-02 3.141570739746093750e+02
-8.890446424484252930e-01 -2.465089317411184311e-03 -1.566421054303646088e-02 1.507517695426940918e-02 3.149069824218750000e+02
-9.009155631065368652e-01 -2.536695450544357300e-03 -1.491045206785202026e-02 1.526221167296171188e-02 3.156568908691406250e+02
-9.122248291969299316e-01 -2.608112990856170654e-03 -1.414734125137329102e-02 1.543883606791496277e-02 3.164067993164062500e+02
-9.229653477668762207e-01 -2.675728406757116318e-03 -1.337539963424205780e-02 1.560694258660078049e-02 3.171567077636718750e+02
-9.331303834915161133e-01 -2.742691896855831146e-03 -1.259505283087491989e-02 1.576496288180351257e-02 3.179066467285156250e+02
-9.427135586738586426e-01 -2.808377612382173538e-03 -1.180680468678474426e-02 1.591285318136215210e-02 3.186565856933593750e+02
-9.517088532447814941e-01 -2.872416749596595764e-03 -1.101116184145212173e-02 1.605058833956718445e-02 3.194065246582031250e+02
-9.601106643676757812e-01 -2.933488460257649422e-03 -1.020863279700279236e-02 1.617893949151039124e-02 3.201564636230468750e+02
-9.679136872291564941e-01 -2.993405330926179886e-03 -9.399686008691787720e-03 1.629694551229476929e-02 3.209064331054687500e+02
-9.751130342483520508e-01 -3.051388077437877655e-03 -8.584838360548019409e-03 1.640482060611248016e-02 3.216564025878906250e+02
-9.817041754722595215e-01 -3.107762895524501801e-03 -7.764597423374652863e-03 1.650226488709449768e-02 3.224063720703125000e+02
-9.876829385757446289e-01 -3.162397304549813271e-03 -6.939484272152185440e-03 1.658917404711246490e-02 3.231563415527343750e+02
-9.930456280708312988e-01 -3.214989555999636650e-03 -6.110025569796562195e-03 1.666560210287570953e-02 3.239063110351562500e+02
-9.977888464927673340e-01 -3.265112638473510742e-03 -5.276745650917291641e-03 1.673179306089878082e-02 3.246563110351562500e+02
-1.001909613609313965e+00 -3.313630819320678711e-03 -4.440155811607837677e-03 1.678723841905593872e-02 3.254063110351562500e+02
-1.005405426025390625e+00 -3.358623478561639786e-03 -3.600793890655040741e-03 1.683307439088821411e-02 3.261563110351562500e+02
-1.008273959159851074e+00 -3.402924630790948868e-03 -2.759140217676758766e-03 1.686779037117958069e-02 3.269063110351562500e+02
-1.010513424873352051e+00 -3.445075592026114464e-03 -1.915750675834715366e-03 1.689187064766883850e-02 3.276563110351562500e+02
-1.012122511863708496e+00 -3.484918270260095596e-03 -1.071157166734337807e-03 1.690539345145225525e-02 3.284063110351562500e+02
-1.013100147247314453e+00 -3.522928105667233467e-03 -2.258874592371284962e-04 1.690804772078990936e-02 3.291563110351562500e+02
-1.013445734977722168e+00 -3.557913005352020264e-03 6.195149617269635201e-04 1.690052449703216553e-02 3.299063110351562500e+02
-1.013159036636352539e+00 -3.591416869312524796e-03 1.464541186578571796e-03 1.688201911747455597e-02 3.306563110351562500e+02
-1.012240171432495117e+00 -3.622600575909018517e-03 2.308642026036977768e-03 1.685284823179244995e-02 3.314063110351562500e+02
-1.010689854621887207e+00 -3.650804050266742706e-03 3.151284530758857727e-03 1.681349799036979675e-02 3.321563110351562500e+02
-1.008508920669555664e+00 -3.677003318443894386e-03 3.991959616541862488e-03 1.676355302333831787e-02 3.329063110351562500e+02
-1.005698800086975098e+00 -3.700809320434927940e-03 4.830137360841035843e-03 1.670321077108383179e-02 3.336563110351562500e+02
-1.002261281013488770e+00 -3.723339876160025597e-03 5.665298085659742355e-03 1.663174293935298920e-02 3.344063110351562500e+02
-9.981985092163085938e-01 -3.742756787687540054e-03 6.496885325759649277e-03 1.655009575188159943e-02 3.351563110351562500e+02
-9.935129880905151367e-01 -3.758335951715707779e-03 7.324390113353729248e-03 1.645909808576107025e-02 3.359063110351562500e+02
-9.882076382637023926e-01 -3.773421980440616608e-03 8.147344924509525299e-03 1.635699719190597534e-02 3.366562805175781250e+02
-9.822858572006225586e-01 -3.787613939493894577e-03 8.965195156633853912e-03 1.624346710741519928e-02 3.374062500000000000e+02
-9.757513999938964844e-01 -3.795891534537076950e-03 9.777368977665901184e-03 1.612155325710773468e-02 3.381562194824218750e+02
-9.686082601547241211e-01 -3.804439678788185120e-03 1.058344636112451553e-02 1.598824933171272278e-02 3.389061889648437500e+02
-9.608610272407531738e-01 -3.809311660006642342e-03 1.138285920023918152e-02 1.584546081721782684e-02 3.396561584472656250e+02
-9.525145292282104492e-01 -3.810596885159611702e-03 1.217513252049684525e-02 1.569367386400699615e-02 3.404060974121093750e+02
-9.435738921165466309e-01 -3.812273265793919563e-03 1.295981649309396744e-02 1.553063374012708664e-02 3.411560363769531250e+02
-9.340448975563049316e-01 -3.810995491221547127e-03 1.373634859919548035e-02 1.535779144614934921e-02 3.419059753417968750e+02
-9.239335060119628906e-01 -3.804804757237434387e-03 1.450423803180456161e-02 1.517682150006294250e-02 3.426559143066406250e+02
-9.132459163665771484e-01 -3.797742305323481560e-03 1.526307873427867889e-02 1.498591993004083633e-02 3.434058532714843750e+02
-9.019889235496520996e-01 -3.788472386077046394e-03 1.601237431168556213e-02 1.478562597185373306e-02 3.441557617187500000e+02
-8.901695609092712402e-01 -3.777401521801948547e-03 1.675165630877017975e-02 1.457572355866432190e-02 3.449056701660156250e+02
-8.777952790260314941e-01 -3.763442160561680794e-03 1.748044230043888092e-02 1.435690652579069138e-02 3.456555786132812500e+02
-8.648737668991088867e-01 -3.747074631974101067e-03 1.819828711450099945e-02 1.412916556000709534e-02 3.464054565429687500e+02
-8.514131307601928711e-01 -3.730653552338480949e-03 1.890474557876586914e-02 1.389100775122642517e-02 3.471553344726562500e+02
-8.374218940734863281e-01 -3.709218231961131096e-03 1.959929615259170532e-02 1.364523172378540039e-02 3.479052124023437500e+02
-8.229087591171264648e-01 -3.684523981064558029e-03 2.028155699372291565e-02 1.339171733707189560e-02 3.486550598144531250e+02
-8.078828454017639160e-01 -3.659282810986042023e-03 2.095114253461360931e-02 1.312907971441745758e-02 3.494049072265625000e+02
-7.923535704612731934e-01 -3.630943829193711281e-03 2.160759642720222473e-02 1.285866927355527878e-02 3.501547546386718750e+02
-7.763306498527526855e-01 -3.599948016926646233e-03 2.225052937865257263e-02 1.258065178990364075e-02 3.509045715332031250e+02
-7.598240971565246582e-01 -3.567547770217061043e-03 2.287956140935420990e-02 1.229448709636926651e-02 3.516543884277343750e+02
-7.428442835807800293e-01 -3.532849019393324852e-03 2.349428646266460419e-02 1.200070232152938843e-02 3.524042053222656250e+02
-7.254017591476440430e-01 -3.495828481391072273e-03 2.409432083368301392e-02 1.169953867793083191e-02 3.531539916992187500e+02
-7.075074911117553711e-01 -3.457357408478856087e-03 2.467929758131504059e-02 1.139063201844692230e-02 3.539037780761718750e+02
-6.891726851463317871e-01 -3.415715415030717850e-03 2.524882927536964417e-02 1.107513904571533203e-02 3.546535644531250000e+02
-6.704087853431701660e-01 -3.372566774487495422e-03 2.580258622765541077e-02 1.075246464461088181e-02 3.554033203125000000e+02
-6.512275934219360352e-01 -3.327161539345979691e-03 2.634020894765853882e-02 1.042313687503337860e-02 3.561530761718750000e+02
-6.316410303115844727e-01 -3.279936732724308968e-03 2.686136588454246521e-02 1.008712593466043472e-02 3.569028320312500000e+02
-6.116613745689392090e-01 -3.229672787711024284e-03 2.736572176218032837e-02 9.745426476001739502e-03 3.576525573730468750e+02
-5.913010835647583008e-01 -3.178802551701664925e-03 2.785299345850944519e-02 9.396924637258052826e-03 3.584022827148437500e+02
-5.705729126930236816e-01 -3.126672236248850822e-03 2.832284010946750641e-02 9.041808545589447021e-03 3.591520080566406250e+02
-5.494899153709411621e-01 -3.068894380703568459e-03 2.877493016421794891e-02 8.683132007718086243e-03 3.599017028808593750e+02
-5.280650854110717773e-01 -3.011624095961451530e-03 2.920908667147159576e-02 8.318155072629451752e-03 3.606513977050781250e+02
-5.063118934631347656e-01 -2.951598493382334709e-03 2.962499484419822693e-02 7.948579266667366028e-03 3.614010925292968750e+02
-4.842438995838165283e-01 -2.891525160521268845e-03 3.002242371439933777e-02 7.573077920824289322e-03 3.621507568359375000e+02
-4.618749618530273438e-01 -2.828863449394702911e-03 3.040107712149620056e-02 7.193049415946006775e-03 3.629004211425781250e+02
-4.392190575599670410e-01 -2.763113472610712051e-03 3.076072968542575836e-02 6.809383630752563477e-03 3.636500854492187500e+02
-4.162902235984802246e-01 -2.697802148759365082e-03 3.110119886696338654e-02 6.420351099222898483e-03 3.643997497558593750e+02
-3.931029140949249268e-01 -2.627513371407985687e-03 3.142221644520759583e-02 6.029261276125907898e-03 3.651493835449218750e+02
-3.696714341640472412e-01 -2.557819942012429237e-03 3.172367811203002930e-02 5.633669905364513397e-03 3.658990173339843750e+02
-3.460105061531066895e-01 -2.488966099917888641e-03 3.200536221265792847e-02 5.232896190136671066e-03 3.666486511230468750e+02
-3.221349716186523438e-01 -2.414453541859984398e-03 3.226700797677040100e-02 4.830895457416772842e-03 3.673982849121093750e+02
-2.980595827102661133e-01 -2.340366365388035774e-03 3.250855207443237305e-02 4.425143357366323471e-03 3.681478881835937500e+02
-2.737994194030761719e-01 -2.265415387228131294e-03 3.272980824112892151e-02 4.016151651740074158e-03 3.688974914550781250e+02
-2.493696510791778564e-01 -2.187393838539719582e-03 3.293061628937721252e-02 3.605537116527557373e-03 3.696470947265625000e+02
-2.247854620218276978e-01 -2.110567642375826836e-03 3.311089426279067993e-02 3.191182855516672134e-03 3.703966979980468750e+02
-2.000623047351837158e-01 -2.028528600931167603e-03 3.327045217156410217e-02 2.776963869109749794e-03 3.711463012695312500e+02
-1.752154380083084106e-01 -1.947100972756743431e-03 3.340930119156837463e-02 2.360488288104534149e-03 3.718959045410156250e+02
-1.502604186534881592e-01 -1.862991601228713989e-03 3.352732583880424500e-02 1.943725161254405975e-03 3.726454772949218750e+02
-1.252127289772033691e-01 -1.783787505701184273e-03 3.362451121211051941e-02 1.522175152786076069e-03 3.733950500488281250e+02
-1.000882387161254883e-01 -1.698632724583148956e-03 3.370061889290809631e-02 1.101563335396349430e-03 3.741446228027343750e+02
-7.490244507789611816e-02 -1.613784348592162132e-03 3.375569730997085571e-02 6.794906221330165863e-04 3.748941955566406250e+02
