-1.597952590410201175e-04
-2.628922168917195669e-04
-3.521742166739229643e-04
-4.392762572513181753e-04
-5.200159750400906332e-04
-5.937589933154080110e-04
-6.620703797497732484e-04
-7.270055808231650320e-04
-7.903963081201267026e-04
-8.535653796072126655e-04
-9.172570316429947464e-04
-9.817051959341341859e-04
-1.046775712948006410e-03
-1.112126710976873685e-03
-1.177348444725019334e-03
-1.242062777829605787e-03
-1.305978144228047214e-03
-1.368906260000746439e-03
-1.430752021884050974e-03
-1.491488934712720867e-03
-1.551130520492726350e-03
-1.609704928882902449e-03
-1.667236551230698348e-03
-1.723735586651648595e-03
-1.779194567070196790e-03
-1.833589851911932109e-03
-1.886885885168885276e-03
-1.939040311002952289e-03
-1.990008607824714313e-03
-2.039747512700857204e-03
-2.088217028260416427e-03
-2.135381165171748238e-03
-2.181207764685950089e-03
-2.225667795125470857e-03
-2.268734468480800275e-03
-2.310382425401211366e-03
-2.350587127500884319e-03
-2.389324501194568014e-03
-2.426570810297627896e-03
-2.462302697995391500e-03
-2.496497328001562842e-03
-2.529132562026855519e-03
-2.560187127585204780e-03
-2.589640749677156548e-03
-2.617474237088834518e-03
-2.643669526477154374e-03
-2.668209694382425636e-03
-2.691078949611176545e-03
-2.712262617362666637e-03
-2.731747123558649938e-03
-2.749519984378818657e-03
-2.765569802874930008e-03
-2.779886272232052515e-03
-2.792460183941106785e-03
-2.803283438648276286e-03
-2.812349057604157133e-03
-2.819651193141369926e-03
-2.825185137211616224e-03
-2.828947327600133711e-03
-2.830935351841106732e-03
-2.831147949130369788e-03
-2.829585010622375722e-03
-2.826247578475035282e-03
-2.821137843947697788e-03
-2.814259144717279771e-03
-2.805615961506483392e-03
-2.795213914023147051e-03
-2.783059756172166169e-03
-2.769161370480369925e-03
-2.753527761678999358e-03
-2.736169049405339296e-03
-2.717096460000269654e-03
-2.696322317415033622e-03
-2.673860033225052609e-03
-2.649724095802119712e-03
-2.623930058654772024e-03
-2.596494527991576214e-03
-2.567435149523084308e-03
-2.536770594546277485e-03
-2.504520545328801744e-03
-2.470705679831416979e-03
-2.435347655776836946e-03
-2.398469094109725516e-03
-2.360093561852886872e-03
-2.320245554403952727e-03
-2.278950477289244225e-03
-2.236234627392749870e-03
-2.192125173719616446e-03
-2.146650137684470543e-03
-2.099838372976156175e-03
-2.051719545019902932e-03
-2.002324110066695112e-03
-1.951683293929276381e-03
-1.899829070397039991e-03
-1.846794139356589762e-03
-1.792611904635185932e-03
-1.737316451589964242e-03
-1.680942524481012813e-03
-1.623525503624396104e-03
-1.565101382365439390e-03
-1.505706743886602592e-03
-1.445378737861725696e-03
-1.384155056985211666e-03
-1.322073913375546418e-03
-1.259174014887464148e-03
-1.195494541336577848e-03
-1.131075120636794006e-03
-1.065955804897482590e-03
-1.000177046443494764e-03
-9.337796737992673903e-04
-8.668048676482887098e-04
-7.992941367477637013e-04
-7.312892938189213257e-04
-6.628324314403787835e-04
-5.939658978915705661e-04
-5.247322730194110916e-04
-4.551743440726061028e-04
-3.853350815330630120e-04
-3.152576149484471926e-04
-2.449852087462220493e-04
-1.745612380519285633e-04
-1.040291644846612731e-04
-3.343251196415175132e-05
3.718515750585964322e-05
1.077802680642478840e-04
1.783092542298941386e-04
2.487285851478067628e-04
3.189947888499932100e-04
3.890644765526342689e-04
4.588943669419071449e-04
5.284413104868498174e-04
5.976623137862382019e-04
6.665145639032338904e-04
7.349554527419090936e-04
8.029426014123469636e-04
8.704338846363871398e-04
9.373874551298514790e-04
1.003761768005183037e-03
1.069515605171863842e-03
1.134608099713729952e-03
1.198998760270556744e-03
1.262647495375352489e-03
1.325514637765251493e-03
1.387560968649027664e-03
1.448747741906013633e-03
1.509036708230871576e-03
1.568390139171065966e-03
1.626770851086501877e-03
1.684142228970592937e-03
1.740468250145084774e-03
1.795713507797429536e-03
1.849843234347440862e-03
1.902823324607314437e-03
1.954620358726229506e-03
2.005201624897772275e-03
2.054535141789257981e-03
2.102589680691015466e-03
2.149334787338755531e-03
2.194740803392312891e-03
2.238778887546582098e-03
2.281421036242052384e-03
2.322640103943642269e-03
2.362409822968955346e-03
2.400704822827887455e-03
2.437500649052053419e-03
2.472773781487534565e-03
2.506501652000669555e-03
2.538662661603008179e-03
2.569236196947004627e-03
2.598202646160369545e-03
2.625543414000967770e-03
2.651240936321224134e-03
2.675278693773790704e-03
2.697641224788865227e-03
2.718314137753287830e-03
2.737284122398364865e-03
2.754538960360927453e-03
2.770067534903137597e-03
2.783859839782438974e-03
2.795906987226307559e-03
2.806201215036675887e-03
2.814735892775277817e-03
2.821505527042969790e-03
2.826505765826920966e-03
2.829733401917325451e-03
2.831186375385301695e-03
2.830863775115060113e-03
2.828765839390115586e-03
2.824893955535444801e-03
2.819250658610606298e-03
2.811839629163764061e-03
2.802665690048515047e-03
2.791734802314157094e-03
2.779054060166623406e-03
2.764631685031565794e-03
2.748477018713734159e-03
2.730600515668556161e-03
2.711013734420324867e-03
2.689729328111960423e-03
2.666761034238152809e-03
2.642123663558420578e-03
2.615833088222893101e-03
2.587906229125472996e-03
2.558361042520758064e-03
2.527216505915866589e-03
2.494492603261043613e-03
2.460210309483069381e-03
2.424391574368382849e-03
2.387059305834889934e-03
2.348237352609361395e-03
2.307950486358148218e-03
2.266224383266641357e-03
2.223085605136059396e-03
2.178561579983820818e-03
2.132680582212494440e-03
2.085471712352447195e-03
2.036964876389396432e-03
1.987190764774956694e-03
1.936180831045581979e-03
1.883967270149099985e-03
1.830582996478576389e-03
1.776061621643535478e-03
1.720437431984442583e-03
1.663745365883594150e-03
1.606020990849995255e-03
1.547300480459152649e-03
1.487620591092802570e-03
1.427018638569176436e-03
1.365532474622022921e-03
1.303200463285153748e-03
1.240061457163951211e-03
1.176154773647543166e-03
1.111520171024227288e-03
1.046197824544619660e-03
9.802283024551773118e-04
9.136525419533540878e-04
8.465118251353176979e-04
7.788477549151222139e-04
7.107022309019848287e-04
6.421174252834199086e-04
5.731357586740915477e-04
5.037998759770193069e-04
4.341526222096999277e-04
3.642370183422093729e-04
2.940962371232958635e-04
2.237735788842607312e-04
1.533124473750318889e-04
8.275632553446433969e-05
1.214875131663522606e-05
-5.846670655706863635e-05
-1.290464727887927459e-04
-1.995469897936359585e-04
-2.699247418973949172e-04
-3.401362796553280806e-04
-4.101382441106038511e-04
-4.798873911134143009e-04
-5.493406156227197351e-04
-6.184549760618390443e-04
-6.871877186758604868e-04
-7.554963018732903943e-04
-8.233384206456124824e-04
-8.906720309223872768e-04
-9.574553739970523628e-04
-1.023647000912432381e-03
-1.089205796844956546e-03
-1.154091005515440636e-03
-1.218262253526398347e-03
-1.281679574703078941e-03
-1.344303434402275904e-03
-1.406094753746391134e-03
-1.467014933822676946e-03
-1.527025879774384200e-03
-1.586090024840368980e-03
-1.644170354266611192e-03
-1.701230429079838256e-03
-1.757234409752550562e-03
-1.812147079688574596e-03
-1.865933868514381465e-03
-1.918560875203446101e-03
-1.969994890925810208e-03
-2.020203421683352662e-03
-2.069154710677891234e-03
-2.116817760321846719e-03
-2.163162353999627946e-03
-2.208159077417755269e-03
-2.251779339608358989e-03
-2.293995393495376969e-03
-2.334780356067241939e-03
-2.374108228035999579e-03
-2.411953913043131219e-03
-2.448293236317648433e-03
-2.483102962804620371e-03
-2.516360814694603917e-03
-2.548045488361783822e-03
-2.578136670662783091e-03
-2.606615054571879628e-03
-2.633462354126128637e-03
-2.658661318668121068e-03
-2.682195746334176383e-03
-2.704050496788222048e-03
-2.724211503170983865e-03
-2.742665783234115185e-03
-2.759401449660534369e-03
-2.774407719520067227e-03
-2.787674922869925413e-03
-2.799194510480163423e-03
-2.808959060650621873e-03
-2.816962285130516531e-03
-2.823199034116605135e-03
-2.827665300319811593e-03
-2.830358222099701743e-03
-2.831276085658661346e-03
-2.830418326288579832e-03
-2.827785528672131874e-03
-2.823379426238165416e-03
-2.817202899574341220e-03
-2.809259973893868043e-03
-2.799555815574274794e-03
-2.788096727767174106e-03
-2.774890145087258956e-03
-2.759944627398563943e-03
-2.743269852711216743e-03
-2.724876609186076791e-03
-2.704776786295789645e-03
-2.682983365122169808e-03
-2.659510407844951300e-03
-2.634373046404738308e-03
-2.607587470410384876e-03
-2.579170914254629021e-03
-2.549141643508054996e-03
-2.517518940611078882e-03
-2.484323089844647000e-03
-2.449575361689557054e-03
-2.413297996488773019e-03
-2.375514187577002553e-03
-2.336248063752896596e-03
-2.295524671266117086e-03
-2.253369955240496370e-03
-2.209810740610220273e-03
-2.164874712601730453e-03
-2.118590396761948873e-03
-2.070987138574001928e-03
-2.022095082692075205e-03
-1.971945151816360819e-03
-1.920569025251278291e-03
-1.867999117090253253e-03
-1.814268554230273394e-03
-1.759411154019990993e-03
-1.703461401722528154e-03
-1.646454427747962371e-03
-1.588425984725001924e-03
-1.529412424328358217e-03
-1.469450674019595962e-03
-1.408578213627721372e-03
-1.346833051777368171e-03
-1.284253702259699134e-03
-1.220879160283452110e-03
-1.156748878628109049e-03
-1.091902743778228740e-03
-1.026381051959510734e-03
-9.602244851485958578e-04
-8.934740870379456485e-04
-8.261712389460587960e-04
-7.583576357522691649e-04
-6.900752617544408853e-04
-6.213663665684399226e-04
-5.522734409473926834e-04
-4.828391926520918601e-04
-4.131065222691290926e-04
-3.431184990733649408e-04
-2.729183368000372731e-04
-2.025493695145641850e-04
-1.320550273566981059e-04
-6.147881242005672126e-05
9.135725532340259402e-06
7.974501323637207091e-05
1.503054781962198097e-04
2.207735728860104761e-04
2.911057990468262626e-04
3.612587319487497008e-04
4.311890446736968787e-04
5.008535324396847866e-04
5.702091369172006827e-04
6.392129705618703524e-04
7.078223410023418019e-04
7.759947753972833932e-04
8.436880448005339324e-04
9.108601885825637259e-04
9.774695388296019381e-04
1.043474744726361056e-03
1.108834796943751824e-03
1.173509052040846989e-03
1.237457256795601894e-03
1.300639572529043841e-03
1.363016599430394308e-03
1.424549400731737721e-03
1.485199526909262296e-03
1.544929039743302189e-03
1.603700536342795267e-03
1.661477172982028837e-03
1.718222688887873981e-03
1.773901429814860823e-03
1.828478371485738139e-03
1.881919142843414740e-03
1.934190049095412542e-03
1.985258094493192512e-03
2.035091004882265322e-03
2.083657249979263895e-03
2.130926065322201208e-03
2.176867473882140858e-03
2.221452307315342940e-03
2.264652226872205729e-03
2.306439743793977769e-03
2.346788239369915208e-03
2.385671984445354894e-03
2.423066158475398798e-03
2.458946868004107007e-03
2.493291164650863600e-03
2.526077062445199455e-03
2.557283554599121440e-03
2.586890629605595199e-03
2.614879286693789443e-03
2.641231550560224975e-03
2.665930485381282859e-03
2.688960208073085459e-03
2.710305900733742026e-03
2.729953822324872499e-03
2.747891319489586398e-03
2.764106836561535004e-03
2.778589924733768004e-03
2.791331250416924804e-03
2.802322602773943492e-03
2.811556900450805276e-03
2.819028197492271567e-03
2.824731688374991587e-03
2.828663712120316198e-03
2.830821755337430915e-03
2.831204454071418412e-03
2.829811594311281830e-03
2.826644111048103123e-03
2.821704085884314817e-03
2.814994743349509467e-03
2.806520446289710331e-03
2.796286690926652954e-03
2.784300102346152356e-03
2.770568431246673517e-03
2.755100552549917623e-03
2.737906465977304072e-03
2.718997297854883893e-03
2.698385302246365282e-03
2.676083858217886188e-03
2.652107459077110430e-03
2.626471689082386218e-03
2.599193184016489622e-03
2.570289574851888654e-03
2.539779418178632602e-03
2.507682123684209369e-03
2.474017895844041973e-03
2.438807713142053524e-03
2.402073370343346063e-03
2.363837604824088091e-03
2.324124313925350453e-03
2.282958845022003188e-03
2.240368305084785520e-03
2.196381796462131344e-03
2.151030450914725219e-03
2.104347118376553687e-03
2.056365587979988585e-03
2.007119292730621778e-03
1.956639584778216770e-03
1.904953861204898222e-03
1.852084043587852230e-03
1.798046116503995012e-03
1.742851530783331472e-03
1.686511181911037362e-03
1.629042289519543789e-03
1.570477773249628201e-03
1.510876661619415693e-03
1.450332819581531254e-03
1.388978119440468931e-03
1.326975539767012973e-03
1.264498091178088918e-03
1.201691464291559583e-03
1.138622223503089025e-03
1.075219175299859352e-03
1.011222527115805637e-03
9.461621095807282384e-04
8.793899063995960644e-04
8.101904603709399579e-04
7.379824033553377197e-04
6.626032627334521802e-04
5.846376450188911023e-04
5.057091312742154759e-04
4.286209396214563788e-04
3.572394918230700355e-04
2.961200315444092058e-04
2.496238809108402906e-04
2.165317926322918643e-04
1.643567975810555047e-04
1.835294562009396557e-08
