-3.617526817834004760e-05
-6.006915282341651618e-05
-1.406635128660127521e-04
-2.623584005050361156e-04
-4.073027812410145998e-04
-5.598597344942390919e-04
-7.083195960149168968e-04
-8.454659837298095226e-04
-9.679044014774262905e-04
-1.075191539712250233e-03
-1.168888295069336891e-03
-1.251506386324763298e-03
-1.326062367297708988e-03
-1.395324477925896645e-03
-1.461713807657361031e-03
-1.527135958895087242e-03
-1.592801418155431747e-03
-1.659539761021733284e-03
-1.727537484839558601e-03
-1.796757453121244907e-03
-1.866897684521973133e-03
-1.937436638399958611e-03
-2.007891889661550522e-03
-2.077851444482803345e-03
-2.146848943084478378e-03
-2.214486477896571159e-03
-2.280617831274867058e-03
-2.344982465729117393e-03
-2.407481428235769272e-03
-2.468152903020381927e-03
-2.526959870010614395e-03
-2.583945402875542641e-03
-2.639085520058870316e-03
-2.692519221454858780e-03
-2.744184341281652451e-03
-2.794160274788737297e-03
-2.842453308403491974e-03
-2.889003604650497437e-03
-2.933823270723223686e-03
-2.976849908009171486e-03
-3.018032526597380638e-03
-3.057449823245406151e-03
-3.094922751188278198e-03
-3.130482044070959091e-03
-3.164089517667889595e-03
-3.195754718035459518e-03
-3.225425258278846741e-03
-3.253076225519180298e-03
-3.278649412095546722e-03
-3.302115947008132935e-03
-3.323556855320930481e-03
-3.342880168929696083e-03
-3.360147587954998016e-03
-3.375279484316706657e-03
-3.388300305232405663e-03
-3.399192355573177338e-03
-3.407943993806838989e-03
-3.414545673877000809e-03
-3.419028129428625107e-03
-3.421410452574491501e-03
-3.421598114073276520e-03
-3.419642802327871323e-03
-3.415552666410803795e-03
-3.409354714676737785e-03
-3.400941146537661552e-03
-3.390415804460644722e-03
-3.377784509211778641e-03
-3.362959250807762146e-03
-3.346123266965150833e-03
-3.327166894450783730e-03
-3.306084545329213142e-03
-3.282956546172499657e-03
-3.257767762988805771e-03
-3.230549395084381104e-03
-3.201322630047798157e-03
-3.170077688992023468e-03
-3.136837622150778770e-03
-3.101637121289968491e-03
-3.064570017158985138e-03
-3.025535028427839279e-03
-2.984565682709217072e-03
-2.941794926300644875e-03
-2.897139173001050949e-03
-2.850605407729744911e-03
-2.802349859848618507e-03
-2.752346917986869812e-03
-2.700728131458163261e-03
-2.647356363013386726e-03
-2.592344302684068680e-03
-2.535624196752905846e-03
-2.477432135492563248e-03
-2.417610026895999908e-03
-2.356411423534154892e-03
-2.293760888278484344e-03
-2.229594159871339798e-03
-2.164089819416403770e-03
-2.097160788252949715e-03
-2.028973307460546494e-03
-1.959420740604400635e-03
-1.888792030513286591e-03
-1.816900097765028477e-03
-1.743983477354049683e-03
-1.669836230576038361e-03
-1.594834029674530029e-03
-1.518879085779190063e-03
-1.441978267394006252e-03
-1.364050200209021568e-03
-1.285283942706882954e-03
-1.205607550218701363e-03
-1.125427195802330971e-03
-1.044389093294739723e-03
-9.629288688302040100e-04
-8.806432015262544155e-04
-7.978199864737689495e-04
-7.145088748075067997e-04
-6.311499746516346931e-04
-5.470530013553798199e-04
-4.625729634426534176e-04
-3.779192047659307718e-04
-2.929425972979515791e-04
-2.078773250104859471e-04
-1.225727901328355074e-04
-3.727133298525586724e-05
4.798864028998650610e-05
1.332116953562945127e-04
2.187241043429821730e-04
3.038306313101202250e-04
3.886842168867588043e-04
4.731322405859827995e-04
5.573982489295303822e-04
6.414261879399418831e-04
7.251132046803832054e-04
8.082356071099638939e-04
8.909894968383014202e-04
9.732510079629719257e-04
1.054790918715298176e-03
1.135589438490569592e-03
1.215841970406472683e-03
1.295108348131179810e-03
1.373751438222825527e-03
1.451515592634677887e-03
1.528269145637750626e-03
1.604277756996452808e-03
1.679105334915220737e-03
1.753137563355267048e-03
1.825934043154120445e-03
1.897643203847110271e-03
1.968334894627332687e-03
2.037597121670842171e-03
2.105546416714787483e-03
2.172233536839485168e-03
2.237610751762986183e-03
2.301510656252503395e-03
2.364101819694042206e-03
2.425250830128788948e-03
2.484641037881374359e-03
2.542639384046196938e-03
2.599235158413648605e-03
2.653962932527065277e-03
2.707117702811956406e-03
2.758665708824992180e-03
2.808412769809365273e-03
2.856423379853367805e-03
2.902628853917121887e-03
2.946995431557297707e-03
2.989622531458735466e-03
3.030294552445411682e-03
3.069091122597455978e-03
3.106043441221117973e-03
3.141046967357397079e-03
3.174121724441647530e-03
3.204993670806288719e-03
3.234000410884618759e-03
3.260914236307144165e-03
3.285886021330952644e-03
3.308696672320365906e-03
3.329597413539886475e-03
3.348252503201365471e-03
3.364891512319445610e-03
3.379455534741282463e-03
3.391796723008155823e-03
3.402025206014513969e-03
3.410163102671504021e-03
3.416129155084490776e-03
3.419976215809583664e-03
3.421668196097016335e-03
3.421277040615677834e-03
3.418667241930961609e-03
3.413884434849023819e-03
3.406964009627699852e-03
3.397922031581401825e-03
3.386816475540399551e-03
3.373546525835990906e-03
3.358141519129276276e-03
3.340668044984340668e-03
3.321026219055056572e-03
3.299393225461244583e-03
3.275560680776834488e-03
3.249860601499676704e-03
3.221994964405894279e-03
3.192072967067360878e-03
3.160364925861358643e-03
3.126575145870447159e-03
3.090735990554094315e-03
3.053014632314443588e-03
3.013299545273184776e-03
2.971839625388383865e-03
2.928449539467692375e-03
2.883371198549866676e-03
2.836354309692978859e-03
2.787703415378928185e-03
2.737005241215229034e-03
2.684798324480652809e-03
2.630817471072077751e-03
2.575445221737027168e-03
2.518565859645605087e-03
2.459674607962369919e-03
2.399538177996873856e-03
2.337793353945016861e-03
2.274508122354745865e-03
2.209799829870462418e-03
2.143678721040487289e-03
2.076579257845878601e-03
2.008052542805671692e-03
1.938478671945631504e-03
1.867291168309748173e-03
1.795152202248573303e-03
1.722119632177054882e-03
1.647525350563228130e-03
1.572201028466224670e-03
1.495763659477233887e-03
1.418330124579370022e-03
1.340615795925259590e-03
1.261457102373242378e-03
1.181430532597005367e-03
1.101315370760858059e-03
1.019880874082446098e-03
9.381037089042365551e-04
8.555900421924889088e-04
7.727742195129394531e-04
6.899819709360599518e-04
6.059808656573295593e-04
5.217600264586508274e-04
4.373246338218450546e-04
3.523237246554344893e-04
2.672565751709043980e-04
1.821648329496383667e-04
9.701473027234897017e-05
1.146145496022654697e-05
-7.397097942885011435e-05
-1.592440530657768250e-04
-2.447146398480981588e-04
-3.295395290479063988e-04
-4.141619720030575991e-04
-4.985938430763781071e-04
-5.828068824484944344e-04
-6.667191046290099621e-04
-7.499395869672298431e-04
-8.328695548698306084e-04
-9.154728613793849945e-04
-9.976311121135950089e-04
-1.078868983313441277e-03
-1.159618259407579899e-03
-1.239743200130760670e-03
-1.318552764132618904e-03
-1.397189567796885967e-03
-1.474672812037169933e-03
-1.551438355818390846e-03
-1.627333112992346287e-03
-1.701692584902048111e-03
-1.775472890585660934e-03
-1.847970648668706417e-03
-1.918872934766113758e-03
-1.989154610782861710e-03
-2.058136276900768280e-03
-2.125669969245791435e-03
-2.192101906985044479e-03
-2.256759442389011383e-03
-2.320325933396816254e-03
-2.382645150646567345e-03
-2.443079836666584015e-03
-2.502266317605972290e-03
-2.559829968959093094e-03
-2.615891862660646439e-03
-2.670084591954946518e-03
-2.722806064411997795e-03
-2.773736836388707161e-03
-2.822925802320241928e-03
-2.870529191568493843e-03
-2.916055731475353241e-03
-2.959947800263762474e-03
-3.002142067998647690e-03
-3.042289987206459045e-03
-3.080328227952122688e-03
-3.116835141554474831e-03
-3.151198383420705795e-03
-3.183583961799740791e-03
-3.214036580175161362e-03
-3.242385340854525566e-03
-3.268758300691843033e-03
-3.292992943897843361e-03
-3.315251320600509644e-03
-3.335408400744199753e-03
-3.353417851030826569e-03
-3.369471756741404533e-03
-3.383277682587504387e-03
-3.395011881366372108e-03
-3.404676681384444237e-03
-3.412150079384446144e-03
-3.417474683374166489e-03
-3.420682623982429504e-03
-3.421739209443330765e-03
-3.420667955651879311e-03
-3.417399246245622635e-03
-3.412059741094708443e-03
-3.404506482183933258e-03
-3.394874045625329018e-03
-3.383022965863347054e-03
-3.369184443727135658e-03
-3.353185020387172699e-03
-3.335099201649427414e-03
-3.314704401418566704e-03
-3.292458131909370422e-03
-3.268141066655516624e-03
-3.241817001253366470e-03
-3.213156247511506081e-03
-3.182945540174841881e-03
-3.150085452944040298e-03
-3.115801839157938957e-03
-3.079579910263419151e-03
-3.041185205802321434e-03
-3.000980708748102188e-03
-2.959041623398661613e-03
-2.915347693488001823e-03
-2.869413001462817192e-03
-2.821913920342922211e-03
-2.772313775494694710e-03
-2.721698489040136337e-03
-2.668993547558784485e-03
-2.614213852211833000e-03
-2.558142878115177155e-03
-2.500735223293304443e-03
-2.441906603053212166e-03
-2.381117315962910652e-03
-2.319002291187644005e-03
-2.255144994705915451e-03
-2.190099796280264854e-03
-2.124001970514655113e-03
-2.056136960163712502e-03
-1.987257739529013634e-03
-1.916770590469241142e-03
-1.845463644713163376e-03
-1.773217227309942245e-03
-1.700027729384601116e-03
-1.625162316486239433e-03
-1.548928907141089439e-03
-1.472784089855849743e-03
-1.395164523273706436e-03
-1.316214329563081264e-03
-1.237558084540069103e-03
-1.158165046945214272e-03
-1.076645450666546822e-03
-9.955812711268663406e-04
-9.132568957284092903e-04
-8.313932339660823345e-04
-7.482357323169708252e-04
-6.640336941927671432e-04
-5.804908578284084797e-04
-4.959310172125697136e-04
-4.120132944080978632e-04
-3.269974840804934502e-04
-2.418736548861488700e-04
-1.559832307975739241e-04
-7.105647819116711617e-05
1.462912860006326810e-05
9.937438153428956866e-05
1.848859101301059127e-04
2.694754803087562323e-04
3.547716187313199043e-04
4.390977846924215555e-04
5.240285536274313927e-04
6.085300701670348644e-04
6.918665021657943726e-04
7.756355335004627705e-04
8.581650326959788799e-04
9.403275907970964909e-04
1.021431176923215389e-03
1.102980575524270535e-03
1.183244516141712666e-03
1.263065729290246964e-03
1.342884381301701069e-03
1.420446438714861870e-03
1.498101279139518738e-03
1.574204186908900738e-03
1.650145044550299644e-03
1.723808702081441879e-03
1.796753495000302792e-03
1.869480125606060028e-03
1.940468326210975647e-03
2.009790623560547829e-03
2.078242367133498192e-03
2.146156737580895424e-03
2.211591694504022598e-03
2.276023849844932556e-03
2.339246915653347969e-03
2.400725614279508591e-03
2.461447380483150482e-03
2.520123496651649475e-03
2.576863858848810196e-03
2.632285002619028091e-03
2.686196705326437950e-03
2.738189417868852615e-03
2.788692247122526169e-03
2.837625565007328987e-03
2.884424757212400436e-03
2.929549664258956909e-03
2.972991438582539558e-03
3.013975452631711960e-03
3.053692169487476349e-03
3.091593040153384209e-03
3.127311589196324348e-03
3.161170752719044685e-03
3.193029901012778282e-03
3.222482511773705482e-03
3.250317648053169250e-03
3.276247531175613403e-03
3.300029318779706955e-03
3.321598749607801437e-03
3.341101808473467827e-03
3.358551301062107086e-03
3.373844549059867859e-03
3.387115197256207466e-03
3.398230299353599548e-03
3.407110227271914482e-03
3.413987811654806137e-03
3.418669104576110840e-03
3.421192523092031479e-03
3.421636531129479408e-03
3.419957356527447701e-03
3.416022052988409996e-03
3.410079050809144974e-03
3.401904366910457611e-03
3.391513135284185410e-03
3.379179397597908974e-03
3.364527830854058266e-03
3.347971942275762558e-03
3.329165047034621239e-03
3.308231709524989128e-03
3.285545157268643379e-03
3.260276280343532562e-03
3.233089111745357513e-03
3.204247215762734413e-03
3.173178294673562050e-03
3.140132641419768333e-03
3.105246694758534431e-03
3.068149788305163383e-03
3.029254032298922539e-03
2.988939639180898666e-03
2.946306718513369560e-03
2.901572268456220627e-03
2.855215454474091530e-03
2.807193901389837265e-03
2.757549518719315529e-03
2.705845516175031662e-03
2.652650699019432068e-03
2.597514539957046509e-03
2.541031222790479660e-03
2.483186312019824982e-03
2.423381200060248375e-03
2.362388186156749725e-03
2.300058491528034210e-03
2.235854743048548698e-03
2.170474734157323837e-03
2.104019047692418098e-03
2.035759156569838524e-03
1.966448966413736343e-03
1.895570661872625351e-03
1.823828439228236675e-03
1.751204603351652622e-03
1.677699503488838673e-03
1.602564239874482155e-03
1.525934087112545967e-03
1.449533738195896149e-03
1.371641876175999641e-03
1.292422413825988770e-03
1.213545096106827259e-03
1.133951358497142792e-03
1.052234438247978687e-03
9.709586156532168388e-04
8.891876786947250366e-04
8.061720291152596474e-04
7.228798349387943745e-04
6.386223249137401581e-04
5.550642381422221661e-04
4.704611201304942369e-04
3.865094622597098351e-04
3.014590474776923656e-04
2.162969176424667239e-04
1.303730678046122193e-04
4.543551040114834905e-05
