0.000000000000000000e+00 0.000000000000000000e+00 3.333333507180213928e-02 0.000000000000000000e+00 0.000000000000000000e+00
2.499537169933319092e-02 -1.061141156242229044e-04 3.333333507180213928e-02 -7.498146442230790854e-05 7.495833635330200195e-01
4.998543858528137207e-02 -1.883756485767662525e-04 3.332958742976188660e-02 -1.732204109430313110e-04 1.499166965484619141e+00
7.496859133243560791e-02 -4.069265851285308599e-04 3.332092612981796265e-02 -4.016479360871016979e-04 2.248750686645507812e+00
9.993432462215423584e-02 -7.386150537058711052e-04 3.330084308981895447e-02 -7.977795321494340897e-04 2.998335123062133789e+00
1.248684301972389221e-01 -1.091760932467877865e-03 3.326095268130302429e-02 -1.345702679827809334e-03 3.747920513153076172e+00
1.497549861669540405e-01 -1.376723637804389000e-03 3.319366648793220520e-02 -1.999688800424337387e-03 4.497507572174072266e+00
1.745768636465072632e-01 -1.536886207759380341e-03 3.309368342161178589e-02 -2.704683691263198853e-03 5.247096538543701172e+00
1.993158012628555298e-01 -1.554826856590807438e-03 3.295844793319702148e-02 -3.410880919545888901e-03 5.996688365936279297e+00
2.239524573087692261e-01 -1.444104360416531563e-03 3.278790414333343506e-02 -4.081172402948141098e-03 6.746283531188964844e+00
2.484668195247650146e-01 -1.236745971255004406e-03 3.258384391665458679e-02 -4.693378228694200516e-03 7.495882987976074219e+00
2.728385627269744873e-01 -9.714966872707009315e-04 3.234917670488357544e-02 -5.239056423306465149e-03 8.245487213134765625e+00
2.970476746559143066e-01 -6.845438620075583458e-04 3.208722546696662903e-02 -5.720112938433885574e-03 8.995096206665039062e+00
3.210747539997100830e-01 -4.049913550261408091e-04 3.180122002959251404e-02 -6.145480554550886154e-03 9.744710922241210938e+00
3.449014127254486084e-01 -1.522125094197690487e-04 3.149394690990447998e-02 -6.527410820126533508e-03 1.049433231353759766e+01
3.685103654861450195e-01 6.348924944177269936e-05 3.116757608950138092e-02 -6.878968328237533569e-03 1.124396038055419922e+01
3.918854296207427979e-01 2.392771275481209159e-04 3.082362748682498932e-02 -7.212237454950809479e-03 1.199359607696533203e+01
4.150114357471466064e-01 3.781365812756121159e-04 3.046301566064357758e-02 -7.536964956670999527e-03 1.274323940277099609e+01
4.378740489482879639e-01 4.860437184106558561e-04 3.008616715669631958e-02 -7.860478945076465607e-03 1.349289131164550781e+01
4.604595601558685303e-01 5.709956167265772820e-04 2.969314344227313995e-02 -8.187222294509410858e-03 1.424255084991455078e+01
4.827546775341033936e-01 6.408902700059115887e-04 2.928378246724605560e-02 -8.519389666616916656e-03 1.499221897125244141e+01
5.047463774681091309e-01 7.028083200566470623e-04 2.885781228542327881e-02 -8.857305161654949188e-03 1.574189662933349609e+01
5.264218449592590332e-01 7.627184386365115643e-04 2.841494791209697723e-02 -9.199775755405426025e-03 1.649158287048339844e+01
5.477682948112487793e-01 8.247788064181804657e-04 2.795495837926864624e-02 -9.544840082526206970e-03 1.724127960205078125e+01
5.687730312347412109e-01 8.913378114812076092e-04 2.747771702706813812e-02 -9.890311397612094879e-03 1.799098587036132812e+01
5.894232988357543945e-01 9.636739850975573063e-04 2.698320150375366211e-02 -1.023383438587188721e-02 1.874070167541503906e+01
6.097064018249511719e-01 1.042115967720746994e-03 2.647151052951812744e-02 -1.057314313948154449e-02 1.949042701721191406e+01
6.296098232269287109e-01 1.125743496231734753e-03 2.594285272061824799e-02 -1.090658456087112427e-02 2.024016189575195312e+01
6.491210460662841797e-01 1.213650684803724289e-03 2.539752423763275146e-02 -1.123268809169530869e-02 2.098990821838378906e+01
6.682277917861938477e-01 1.304584322497248650e-03 2.483589015901088715e-02 -1.155041996389627457e-02 2.173966407775878906e+01
6.869180202484130859e-01 1.396984909661114216e-03 2.425836957991123199e-02 -1.185930520296096802e-02 2.248943138122558594e+01
7.051798701286315918e-01 1.489708083681762218e-03 2.366540394723415375e-02 -1.215905416756868362e-02 2.323920822143554688e+01
7.230017185211181641e-01 1.581749529577791691e-03 2.305745147168636322e-02 -1.244963612407445908e-02 2.398899650573730469e+01
7.403723597526550293e-01 1.672559417784214020e-03 2.243497036397457123e-02 -1.273102592676877975e-02 2.473879623413085938e+01
7.572807669639587402e-01 1.761386753059923649e-03 2.179841883480548859e-02 -1.300351787358522415e-02 2.548860549926757812e+01
7.737163305282592773e-01 1.848166692070662975e-03 2.114824205636978149e-02 -1.326719392091035843e-02 2.623842620849609375e+01
7.896687388420104980e-01 1.932682353071868420e-03 2.048488147556781769e-02 -1.352226641029119492e-02 2.698825645446777344e+01
8.051279187202453613e-01 2.014931524172425270e-03 1.980876736342906952e-02 -1.376888342201709747e-02 2.773809623718261719e+01
8.200842738151550293e-01 2.095189178362488747e-03 1.912032254040241241e-02 -1.400700863450765610e-02 2.848794746398925781e+01
8.345283865928649902e-01 2.173558808863162994e-03 1.841997168958187103e-02 -1.423663180321455002e-02 2.923780822753906250e+01
8.484512567520141602e-01 2.250278135761618614e-03 1.770813949406147003e-02 -1.445761695504188538e-02 2.998767852783203125e+01
8.618441820144653320e-01 2.325545297935605049e-03 1.698525808751583099e-02 -1.466976478695869446e-02 3.073755836486816406e+01
8.746987581253051758e-01 2.399113029241561890e-03 1.625176891684532166e-02 -1.487311255186796188e-02 3.148744773864746094e+01
8.870069980621337891e-01 2.471382962539792061e-03 1.550811342895030975e-02 -1.506732404232025146e-02 3.223734664916992188e+01
8.987611532211303711e-01 2.542275935411453247e-03 1.475474704056978226e-02 -1.525224652141332626e-02 3.298725509643554688e+01
9.099538922309875488e-01 2.611752599477767944e-03 1.399213448166847229e-02 -1.542771328240633011e-02 3.373717117309570312e+01
9.205782413482666016e-01 2.679650438949465752e-03 1.322074886411428452e-02 -1.559364981949329376e-02 3.448709487915039062e+01
9.306274652481079102e-01 2.745973179116845131e-03 1.244106609374284744e-02 -1.574990898370742798e-02 3.523702621459960938e+01
9.400953054428100586e-01 2.810696372762322426e-03 1.165357045829296112e-02 -1.589635387063026428e-02 3.598696517944335938e+01
9.489758014678955078e-01 2.873881720006465912e-03 1.085875276476144791e-02 -1.603278145194053650e-02 3.673691177368164062e+01
9.572634100914001465e-01 2.935515251010656357e-03 1.005711406469345093e-02 -1.615901477634906769e-02 3.748686599731445312e+01
9.649528861045837402e-01 2.995229326188564301e-03 9.249163791537284851e-03 -1.627511158585548401e-02 3.823682785034179688e+01
9.720394015312194824e-01 3.053115913644433022e-03 8.435408584773540497e-03 -1.638093777000904083e-02 3.898679351806640625e+01
9.785185456275939941e-01 3.108952892944216728e-03 7.616361603140830994e-03 -1.647653430700302124e-02 3.973676681518554688e+01
9.843862056732177734e-01 3.162871347740292549e-03 6.792535074055194855e-03 -1.656176894903182983e-02 4.048674392700195312e+01
9.896386861801147461e-01 3.214789321646094322e-03 5.964446812868118286e-03 -1.663661189377307892e-02 4.123672485351562500e+01
9.942727088928222656e-01 3.264690982177853584e-03 5.132616031914949417e-03 -1.670100912451744080e-02 4.198670959472656250e+01
9.982854127883911133e-01 3.312560962513089180e-03 4.297565668821334839e-03 -1.675491034984588623e-02 4.273669815063476562e+01
1.001674175262451172e+00 3.358383430168032646e-03 3.459820058196783066e-03 -1.679826341569423676e-02 4.348669052124023438e+01
1.004436969757080078e+00 3.402027534320950508e-03 2.619906794279813766e-03 -1.683110184967517853e-02 4.423668670654296875e+01
1.006572008132934570e+00 3.443378256633877754e-03 1.778351608663797379e-03 -1.685349084436893463e-02 4.498668289184570312e+01
1.008077979087829590e+00 3.482688916847109795e-03 9.356770315207540989e-04 -1.686527952551841736e-02 4.573668289184570312e+01
1.008953928947448730e+00 3.519858466461300850e-03 9.241304360330104828e-05 -1.686647161841392517e-02 4.648668289184570312e+01
1.009199261665344238e+00 3.554804716259241104e-03 -7.509105489589273930e-04 -1.685709506273269653e-02 4.723668289184570312e+01
1.008813858032226562e+00 3.587417304515838623e-03 -1.593765337020158768e-03 -1.683722250163555145e-02 4.798668289184570312e+01
1.007797956466674805e+00 3.617995884269475937e-03 -2.435626462101936340e-03 -1.680667884647846222e-02 4.873668289184570312e+01
1.006152153015136719e+00 3.646294586360454559e-03 -3.275960450991988182e-03 -1.676556468009948730e-02 4.948668289184570312e+01
1.003877520561218262e+00 3.672222606837749481e-03 -4.114238545298576355e-03 -1.671396195888519287e-02 5.023667907714843750e+01
1.000975489616394043e+00 3.696036059409379959e-03 -4.949936643242835999e-03 -1.665173657238483429e-02 5.098667526245117188e+01
9.974478483200073242e-01 3.717260435223579407e-03 -5.782523658126592636e-03 -1.657918281853199005e-02 5.173666763305664062e+01
9.932968616485595703e-01 3.736133454367518425e-03 -6.611482705920934677e-03 -1.649626530706882477e-02 5.248665618896484375e+01
9.885250926017761230e-01 3.752789925783872604e-03 -7.436295971274375916e-03 -1.640294119715690613e-02 5.323664093017578125e+01
9.831355810165405273e-01 3.767043584957718849e-03 -8.256442844867706299e-03 -1.629934646189212799e-02 5.398662185668945312e+01
9.771316647529602051e-01 3.778922837227582932e-03 -9.071409702301025391e-03 -1.618553698062896729e-02 5.473659896850585938e+01
9.705171585083007812e-01 3.788393223658204079e-03 -9.880686178803443909e-03 -1.606160961091518402e-02 5.548656845092773438e+01
9.632961750030517578e-01 3.795433323830366135e-03 -1.068376656621694565e-02 -1.592766866087913513e-02 5.623653411865234375e+01
9.554732441902160645e-01 3.800130216404795647e-03 -1.148014981299638748e-02 -1.578375324606895447e-02 5.698649215698242188e+01
9.470533132553100586e-01 3.802498104050755501e-03 -1.226933766156435013e-02 -1.562993042171001434e-02 5.773644638061523438e+01
9.380416274070739746e-01 3.802486928179860115e-03 -1.305083371698856354e-02 -1.546631194651126862e-02 5.848639297485351562e+01
9.284439086914062500e-01 3.799871075898408890e-03 -1.382414903491735458e-02 -1.529316231608390808e-02 5.923633193969726562e+01
9.182661175727844238e-01 3.794986521825194359e-03 -1.458880677819252014e-02 -1.511043403297662735e-02 5.998626327514648438e+01
9.075146317481994629e-01 3.787909168750047684e-03 -1.534432824701070786e-02 -1.491815410554409027e-02 6.073618698120117188e+01
8.961961865425109863e-01 3.778310492634773254e-03 -1.609023660421371460e-02 -1.471661310642957687e-02 6.148610305786132812e+01
8.843179345130920410e-01 3.766435664147138596e-03 -1.682606711983680725e-02 -1.450582221150398254e-02 6.223600769042968750e+01
8.718872666358947754e-01 3.752421122044324875e-03 -1.755135878920555115e-02 -1.428579073399305344e-02 6.298590469360351562e+01
8.589119911193847656e-01 3.735893405973911285e-03 -1.826564781367778778e-02 -1.405684184283018112e-02 6.373579406738281250e+01
8.454002737998962402e-01 3.716927254572510719e-03 -1.896848902106285095e-02 -1.381913106888532639e-02 6.448567199707031250e+01
8.313605785369873047e-01 3.695287043228745461e-03 -1.965944468975067139e-02 -1.357301697134971619e-02 6.523554229736328125e+01
8.168016672134399414e-01 3.671477315947413445e-03 -2.033809572458267212e-02 -1.331843808293342590e-02 6.598539733886718750e+01
8.017326593399047852e-01 3.645425662398338318e-03 -2.100401744246482849e-02 -1.305556856095790863e-02 6.673524475097656250e+01
7.861630320549011230e-01 3.617408452555537224e-03 -2.165679633617401123e-02 -1.278437580913305283e-02 6.748508453369140625e+01
7.701025605201721191e-01 3.586874576285481453e-03 -2.229601517319679260e-02 -1.250531710684299469e-02 6.823490905761718750e+01
7.535612583160400391e-01 3.554271534085273743e-03 -2.292128093540668488e-02 -1.221835706382989883e-02 6.898472595214843750e+01
7.365494966506958008e-01 3.519095014780759811e-03 -2.353219874203205109e-02 -1.192398183047771454e-02 6.973453521728515625e+01
7.190778851509094238e-01 3.481601364910602570e-03 -2.412839792668819427e-02 -1.162234228104352951e-02 7.048432922363281250e+01
7.011573910713195801e-01 3.442230168730020523e-03 -2.470951527357101440e-02 -1.131338346749544144e-02 7.123411560058593750e+01
6.827992200851440430e-01 3.400685032829642296e-03 -2.527518384158611298e-02 -1.099742483347654343e-02 7.198389434814453125e+01
6.640148162841796875e-01 3.357259323820471764e-03 -2.582505531609058380e-02 -1.067448407411575317e-02 7.273365783691406250e+01
6.448159813880920410e-01 3.311655716970562935e-03 -2.635877951979637146e-02 -1.034490764141082764e-02 7.348341369628906250e+01
6.252146959304809570e-01 3.264243947342038155e-03 -2.687602490186691284e-02 -1.000868901610374451e-02 7.423315429687500000e+01
6.052232384681701660e-01 3.214390715584158897e-03 -2.737645991146564484e-02 -9.666405618190765381e-03 7.498288726806640625e+01
5.848541259765625000e-01 3.162662032991647720e-03 -2.785978093743324280e-02 -9.318040683865547180e-03 7.573261260986328125e+01
5.641200542449951172e-01 3.108684904873371124e-03 -2.832568250596523285e-02 -8.964051492512226105e-03 7.648232269287109375e+01
5.430340170860290527e-01 3.053150605410337448e-03 -2.877388522028923035e-02 -8.604297414422035217e-03 7.723202514648437500e+01
5.216091871261596680e-01 2.995274495333433151e-03 -2.920410037040710449e-02 -8.239445276558399200e-03 7.798171997070312500e+01
4.998589158058166504e-01 2.935327822342514992e-03 -2.961607277393341064e-02 -7.869716733694076538e-03 7.873140716552734375e+01
4.777968227863311768e-01 2.873605815693736076e-03 -3.000955842435359955e-02 -7.495246827602386475e-03 7.948107910156250000e+01
4.554366469383239746e-01 2.810613019391894341e-03 -3.038432076573371887e-02 -7.115933112800121307e-03 8.023074340820312500e+01
4.327923655509948730e-01 2.746025798842310905e-03 -3.074011765420436859e-02 -6.732085254043340683e-03 8.098040008544921875e+01
4.098781347274780273e-01 2.680073259398341179e-03 -3.107672184705734253e-02 -6.343750283122062683e-03 8.173004913330078125e+01
3.867082893848419189e-01 2.611732343211770058e-03 -3.139390796422958374e-02 -5.951787345111370087e-03 8.247969055175781250e+01
3.632972538471221924e-01 2.542016794905066490e-03 -3.169149905443191528e-02 -5.556014832109212875e-03 8.322932434082031250e+01
3.396596312522888184e-01 2.470128005370497704e-03 -3.196930140256881714e-02 -5.157182924449443817e-03 8.397895050048828125e+01
3.158101737499237061e-01 2.397284843027591705e-03 -3.222716227173805237e-02 -4.754933062940835953e-03 8.472856903076171875e+01
2.917637825012207031e-01 2.323124324902892113e-03 -3.246491029858589172e-02 -4.349597264081239700e-03 8.547817993164062500e+01
2.675354778766632080e-01 2.247509779408574104e-03 -3.268238902091979980e-02 -3.941491246223449707e-03 8.622779083251953125e+01
2.431403696537017822e-01 2.169284969568252563e-03 -3.287946432828903198e-02 -3.531717229634523392e-03 8.697739410400390625e+01
2.185936272144317627e-01 2.090535359457135201e-03 -3.305605053901672363e-02 -3.119544126093387604e-03 8.772698974609375000e+01
1.939105689525604248e-01 2.010964555665850639e-03 -3.321202844381332397e-02 -2.705187303945422173e-03 8.847658538818359375e+01
1.691066175699234009e-01 1.929927966557443142e-03 -3.334728628396987915e-02 -2.289220225065946579e-03 8.922617340087890625e+01
1.441972255706787109e-01 1.847870065830647945e-03 -3.346174582839012146e-02 -1.871699118055403233e-03 8.997576141357421875e+01
1.191979423165321350e-01 1.764406333677470684e-03 -3.355533257126808167e-02 -1.453123404644429684e-03 9.072534179687500000e+01
9.412433207035064697e-02 1.680089510045945644e-03 -3.362798690795898438e-02 -1.033491571433842182e-03 9.147492218017578125e+01
6.899204850196838379e-02 1.594536937773227692e-03 -3.367966040968894958e-02 -6.132810958661139011e-04 9.222450256347656250e+01
4.381676018238067627e-02 1.507733017206192017e-03 -3.371032327413558960e-02 -1.928691344801336527e-04 9.297408294677734375e+01
1.861414872109889984e-02 1.419938402250409126e-03 -3.371996805071830750e-02 2.275310107506811619e-04 9.372365570068359375e+01
-6.600080057978630066e-03 1.332410611212253571e-03 -3.370859101414680481e-02 6.484811892732977867e-04 9.447322845458984375e+01
-3.181015327572822571e-02 1.243476755917072296e-03 -3.367616608738899231e-02 1.068925485014915466e-03 9.522280120849609375e+01
-5.700036138296127319e-02 1.153307966887950897e-03 -3.362271934747695923e-02 1.488487003371119499e-03 9.597238159179687500e+01
-8.215501904487609863e-02 1.061814487911760807e-03 -3.354829549789428711e-02 1.906635006889700890e-03 9.672196197509765625e+01
-1.072584614157676697e-01 9.699602960608899593e-04 -3.345296531915664673e-02 2.323516644537448883e-03 9.747154235839843750e+01
-1.322950422763824463e-01 8.780545904301106930e-04 -3.333678841590881348e-02 2.739143557846546173e-03 9.822112274169921875e+01
-1.572491228580474854e-01 7.859717588871717453e-04 -3.319983184337615967e-02 3.153322963044047356e-03 9.897071075439453125e+01
-1.821051537990570068e-01 6.931123789399862289e-04 -3.304216638207435608e-02 3.565472550690174103e-03 9.972029876708984375e+01
-2.068476378917694092e-01 6.000907742418348789e-04 -3.286389261484146118e-02 3.975629806518554688e-03 1.004698867797851562e+02
-2.314611375331878662e-01 5.068841855973005295e-04 -3.266511112451553345e-02 4.383585881441831589e-03 1.012194824218750000e+02
-2.559302747249603271e-01 4.129483713768422604e-04 -3.244593366980552673e-02 4.788743332028388977e-03 1.019690856933593750e+02
-2.802398204803466797e-01 3.183077496942132711e-04 -3.220649808645248413e-02 5.190684925764799118e-03 1.027186889648437500e+02
-3.043746054172515869e-01 2.238343877252191305e-04 -3.194696456193923950e-02 5.589570850133895874e-03 1.034682998657226562e+02
-3.283195793628692627e-01 1.286472543142735958e-04 -3.166748583316802979e-02 5.984621588140726089e-03 1.042179183959960938e+02
-3.520597815513610840e-01 3.381589340278878808e-05 -3.136825561523437500e-02 6.376091390848159790e-03 1.049675445556640625e+02
-3.755804300308227539e-01 -6.094394484534859657e-05 -3.104945085942745209e-02 6.763646844774484634e-03 1.057171783447265625e+02
-3.988668322563171387e-01 -1.559630618430674076e-04 -3.071126900613307953e-02 7.146806456148624420e-03 1.064668197631835938e+02
-4.219044446945190430e-01 -2.503294963389635086e-04 -3.035392798483371735e-02 7.525823079049587250e-03 1.072164688110351562e+02
-4.446789026260375977e-01 -3.449529758654534817e-04 -2.997763641178607941e-02 7.899980060756206512e-03 1.079661254882812500e+02
-4.671759903430938721e-01 -4.387554072309285402e-04 -2.958263829350471497e-02 8.269617334008216858e-03 1.087157897949218750e+02
-4.893816709518432617e-01 -5.326189566403627396e-04 -2.916915714740753174e-02 8.634068071842193604e-03 1.094654617309570312e+02
-5.112820267677307129e-01 -6.261781090870499611e-04 -2.873745374381542206e-02 8.993208408355712891e-03 1.102151412963867188e+02
-5.328634381294250488e-01 -7.189281750470399857e-04 -2.828779257833957672e-02 9.347125887870788574e-03 1.109648284912109375e+02
-5.541123747825622559e-01 -8.118331898003816605e-04 -2.782043628394603729e-02 9.695041924715042114e-03 1.117145309448242188e+02
-5.750156044960021973e-01 -9.046003688126802444e-04 -2.733568474650382996e-02 1.003669667989015579e-02 1.124642410278320312e+02
-5.955600142478942871e-01 -9.967260994017124176e-04 -2.683384902775287628e-02 1.037205476313829422e-02 1.132139587402343750e+02
-6.157327890396118164e-01 -1.088026212528347969e-03 -2.631524577736854553e-02 1.070101931691169739e-02 1.139636840820312500e+02
-6.355213522911071777e-01 -1.178818987682461739e-03 -2.578019537031650543e-02 1.102319266647100449e-02 1.147134246826171875e+02
-6.549133062362670898e-01 -1.268526189960539341e-03 -2.522903494536876678e-02 1.133867725729942322e-02 1.154631729125976562e+02
-6.738964915275573730e-01 -1.357267028652131557e-03 -2.466210164129734039e-02 1.164728216826915741e-02 1.162129364013671875e+02
-6.924590468406677246e-01 -1.445908797904849052e-03 -2.407973818480968475e-02 1.194823347032070160e-02 1.169627075195312500e+02
-7.105894088745117188e-01 -1.533366739749908447e-03 -2.348232641816139221e-02 1.224179752171039581e-02 1.177124862670898438e+02
-7.282761931419372559e-01 -1.619207090698182583e-03 -2.287023700773715973e-02 1.252815779298543930e-02 1.184622802734375000e+02
-7.455083131790161133e-01 -1.704660826362669468e-03 -2.224382944405078888e-02 1.280647329986095428e-02 1.192120819091796875e+02
-7.622750401496887207e-01 -1.789024448953568935e-03 -2.160350605845451355e-02 1.307681109756231308e-02 1.199618911743164062e+02
-7.785658240318298340e-01 -1.872023218311369419e-03 -2.094966545701026917e-02 1.333916652947664261e-02 1.207117156982421875e+02
-7.943705320358276367e-01 -1.954059349372982979e-03 -2.028270624577999115e-02 1.359315030276775360e-02 1.214615478515625000e+02
-8.096792101860046387e-01 -2.034920500591397285e-03 -1.960304938256740570e-02 1.383864693343639374e-02 1.222113952636718750e+02
-8.244822621345520020e-01 -2.114600734785199165e-03 -1.891111768782138824e-02 1.407545804977416992e-02 1.229612503051757812e+02
-8.387704491615295410e-01 -2.193061402067542076e-03 -1.820734515786170959e-02 1.430339459329843521e-02 1.237111129760742188e+02
-8.525348305702209473e-01 -2.269858261570334435e-03 -1.749217510223388672e-02 1.452255249023437500e-02 1.244609832763671875e+02
-8.657667636871337891e-01 -2.345426473766565323e-03 -1.676604710519313812e-02 1.473256386816501617e-02 1.252108688354492188e+02
-8.784579634666442871e-01 -2.419538795948028564e-03 -1.602941937744617462e-02 1.493335515260696411e-02 1.259607620239257812e+02
-8.906005024909973145e-01 -2.491921884939074516e-03 -1.528275199234485626e-02 1.512495800852775574e-02 1.267106628417968750e+02
-9.021866917610168457e-01 -2.562736626714468002e-03 -1.452650409191846848e-02 1.530718803405761719e-02 1.274605712890625000e+02
-9.132093191146850586e-01 -2.631898969411849976e-03 -1.376114506274461746e-02 1.547996979206800461e-02 1.282104949951171875e+02
-9.236614108085632324e-01 -2.700108336284756660e-03 -1.298714615404605865e-02 1.564269512891769409e-02 1.289604187011718750e+02
-9.335364699363708496e-01 -2.766378223896026611e-03 -1.220501121133565903e-02 1.579567417502403259e-02 1.297103576660156250e+02
-9.428282976150512695e-01 -2.830998506397008896e-03 -1.141522731631994247e-02 1.593866199254989624e-02 1.304602966308593750e+02
-9.515310525894165039e-01 -2.893535653129220009e-03 -1.061829458922147751e-02 1.607181504368782043e-02 1.312102508544921875e+02
-9.596393108367919922e-01 -2.954479074105620384e-03 -9.814703837037086487e-03 1.619478687644004822e-02 1.319602050781250000e+02
-9.671479463577270508e-01 -3.013146342709660530e-03 -9.004964493215084076e-03 1.630787551403045654e-02 1.327101745605468750e+02
-9.740522503852844238e-01 -3.070321399718523026e-03 -8.189571090042591095e-03 1.641058921813964844e-02 1.334601440429687500e+02
-9.803478717803955078e-01 -3.125460818409919739e-03 -7.369041442871093750e-03 1.650308072566986084e-02 1.342101135253906250e+02
-9.860308766365051270e-01 -3.178517799824476242e-03 -6.543887313455343246e-03 1.658534072339534760e-02 1.349600982666015625e+02
-9.910976886749267578e-01 -3.229892579838633537e-03 -5.714620463550090790e-03 1.665706187486648560e-02 1.357100830078125000e+02
-9.955451488494873047e-01 -3.279292257502675056e-03 -4.881767556071281433e-03 1.671827025711536407e-02 1.364600677490234375e+02
-9.993703961372375488e-01 -3.326493082568049431e-03 -4.045853856950998306e-03 1.676904223859310150e-02 1.372100524902343750e+02
-1.002571105957031250e+00 -3.371652448549866676e-03 -3.207401838153600693e-03 1.680926419794559479e-02 1.379600524902343750e+02
-1.005145192146301270e+00 -3.414636244997382164e-03 -2.366938628256320953e-03 1.683897152543067932e-02 1.387100524902343750e+02
-1.007091164588928223e+00 -3.455486381426453590e-03 -1.524989958852529526e-03 1.685811579227447510e-02 1.394600524902343750e+02
-1.008407711982727051e+00 -3.493989584967494011e-03 -6.820841808803379536e-04 1.686681434512138367e-02 1.402100524902343750e+02
-1.009093999862670898e+00 -3.530496032908558846e-03 1.612565247341990471e-04 1.686486601829528809e-02 1.409600524902343750e+02
-1.009149551391601562e+00 -3.564940067008137703e-03 1.004499848932027817e-03 1.685223355889320374e-02 1.417100524902343750e+02
-1.008574366569519043e+00 -3.597157774493098259e-03 1.847111620008945465e-03 1.682896912097930908e-02 1.424600524902343750e+02
-1.007368922233581543e+00 -3.627037629485130310e-03 2.688560169190168381e-03 1.679514348506927490e-02 1.432100524902343750e+02
-1.005533814430236816e+00 -3.654388710856437683e-03 3.528317436575889587e-03 1.675092428922653198e-02 1.439600524902343750e+02
-1.003070354461669922e+00 -3.679512068629264832e-03 4.365863744169473648e-03 1.669620908796787262e-02 1.447100524902343750e+02
-9.999799132347106934e-01 -3.702429356053471565e-03 5.200674291700124741e-03 1.663098670542240143e-02 1.454600524902343750e+02
-9.962645173072814941e-01 -3.722948953509330750e-03 6.032223813235759735e-03 1.655538566410541534e-02 1.462100372314453125e+02
-9.919265508651733398e-01 -3.741340013220906258e-03 6.859993096441030502e-03 1.646928302943706512e-02 1.469600219726562500e+02
-9.869686365127563477e-01 -3.757156897336244583e-03 7.683457341045141220e-03 1.637296378612518311e-02 1.477100067138671875e+02
-9.813939332962036133e-01 -3.770940471440553665e-03 8.502105250954627991e-03 1.626618020236492157e-02 1.484599914550781250e+02
-9.752059578895568848e-01 -3.781869774684309959e-03 9.315414354205131531e-03 1.614945568144321442e-02 1.492099609375000000e+02
-9.684085845947265625e-01 -3.790687536820769310e-03 1.012288685888051987e-02 1.602251268923282623e-02 1.499599304199218750e+02
-9.610060453414916992e-01 -3.797326004132628441e-03 1.092401240020990372e-02 1.588538102805614471e-02 1.507098999023437500e+02
-9.530030488967895508e-01 -3.800972364842891693e-03 1.171828154474496841e-02 1.573864370584487915e-02 1.514598541259765625e+02
-9.444046020507812500e-01 -3.802407300099730492e-03 1.250521373003721237e-02 1.558206789195537567e-02 1.522098083496093750e+02
-9.352160692214965820e-01 -3.801840357482433319e-03 1.328431721776723862e-02 1.541554555296897888e-02 1.529597473144531250e+02
-9.254431724548339844e-01 -3.798834746703505516e-03 1.405509468168020248e-02 1.523935236036777496e-02 1.537096862792968750e+02
-9.150921106338500977e-01 -3.793642390519380569e-03 1.481706276535987854e-02 1.505343988537788391e-02 1.544596099853515625e+02
-9.041693806648254395e-01 -3.785654669627547264e-03 1.556973438709974289e-02 1.485828310251235962e-02 1.552095336914062500e+02
-8.926818370819091797e-01 -3.775371471419930458e-03 1.631264761090278625e-02 1.465380378067493439e-02 1.559594421386718750e+02
-8.806366324424743652e-01 -3.762329928576946259e-03 1.704533770680427551e-02 1.444043591618537903e-02 1.567093505859375000e+02
-8.680413365364074707e-01 -3.747283481061458588e-03 1.776735857129096985e-02 1.421793550252914429e-02 1.574592437744140625e+02
-8.549038767814636230e-01 -3.729621181264519691e-03 1.847825571894645691e-02 1.398675888776779175e-02 1.582091217041015625e+02
-8.412324190139770508e-01 -3.710502991452813148e-03 1.917759329080581665e-02 1.374634448438882828e-02 1.589589996337890625e+02
-8.270356059074401855e-01 -3.688655560836195946e-03 1.986491121351718903e-02 1.349742710590362549e-02 1.597088623046875000e+02
-8.123223185539245605e-01 -3.664602758362889290e-03 2.053978294134140015e-02 1.323994342237710953e-02 1.604587249755859375e+02
-7.971017360687255859e-01 -3.637487068772315979e-03 2.120178006589412689e-02 1.297462917864322662e-02 1.612085723876953125e+02
-7.813833951950073242e-01 -3.607639344409108162e-03 2.185051143169403076e-02 1.270171254873275757e-02 1.619584045410156250e+02
-7.651771306991577148e-01 -3.576892195269465446e-03 2.248559705913066864e-02 1.242026779800653458e-02 1.627082366943359375e+02
-7.484931349754333496e-01 -3.543461440131068230e-03 2.310661040246486664e-02 1.213126070797443390e-02 1.634580535888671875e+02
-7.313418388366699219e-01 -3.508001798763871193e-03 2.371317334473133087e-02 1.183458324521780014e-02 1.642078552246093750e+02
-7.137339711189270020e-01 -3.470634808763861656e-03 2.430490218102931976e-02 1.153028570115566254e-02 1.649576416015625000e+02
-6.956805586814880371e-01 -3.431119257584214211e-03 2.488141693174839020e-02 1.121863350272178650e-02 1.657074279785156250e+02
-6.771929264068603516e-01 -3.389463061466813087e-03 2.544234879314899445e-02 1.089981663972139359e-02 1.664571990966796875e+02
-6.582826375961303711e-01 -3.344527911394834518e-03 2.598734013736248016e-02 1.057484745979309082e-02 1.672069549560546875e+02
-6.389614939689636230e-01 -3.297639079391956329e-03 2.651608176529407501e-02 1.024343725293874741e-02 1.679567108154296875e+02
-6.192415952682495117e-01 -3.248275956138968468e-03 2.702825330197811127e-02 9.906149469316005707e-03 1.687064514160156250e+02
-5.991352200508117676e-01 -3.198173828423023224e-03 2.752356044948101044e-02 9.562163613736629486e-03 1.694561767578125000e+02
-5.786550045013427734e-01 -3.145861905068159103e-03 2.800166793167591095e-02 9.212294593453407288e-03 1.702059020996093750e+02
-5.578137040138244629e-01 -3.090853570029139519e-03 2.846228331327438354e-02 8.857205510139465332e-03 1.709556121826171875e+02
-5.366243720054626465e-01 -3.035269211977720261e-03 2.890514396131038666e-02 8.495921269059181213e-03 1.717053070068359375e+02
-5.151002407073974609e-01 -2.977265743538737297e-03 2.932994067668914795e-02 8.129502646625041962e-03 1.724550018310546875e+02
-4.932547509670257568e-01 -2.917593577876687050e-03 2.973641641438007355e-02 7.757857907563447952e-03 1.732046813964843750e+02
-4.711015522480010986e-01 -2.856292761862277985e-03 3.012430854141712189e-02 7.381143979728221893e-03 1.739543609619140625e+02
-4.486544728279113770e-01 -2.791397040709853172e-03 3.049336560070514679e-02 7.000933866947889328e-03 1.747040252685546875e+02
-4.259274899959564209e-01 -2.726217964664101601e-03 3.084341250360012054e-02 6.615826860070228577e-03 1.754536743164062500e+02
-4.029348492622375488e-01 -2.660083351656794548e-03 3.117420338094234467e-02 6.226049736142158508e-03 1.762033233642578125e+02
-3.796909153461456299e-01 -2.590461866930127144e-03 3.148550540208816528e-02 5.833381321281194687e-03 1.769529571533203125e+02
-3.562101423740386963e-01 -2.520665526390075684e-03 3.177717328071594238e-02 5.436426494270563126e-03 1.777025909423828125e+02
-3.325072526931762695e-01 -2.448854269459843636e-03 3.204899281263351440e-02 5.036245565861463547e-03 1.784522094726562500e+02
-3.085969984531402588e-01 -2.375807613134384155e-03 3.230080381035804749e-02 4.632724914699792862e-03 1.792018280029296875e+02
-2.844943404197692871e-01 -2.300639403983950615e-03 3.253243863582611084e-02 4.226665943861007690e-03 1.799514465332031250e+02
-2.602142989635467529e-01 -2.222410868853330612e-03 3.274377062916755676e-02 3.819252829998731613e-03 1.807010498046875000e+02
-2.357719242572784424e-01 -2.144984435290098190e-03 3.293473273515701294e-02 3.408668329939246178e-03 1.814506530761718750e+02
-2.111825346946716309e-01 -2.066522603854537010e-03 3.310516476631164551e-02 2.995726885274052620e-03 1.822002563476562500e+02
-1.864614635705947876e-01 -1.986469374969601631e-03 3.325495123863220215e-02 2.580997999757528305e-03 1.829498443603515625e+02
-1.616241186857223511e-01 -1.905910554341971874e-03 3.338400274515151978e-02 2.164113102480769157e-03 1.836994323730468750e+02
-1.366860121488571167e-01 -1.823777798563241959e-03 3.349220752716064453e-02 1.745843561366200447e-03 1.844490203857421875e+02
-1.116626933217048645e-01 -1.739837927743792534e-03 3.357949852943420410e-02 1.326775527559220791e-03 1.851986083984375000e+02
-8.656974136829376221e-02 -1.654449501074850559e-03 3.364583849906921387e-02 9.071943350136280060e-04 1.859481811523437500e+02
-6.142279505729675293e-02 -1.569032086990773678e-03 3.369119763374328613e-02 4.865379014518111944e-04 1.866977539062500000e+02
-3.623758256435394287e-02 -1.482510939240455627e-03 3.371552377939224243e-02 6.550014950335025787e-05 1.874473266601562500e+02
-1.102981157600879669e-02 -1.394605729728937149e-03 3.371879830956459045e-02 -3.553842252586036921e-04 1.881968994140625000e+02
1.418480649590492249e-02 -1.306559774093329906e-03 3.370102867484092712e-02 -7.765280315652489662e-04 1.889464721679687500e+02
3.939050436019897461e-02 -1.216359436511993408e-03 3.366220369935035706e-02 -1.196480123326182365e-03 1.896960449218750000e+02
6.457160413265228271e-02 -1.125093200244009495e-03 3.360237926244735718e-02 -1.615218236111104488e-03 1.904456176757812500e+02
8.971242606639862061e-02 -1.033459207974374294e-03 3.352161869406700134e-02 -2.032800810411572456e-03 1.911951904296875000e+02
1.147972866892814636e-01 -9.417507681064307690e-04 3.341997787356376648e-02 -2.449233550578355789e-03 1.919447631835937500e+02
1.398105472326278687e-01 -8.498977986164391041e-04 3.329751640558242798e-02 -2.864362671971321106e-03 1.926943511962890625e+02
1.647365987300872803e-01 -7.568165892735123634e-04 3.315429762005805969e-02 -3.277284326031804085e-03 1.934439392089843750e+02
1.895599514245986938e-01 -6.636543548665940762e-04 3.299043327569961548e-02 -3.688251599669456482e-03 1.941935272216796875e+02
2.142651230096817017e-01 -5.708152893930673599e-04 3.280602023005485535e-02 -4.097387194633483887e-03 1.949431152343750000e+02
2.388367056846618652e-01 -4.781095776706933975e-04 3.260115161538124084e-02 -4.504536744207143784e-03 1.956927185058593750e+02
2.632593512535095215e-01 -3.841346479021012783e-04 3.237592428922653198e-02 -4.908614326268434525e-03 1.964423217773437500e+02
2.875178456306457520e-01 -2.900613762903958559e-04 3.213049471378326416e-02 -5.309816449880599976e-03 1.971919250488281250e+02
3.115970790386199951e-01 -1.960551599040627480e-04 3.186500445008277893e-02 -5.708027631044387817e-03 1.979415435791015625e+02
3.354820013046264648e-01 -1.002649078145623207e-04 3.157960250973701477e-02 -6.101754028350114822e-03 1.986911621093750000e+02
3.591577410697937012e-01 -5.957321263849735260e-06 3.127451613545417786e-02 -6.492405198514461517e-03 1.994407958984375000e+02
3.826095163822174072e-01 8.875744242686778307e-05 3.094989620149135590e-02 -6.878918968141078949e-03 2.001904296875000000e+02
4.058226644992828369e-01 1.830057881306856871e-04 3.060594946146011353e-02 -7.261491846293210983e-03 2.009400634765625000e+02
4.287827014923095703e-01 2.768480917438864708e-04 3.024287521839141846e-02 -7.639960385859012604e-03 2.016897125244140625e+02
4.514752328395843506e-01 3.721596440300345421e-04 2.986087650060653687e-02 -8.012847043573856354e-03 2.024393615722656250e+02
4.738861620426177979e-01 4.662463325075805187e-04 2.946023456752300262e-02 -8.381185121834278107e-03 2.031890258789062500e+02
4.960014522075653076e-01 5.602711462415754795e-04 2.904117479920387268e-02 -8.744238875806331635e-03 2.039387054443359375e+02
5.178072452545166016e-01 6.553427665494382381e-04 2.860396355390548706e-02 -9.100877679884433746e-03 2.046883850097656250e+02
5.392900705337524414e-01 7.484928937628865242e-04 2.814891934394836426e-02 -9.452408179640769958e-03 2.054380798339843750e+02
5.604363679885864258e-01 8.408369030803442001e-04 2.767629921436309814e-02 -9.798320010304450989e-03 2.061877746582031250e+02
5.812329649925231934e-01 9.331242763437330723e-04 2.718638256192207336e-02 -1.013795752078294754e-02 2.069374847412109375e+02
6.016668677330017090e-01 1.024338766001164913e-03 2.667948417365550995e-02 -1.047161966562271118e-02 2.076872100830078125e+02
6.217253208160400391e-01 1.116056111641228199e-03 2.615590393543243408e-02 -1.079813297837972641e-02 2.084369354248046875e+02
6.413958072662353516e-01 1.206406275741755962e-03 2.561599761247634888e-02 -1.111815497279167175e-02 2.091866760253906250e+02
6.606659889221191406e-01 1.295184367336332798e-03 2.506008930504322052e-02 -1.143182814121246338e-02 2.099364318847656250e+02
6.795238256454467773e-01 1.384233706630766392e-03 2.448849752545356750e-02 -1.173792593181133270e-02 2.106861877441406250e+02
6.979575753211975098e-01 1.471951603889465332e-03 2.390160039067268372e-02 -1.203696522861719131e-02 2.114359588623046875e+02
7.159556150436401367e-01 1.558832125738263130e-03 2.329975180327892303e-02 -1.232854276895523071e-02 2.121857452392578125e+02
7.335067987442016602e-01 1.644542906433343887e-03 2.268332429230213165e-02 -1.261265110224485397e-02 2.129355468750000000e+02
7.506000399589538574e-01 1.729956362396478653e-03 2.205269224941730499e-02 -1.288853771984577179e-02 2.136853485107421875e+02
7.672246694564819336e-01 1.813914743252098560e-03 2.140826545655727386e-02 -1.315654814243316650e-02 2.144351654052734375e+02
7.833703160285949707e-01 1.896897796541452408e-03 2.075043879449367523e-02 -1.341627351939678192e-02 2.151849975585937500e+02
7.990268468856811523e-01 1.978772226721048355e-03 2.007962577044963837e-02 -1.366755273193120956e-02 2.159348297119140625e+02
8.141844868659973145e-01 2.058892045170068741e-03 1.939624734222888947e-02 -1.391062047332525253e-02 2.166846771240234375e+02
8.288336992263793945e-01 2.138467971235513687e-03 1.870071701705455780e-02 -1.414462551474571228e-02 2.174345397949218750e+02
8.429653048515319824e-01 2.216348191723227501e-03 1.799348555505275726e-02 -1.436993107199668884e-02 2.181844024658203125e+02
8.565704822540283203e-01 2.292280783876776695e-03 1.727498881518840790e-02 -1.458666939288377762e-02 2.189342803955078125e+02
8.696406483650207520e-01 2.367225475609302521e-03 1.654565520584583282e-02 -1.479420531541109085e-02 2.196841735839843750e+02
8.821676969528198242e-01 2.441507065668702126e-03 1.580594480037689209e-02 -1.499199494719505310e-02 2.204340667724609375e+02
8.941437005996704102e-01 2.513251733034849167e-03 1.505634468048810959e-02 -1.518090162426233292e-02 2.211839752197265625e+02
9.055612087249755859e-01 2.583731897175312042e-03 1.429730001837015152e-02 -1.536024454981088638e-02 2.219338836669921875e+02
9.164130091667175293e-01 2.652751049026846886e-03 1.352928765118122101e-02 -1.552991196513175964e-02 2.226838073730468750e+02
9.266923069953918457e-01 2.719985786825418472e-03 1.275279186666011810e-02 -1.568994112312793732e-02 2.234337310791015625e+02
9.363926053047180176e-01 2.785771386697888374e-03 1.196829508990049362e-02 -1.584001071751117706e-02 2.241836700439453125e+02
9.455078840255737305e-01 2.849710872396826744e-03 1.117629464715719223e-02 -1.598018594086170197e-02 2.249336090087890625e+02
9.540324211120605469e-01 2.912090159952640533e-03 1.037728507071733475e-02 -1.611018367111682892e-02 2.256835632324218750e+02
9.619608521461486816e-01 2.972412388771772385e-03 9.571775794029235840e-03 -1.623016037046909332e-02 2.264335174560546875e+02
9.692881703376770020e-01 3.030853345990180969e-03 8.760267868638038635e-03 -1.633997075259685516e-02 2.271834869384765625e+02
9.760098457336425781e-01 3.087556688115000725e-03 7.943268865346908569e-03 -1.643942669034004211e-02 2.279334564208984375e+02
9.821215867996215820e-01 3.141913097351789474e-03 7.121297530829906464e-03 -1.652880758047103882e-02 2.286834259033203125e+02
9.876195788383483887e-01 3.194611752405762672e-03 6.294857244938611984e-03 -1.660769991576671600e-02 2.294334106445312500e+02
9.925004243850708008e-01 3.245261497795581818e-03 5.464472342282533646e-03 -1.667619496583938599e-02 2.301833953857421875e+02
9.967610239982604980e-01 3.293687943369150162e-03 4.630662500858306885e-03 -1.673436723649501801e-02 2.309333801269531250e+02
1.000398635864257812e+00 3.340191440656781197e-03 3.793944139033555984e-03 -1.678201742470264435e-02 2.316833648681640625e+02
1.003411054611206055e+00 3.384693758562207222e-03 2.954843221232295036e-03 -1.681910082697868347e-02 2.324333648681640625e+02
1.005796432495117188e+00 3.427023533731698990e-03 2.113888040184974670e-03 -1.684566400945186615e-02 2.331833648681640625e+02
1.007553219795227051e+00 3.467207541689276695e-03 1.271604793146252632e-03 -1.686166785657405853e-02 2.339333648681640625e+02
1.008680224418640137e+00 3.505172673612833023e-03 4.285213653929531574e-04 -1.686713844537734985e-02 2.346833648681640625e+02
1.009176850318908691e+00 3.541096346452832222e-03 -4.148355801589787006e-04 -1.686194725334644318e-02 2.354333648681640625e+02
1.009042739868164062e+00 3.574619535356760025e-03 -1.257932977750897408e-03 -1.684627681970596313e-02 2.361833648681640625e+02
1.008278012275695801e+00 3.606077283620834351e-03 -2.100246958434581757e-03 -1.681995019316673279e-02 2.369333648681640625e+02
1.006883144378662109e+00 3.635152475908398628e-03 -2.941244514659047127e-03 -1.678313128650188446e-02 2.376833648681640625e+02
1.004858970642089844e+00 3.662177128717303276e-03 -3.780401078984141350e-03 -1.673563942313194275e-02 2.384333648681640625e+02
1.002206802368164062e+00 3.686544951051473618e-03 -4.617183003574609756e-03 -1.667783409357070923e-02 2.391833648681640625e+02
9.989282488822937012e-01 3.708651522174477577e-03 -5.451074801385402679e-03 -1.660959236323833466e-02 2.399333648681640625e+02
9.950253963470458984e-01 3.728431416675448418e-03 -6.281554233282804489e-03 -1.653097942471504211e-02 2.406833496093750000e+02
9.905006885528564453e-01 3.746539354324340820e-03 -7.108103018254041672e-03 -1.644157618284225464e-02 2.414333343505859375e+02
9.853569865226745605e-01 3.761740867048501968e-03 -7.930181920528411865e-03 -1.634205505251884460e-02 2.421833190917968750e+02
9.795975089073181152e-01 3.774400800466537476e-03 -8.747284300625324249e-03 -1.623241044580936432e-02 2.429333038330078125e+02
9.732258319854736328e-01 3.784546162933111191e-03 -9.558904916048049927e-03 -1.611275412142276764e-02 2.436832733154296875e+02
9.662460088729858398e-01 3.793234238401055336e-03 -1.036454271525144577e-02 -1.598246954381465912e-02 2.444332427978515625e+02
9.586623907089233398e-01 3.798368386924266815e-03 -1.116366591304540634e-02 -1.584277860820293427e-02 2.451831970214843750e+02
9.504797458648681641e-01 3.802756778895854950e-03 -1.195580512285232544e-02 -1.569221168756484985e-02 2.459331512451171875e+02
9.417032003402709961e-01 3.803474362939596176e-03 -1.274041552096605301e-02 -1.553232502192258835e-02 2.466831054687500000e+02
9.323382973670959473e-01 3.801350947469472885e-03 -1.351703144609928131e-02 -1.536309253424406052e-02 2.474330444335937500e+02
9.223908782005310059e-01 3.797548124566674232e-03 -1.428518630564212799e-02 -1.518397592008113861e-02 2.481829833984375000e+02
9.118672013282775879e-01 3.791328286752104759e-03 -1.504438556730747223e-02 -1.499536074697971344e-02 2.489329071044921875e+02
9.007738828659057617e-01 3.782293759286403656e-03 -1.579415425658226013e-02 -1.479766517877578735e-02 2.496828308105468750e+02
8.891178369522094727e-01 3.770551644265651703e-03 -1.653403788805007935e-02 -1.459110621362924576e-02 2.504327392578125000e+02
8.769063949584960938e-01 3.757738973945379257e-03 -1.726359315216541290e-02 -1.437480188906192780e-02 2.511826324462890625e+02
8.641471862792968750e-01 3.742244094610214233e-03 -1.798233389854431152e-02 -1.414956338703632355e-02 2.519325256347656250e+02
8.508482575416564941e-01 3.725235816091299057e-03 -1.868981122970581055e-02 -1.391482725739479065e-02 2.526824035644531250e+02
8.370179533958435059e-01 3.703842870891094208e-03 -1.938555203378200531e-02 -1.367246080189943314e-02 2.534322814941406250e+02
8.226648569107055664e-01 3.680773545056581497e-03 -2.006917446851730347e-02 -1.342145912349224091e-02 2.541821441650390625e+02
8.077979683876037598e-01 3.656916087493300438e-03 -2.074024826288223267e-02 -1.316114608198404312e-02 2.549319915771484375e+02
7.924267053604125977e-01 3.630041843280196190e-03 -2.139830589294433594e-02 -1.289270911365747452e-02 2.556818389892578125e+02
7.765606641769409180e-01 3.599762683734297752e-03 -2.204294130206108093e-02 -1.261684950441122055e-02 2.564316711425781250e+02
7.602097392082214355e-01 3.566574770957231522e-03 -2.267378382384777069e-02 -1.233382057398557663e-02 2.571814880371093750e+02
7.433841228485107422e-01 3.532524220645427704e-03 -2.329047396779060364e-02 -1.204263325780630112e-02 2.579313049316406250e+02
7.260944247245788574e-01 3.496298799291253090e-03 -2.389260567724704742e-02 -1.174393203109502792e-02 2.586810913085937500e+02
7.083514332771301270e-01 3.458775347098708153e-03 -2.447980269789695740e-02 -1.143728941679000854e-02 2.594308776855468750e+02
6.901662945747375488e-01 3.418559441342949867e-03 -2.505166642367839813e-02 -1.112356595695018768e-02 2.601806640625000000e+02
6.715503931045532227e-01 3.375009400770068169e-03 -2.560784481465816498e-02 -1.080360729247331619e-02 2.609304199218750000e+02
6.525152921676635742e-01 3.330414649099111557e-03 -2.614802494645118713e-02 -1.047645974904298782e-02 2.616801757812500000e+02
6.330729722976684570e-01 3.283280879259109497e-03 -2.667184732854366302e-02 -1.014302205294370651e-02 2.624299316406250000e+02
6.132355928421020508e-01 3.235069569200277328e-03 -2.717899903655052185e-02 -9.802659042179584503e-03 2.631796569824218750e+02
5.930155515670776367e-01 3.183910856023430824e-03 -2.766913175582885742e-02 -9.456565603613853455e-03 2.639293823242187500e+02
5.724254846572875977e-01 3.129851771518588066e-03 -2.814196050167083740e-02 -9.105278179049491882e-03 2.646791076660156250e+02
5.514782071113586426e-01 3.073298139497637749e-03 -2.859722450375556946e-02 -8.749104104936122894e-03 2.654288024902343750e+02
5.301868319511413574e-01 3.016850212588906288e-03 -2.903467975556850433e-02 -8.386686444282531738e-03 2.661784973144531250e+02
5.085646510124206543e-01 2.960228128358721733e-03 -2.945401333272457123e-02 -8.017753250896930695e-03 2.669281921386718750e+02
4.866252839565277100e-01 2.898808801546692848e-03 -2.985490113496780396e-02 -7.645174860954284668e-03 2.676778564453125000e+02
4.643823206424713135e-01 2.836378524079918861e-03 -3.023716062307357788e-02 -7.267600856721401215e-03 2.684275207519531250e+02
4.418496489524841309e-01 2.773849992081522942e-03 -3.060054033994674683e-02 -6.884371861815452576e-03 2.691771850585937500e+02
4.190414547920227051e-01 2.706552157178521156e-03 -3.094475902616977692e-02 -6.498426664620637894e-03 2.699268493652343750e+02
3.959718644618988037e-01 2.636726712808012962e-03 -3.126968070864677429e-02 -6.109560839831829071e-03 2.706764831542968750e+02
3.726552128791809082e-01 2.569647273048758507e-03 -3.157515823841094971e-02 -5.714677274227142334e-03 2.714261169433593750e+02
3.491061925888061523e-01 2.498771296814084053e-03 -3.186089172959327698e-02 -5.317076109349727631e-03 2.721757507324218750e+02
3.253394365310668945e-01 2.427482744678854942e-03 -3.212674707174301147e-02 -4.915426485240459442e-03 2.729253845214843750e+02
3.013698458671569824e-01 2.351841423660516739e-03 -3.237251937389373779e-02 -4.512366838753223419e-03 2.736749877929687500e+02
2.772122323513031006e-01 2.276443410664796829e-03 -3.259813785552978516e-02 -4.105982370674610138e-03 2.744245910644531250e+02
2.528817057609558105e-01 2.201992087066173553e-03 -3.280343860387802124e-02 -3.695465391501784325e-03 2.751741943359375000e+02
2.283935844898223877e-01 2.123358659446239471e-03 -3.298821300268173218e-02 -3.283840836957097054e-03 2.759237976074218750e+02
2.037630230188369751e-01 2.044464228674769402e-03 -3.315240517258644104e-02 -2.869636518880724907e-03 2.766734008789062500e+02
1.790054440498352051e-01 1.961775356903672218e-03 -3.329588845372200012e-02 -2.455255715176463127e-03 2.774230041503906250e+02
1.541361808776855469e-01 1.879927935078740120e-03 -3.341865167021751404e-02 -2.038658363744616508e-03 2.781725769042968750e+02
1.291708052158355713e-01 1.797389821149408817e-03 -3.352058306336402893e-02 -1.620496041141450405e-03 2.789221496582031250e+02
1.041248962283134460e-01 1.715624472126364708e-03 -3.360160812735557556e-02 -1.199853140860795975e-03 2.796717224121093750e+02
7.901415973901748657e-02 1.629804144613444805e-03 -3.366160020232200623e-02 -7.797143189236521721e-04 2.804212951660156250e+02
5.385416746139526367e-02 1.544137950986623764e-03 -3.370058536529541016e-02 -3.584737714845687151e-04 2.811708679199218750e+02
2.866067551076412201e-02 1.455055549740791321e-03 -3.371850773692131042e-02 6.147276144474744797e-05 2.819204406738281250e+02
3.449298441410064697e-03 1.367066870443522930e-03 -3.371543437242507935e-02 4.820986359845846891e-04 2.826700134277343750e+02
-2.176417037844657898e-02 1.276562921702861786e-03 -3.369132801890373230e-02 9.012605878524482250e-04 2.834195861816406250e+02
-4.696409404277801514e-02 1.187629648484289646e-03 -3.364626318216323853e-02 1.320916926488280296e-03 2.841691589355468750e+02
-7.213468104600906372e-02 1.096450258046388626e-03 -3.358021751046180725e-02 1.738921389915049076e-03 2.849187316894531250e+02
-9.726031869649887085e-02 1.006830716505646706e-03 -3.349327296018600464e-02 2.157109789550304413e-03 2.856683044433593750e+02
-1.223252639174461365e-01 9.167557000182569027e-04 -3.338541835546493530e-02 2.574583981186151505e-03 2.864178771972656250e+02
-1.473138630390167236e-01 8.234779816120862961e-04 -3.325669094920158386e-02 2.989203203469514847e-03 2.871674499511718750e+02
-1.722106337547302246e-01 7.315042894333600998e-04 -3.310723230242729187e-02 3.402900183573365211e-03 2.879170227050781250e+02
-1.969999670982360840e-01 6.372991483658552170e-04 -3.293708711862564087e-02 3.813541494309902191e-03 2.886666259765625000e+02
-2.216664701700210571e-01 5.427680443972349167e-04 -3.274641185998916626e-02 4.221526905894279480e-03 2.894162292480468750e+02
-2.461947649717330933e-01 4.467436519917100668e-04 -3.253533691167831421e-02 4.625739995390176773e-03 2.901658325195312500e+02
-2.705696225166320801e-01 3.537041484378278255e-04 -3.230404853820800781e-02 5.028591956943273544e-03 2.909154357910156250e+02
-2.947757840156555176e-01 2.595981059130281210e-04 -3.205261752009391785e-02 5.428106524050235748e-03 2.916650390625000000e+02
-3.187981545925140381e-01 1.658299297560006380e-04 -3.178121149539947510e-02 5.824693012982606888e-03 2.924146423339843750e+02
-3.426217734813690186e-01 7.424702198477461934e-05 -3.148997575044631958e-02 6.219564937055110931e-03 2.931642761230468750e+02
-3.662316501140594482e-01 -2.148623752873390913e-05 -3.117899782955646515e-02 6.608844269067049026e-03 2.939139099121093750e+02
-3.896131813526153564e-01 -1.156142679974436760e-04 -3.084855526685714722e-02 6.994844879955053329e-03 2.946635437011718750e+02
-4.127517044544219971e-01 -2.111072535626590252e-04 -3.049881383776664734e-02 7.375767920166254044e-03 2.954131774902343750e+02
-4.356328248977661133e-01 -3.044332261197268963e-04 -3.013002499938011169e-02 7.753306534141302109e-03 2.961628417968750000e+02
-4.582421481609344482e-01 -4.008452233392745256e-04 -2.974236011505126953e-02 8.124225772917270660e-03 2.969125061035156250e+02
-4.805656671524047852e-01 -4.966995329596102238e-04 -2.933614887297153473e-02 8.489625528454780579e-03 2.976621704101562500e+02
-5.025894641876220703e-01 -5.891061155125498772e-04 -2.891166694462299347e-02 8.851348422467708588e-03 2.984118347167968750e+02
-5.242996215820312500e-01 -6.820565904490649700e-04 -2.846909873187541962e-02 9.207450784742832184e-03 2.991615295410156250e+02
-5.456826686859130859e-01 -7.763928733766078949e-04 -2.800872549414634705e-02 9.556769393384456635e-03 2.999112243652343750e+02
-5.667252540588378906e-01 -8.694923599250614643e-04 -2.753088623285293579e-02 9.900229051709175110e-03 3.006609191894531250e+02
-5.874142646789550781e-01 -9.594439761713147163e-04 -2.703587524592876434e-02 1.023918017745018005e-02 3.014106445312500000e+02
-6.077366471290588379e-01 -1.051725354045629501e-03 -2.652391605079174042e-02 1.057047210633754730e-02 3.021603698730468750e+02
-6.276798248291015625e-01 -1.143125351518392563e-03 -2.599539235234260559e-02 1.089507713913917542e-02 3.029100952148437500e+02
-6.472313404083251953e-01 -1.232994953170418739e-03 -2.545063942670822144e-02 1.121327653527259827e-02 3.036598510742187500e+02
-6.663789153099060059e-01 -1.322712632827460766e-03 -2.488997578620910645e-02 1.152415573596954346e-02 3.044096069335937500e+02
-6.851105690002441406e-01 -1.409577438607811928e-03 -2.431376837193965912e-02 1.182916387915611267e-02 3.051593627929687500e+02
-7.034145593643188477e-01 -1.496749930083751678e-03 -2.372230961918830872e-02 1.212659850716590881e-02 3.059091491699218750e+02
-7.212794423103332520e-01 -1.584630226716399193e-03 -2.311597950756549835e-02 1.241554785519838333e-02 3.066589355468750000e+02
-7.386940717697143555e-01 -1.671027159318327904e-03 -2.249520272016525269e-02 1.269673742353916168e-02 3.074087219238281250e+02
-7.556475996971130371e-01 -1.755687408149242401e-03 -2.186036668717861176e-02 1.297029573470354080e-02 3.081585388183593750e+02
-7.721293568611145020e-01 -1.839749282225966454e-03 -2.121185138821601868e-02 1.323545631021261215e-02 3.089083557128906250e+02
-7.881290316581726074e-01 -1.922111725434660912e-03 -2.055007778108119965e-02 1.349261123687028885e-02 3.096581726074218750e+02
-8.036366105079650879e-01 -2.002617577090859413e-03 -1.987544633448123932e-02 1.374187413603067398e-02 3.104080200195312500e+02
-8.186423182487487793e-01 -2.082907361909747124e-03 -1.918835192918777466e-02 1.398214790970087051e-02 3.111578674316406250e+02
-8.331367969512939453e-01 -2.161862561479210854e-03 -1.848924532532691956e-02 1.421366725116968155e-02 3.119077148437500000e+02
-8.471109867095947266e-01 -2.239003544673323631e-03 -1.777856238186359406e-02 1.443660352379083633e-02 3.126575927734375000e+02
-8.605561256408691406e-01 -2.316431375220417976e-03 -1.705673150718212128e-02 1.464947033673524857e-02 3.134074707031250000e+02
-8.734638690948486328e-01 -2.390897599980235100e-03 -1.632425747811794281e-02 1.485376991331577301e-02 3.141573486328125000e+02
-8.858260512351989746e-01 -2.463095122948288918e-03 -1.558156870305538177e-02 1.504938863217830658e-02 3.149072570800781250e+02
-8.976349234580993652e-01 -2.534436760470271111e-03 -1.482909917831420898e-02 1.523547340184450150e-02 3.156571655273437500e+02
-9.088830351829528809e-01 -2.604233799502253532e-03 -1.406732574105262756e-02 1.541212759912014008e-02 3.164070739746093750e+02
-9.195633530616760254e-01 -2.672560047358274460e-03 -1.329671964049339294e-02 1.557915098965167999e-02 3.171570129394531250e+02
-9.296692013740539551e-01 -2.740516094490885735e-03 -1.251776237040758133e-02 1.573557965457439423e-02 3.179069519042968750e+02
-9.391943216323852539e-01 -2.805786207318305969e-03 -1.173098385334014893e-02 1.588243432343006134e-02 3.186568908691406250e+02
-9.481326341629028320e-01 -2.868530573323369026e-03 -1.093686185777187347e-02 1.601982116699218750e-02 3.194068298339843750e+02
-9.564785361289978027e-01 -2.929629758000373840e-03 -1.013587042689323425e-02 1.614729128777980804e-02 3.201567687988281250e+02
-9.642267823219299316e-01 -2.989490050822496414e-03 -9.328505955636501312e-03 1.626440696418285370e-02 3.209067382812500000e+02
-9.713725447654724121e-01 -3.047627629712224007e-03 -8.515285328030586243e-03 1.637119613587856293e-02 3.216567077636718750e+02
-9.779112935066223145e-01 -3.103737253695726395e-03 -7.696725428104400635e-03 1.646772772073745728e-02 3.224066772460937500e+02
-9.838389754295349121e-01 -3.157981904223561287e-03 -6.873338948935270309e-03 1.655383594334125519e-02 3.231566467285156250e+02
-9.891518354415893555e-01 -3.209955757483839989e-03 -6.045646965503692627e-03 1.662969589233398438e-02 3.239066162109375000e+02
-9.938465356826782227e-01 -3.259927500039339066e-03 -5.214162170886993408e-03 1.669515296816825867e-02 3.246566162109375000e+02
-9.979201555252075195e-01 -3.308184212073683739e-03 -4.379404708743095398e-03 1.674994081258773804e-02 3.254066162109375000e+02
-1.001370072364807129e+00 -3.354032058268785477e-03 -3.541907761245965958e-03 1.679437048733234406e-02 3.261566162109375000e+02
-1.004194140434265137e+00 -3.397838445380330086e-03 -2.702189143747091293e-03 1.682825386524200439e-02 3.269066162109375000e+02
-1.006390690803527832e+00 -3.439584048464894295e-03 -1.860776450484991074e-03 1.685154251754283905e-02 3.276566162109375000e+02
-1.007958292961120605e+00 -3.478991566225886345e-03 -1.018199371173977852e-03 1.686437427997589111e-02 3.284066162109375000e+02
-1.008895874023437500e+00 -3.516117809340357780e-03 -1.749806688167154789e-04 1.686675101518630981e-02 3.291566162109375000e+02
-1.009202957153320312e+00 -3.551390254870057106e-03 6.683568935841321945e-04 1.685839332640171051e-02 3.299066162109375000e+02
-1.008879303932189941e+00 -3.584139980375766754e-03 1.511276583187282085e-03 1.683963648974895477e-02 3.306566162109375000e+02
-1.007925033569335938e+00 -3.614860121160745621e-03 2.353258430957794189e-03 1.681023836135864258e-02 3.314066162109375000e+02
-1.006340861320495605e+00 -3.643632866442203522e-03 3.193770302459597588e-03 1.677007041871547699e-02 3.321566162109375000e+02
-1.004127740859985352e+00 -3.669611643999814987e-03 4.032273776829242706e-03 1.671961881220340729e-02 3.329066162109375000e+02
-1.001286983489990234e+00 -3.693729173392057419e-03 4.868254531174898148e-03 1.665843091905117035e-02 3.336566162109375000e+02
-9.978204965591430664e-01 -3.715018508955836296e-03 5.701175890862941742e-03 1.658705435693264008e-02 3.344066162109375000e+02
-9.937303662300109863e-01 -3.734293160960078239e-03 6.530528422445058823e-03 1.650513708591461182e-02 3.351566162109375000e+02
-9.890192151069641113e-01 -3.751430893316864967e-03 7.355785463005304337e-03 1.641269400715827942e-02 3.359066162109375000e+02
-9.836899638175964355e-01 -3.765279194340109825e-03 8.176419883966445923e-03 1.631051301956176758e-02 3.366565856933593750e+02
-9.777459502220153809e-01 -3.778113517910242081e-03 8.991945534944534302e-03 1.619738712906837463e-02 3.374065551757812500e+02
-9.711909890174865723e-01 -3.788525704294443130e-03 9.801815263926982880e-03 1.607388630509376526e-02 3.381565246582031250e+02
-9.640291333198547363e-01 -3.795287106186151505e-03 1.060550939291715622e-02 1.594095118343830109e-02 3.389064941406250000e+02
-9.562649130821228027e-01 -3.799987724050879478e-03 1.140255667269229889e-02 1.579800434410572052e-02 3.396564636230468750e+02
-9.479031562805175781e-01 -3.802446415647864342e-03 1.219245698302984238e-02 1.564515568315982819e-02 3.404064025878906250e+02
-9.389491677284240723e-01 -3.802228951826691628e-03 1.297471486032009125e-02 1.548275910317897797e-02 3.411563415527343750e+02
-9.294084906578063965e-01 -3.800407983362674713e-03 1.374885253608226776e-02 1.531027536839246750e-02 3.419062805175781250e+02
-9.192872047424316406e-01 -3.796042641624808311e-03 1.451436616480350494e-02 1.512819249182939529e-02 3.426562194824218750e+02
-9.085915684700012207e-01 -3.787792520597577095e-03 1.527077611535787582e-02 1.493762992322444916e-02 3.434061584472656250e+02
-8.973283171653747559e-01 -3.778258804231882095e-03 1.601765677332878113e-02 1.473743561655282974e-02 3.441560668945312500e+02
-8.855044841766357422e-01 -3.767570946365594864e-03 1.675452850759029388e-02 1.452726963907480240e-02 3.449059753417968750e+02
-8.731275200843811035e-01 -3.754167351871728897e-03 1.748089119791984558e-02 1.430792268365621567e-02 3.456558837890625000e+02
-8.602051734924316406e-01 -3.737784922122955322e-03 1.819628663361072540e-02 1.407983526587486267e-02 3.464057617187500000e+02
-8.467455506324768066e-01 -3.718439489603042603e-03 1.890027895569801331e-02 1.384336780756711960e-02 3.471556396484375000e+02
-8.327570557594299316e-01 -3.697669599205255508e-03 1.959244720637798309e-02 1.359782647341489792e-02 3.479055175781250000e+02
-8.182485103607177734e-01 -3.674248000606894493e-03 2.027233876287937164e-02 1.334391441196203232e-02 3.486553649902343750e+02
-8.032289743423461914e-01 -3.649246878921985626e-03 2.093953453004360199e-02 1.308116503059864044e-02 3.494052124023437500e+02
-7.877079248428344727e-01 -3.621242474764585495e-03 2.159359306097030640e-02 1.281048730015754700e-02 3.501550598144531250e+02
-7.716950178146362305e-01 -3.590047592297196388e-03 2.223411761224269867e-02 1.253245025873184204e-02 3.509048767089843750e+02
-7.552002668380737305e-01 -3.557696472853422165e-03 2.286073938012123108e-02 1.224615518003702164e-02 3.516546936035156250e+02
-7.382340431213378906e-01 -3.522520884871482849e-03 2.347304672002792358e-02 1.195258647203445435e-02 3.524045104980468750e+02
-7.208069562911987305e-01 -3.484633984044194221e-03 2.407067641615867615e-02 1.165208686143159866e-02 3.531542968750000000e+02
-7.029298543930053711e-01 -3.445914015173912048e-03 2.465328015387058258e-02 1.134373992681503296e-02 3.539040832519531250e+02
-6.846140027046203613e-01 -3.404806833714246750e-03 2.522046677768230438e-02 1.102837081998586655e-02 3.546538696289062500e+02
-6.658708453178405762e-01 -3.360655391588807106e-03 2.577188611030578613e-02 1.070673950016498566e-02 3.554036254882812500e+02
-6.467120647430419922e-01 -3.315723268315196037e-03 2.630722336471080780e-02 1.037781499326229095e-02 3.561533813476562500e+02
-6.271496415138244629e-01 -3.268443280830979347e-03 2.682611346244812012e-02 1.004245318472385406e-02 3.569031372070312500e+02
-6.071958541870117188e-01 -3.219983307644724846e-03 2.732823602855205536e-02 9.700152091681957245e-03 3.576528625488281250e+02
-5.868631601333618164e-01 -3.168634604662656784e-03 2.781324274837970734e-02 9.352026507258415222e-03 3.584025878906250000e+02
-5.661643147468566895e-01 -3.114186460152268410e-03 2.828084491193294525e-02 8.998768404126167297e-03 3.591523132324218750e+02
-5.451121330261230469e-01 -3.056986024603247643e-03 2.873078361153602600e-02 8.640795946121215820e-03 3.599020080566406250e+02
-5.237197875976562500e-01 -2.999720163643360138e-03 2.916282415390014648e-02 8.276788517832756042e-03 3.606517028808593750e+02
-5.020006895065307617e-01 -2.942692721262574196e-03 2.957666292786598206e-02 7.906132377684116364e-03 3.614013977050781250e+02
-4.799684882164001465e-01 -2.880610059946775436e-03 2.997197024524211884e-02 7.532028015702962875e-03 3.621510620117187500e+02
-4.576368331909179688e-01 -2.817543921992182732e-03 3.034857101738452911e-02 7.153020240366458893e-03 3.629007263183593750e+02
-4.350197017192840576e-01 -2.754451707005500793e-03 3.070622123777866364e-02 6.768415682017803192e-03 3.636503906250000000e+02
-4.121313095092773438e-01 -2.686530351638793945e-03 3.104464150965213776e-02 6.381227634847164154e-03 3.644000549316406250e+02
-3.889858424663543701e-01 -2.616076963022351265e-03 3.136370331048965454e-02 5.991240497678518295e-03 3.651496887207031250e+02
-3.655976653099060059e-01 -2.548438264057040215e-03 3.166326507925987244e-02 5.595314316451549530e-03 3.658993225097656250e+02
-3.419815301895141602e-01 -2.477141330018639565e-03 3.194303065538406372e-02 5.196685437113046646e-03 3.666489562988281250e+02
-3.181521296501159668e-01 -2.403278602287173271e-03 3.220286592841148376e-02 4.795596003532409668e-03 3.673985900878906250e+02
-2.941242456436157227e-01 -2.329865004867315292e-03 3.244264423847198486e-02 4.390588961541652679e-03 3.681481933593750000e+02
-2.699129581451416016e-01 -2.254863735288381577e-03 3.266217187047004700e-02 3.982683178037405014e-03 3.688977966308593750e+02
-2.455333620309829712e-01 -2.179776318371295929e-03 3.286130726337432861e-02 3.571138018742203712e-03 3.696473999023437500e+02
-2.210007458925247192e-01 -2.100109355524182320e-03 3.303986415266990662e-02 3.158903913572430611e-03 3.703970031738281250e+02
-1.963303089141845703e-01 -2.020311541855335236e-03 3.319780901074409485e-02 2.744295867159962654e-03 3.711466064453125000e+02
-1.715374886989593506e-01 -1.936909742653369904e-03 3.333502262830734253e-02 2.329645911231637001e-03 3.718962097167968750e+02
-1.466376483440399170e-01 -1.854555448517203331e-03 3.345150500535964966e-02 1.912849256768822670e-03 3.726457824707031250e+02
-1.216463744640350342e-01 -1.771692303009331226e-03 3.354714810848236084e-02 1.494512078352272511e-03 3.733953552246093750e+02
-9.657926857471466064e-02 -1.689712284132838249e-03 3.362187370657920837e-02 1.073710853233933449e-03 3.741449279785156250e+02
-7.145205140113830566e-02 -1.603688346222043037e-03 3.367555886507034302e-02 6.534656276926398277e-04 3.748945007324218750e+02
