0.000000000000000000e+00 0.000000000000000000e+00 3.333333507180213928e-02 0.000000000000000000e+00 0.000000000000000000e+00
3.332716226577758789e-02 -5.273160059005022049e-03 3.333333507180213928e-02 -3.726076101884245872e-03 9.994444847106933594e-01
6.639081239700317383e-02 1.854728907346725464e-05 3.314702957868576050e-02 -2.634524833410978317e-03 1.998897790908813477e+00
9.953270107507705688e-02 1.670486526563763618e-03 3.301530331373214722e-02 -2.364287618547677994e-03 2.998348474502563477e+00
1.326254904270172119e-01 2.246038988232612610e-03 3.289708867669105530e-02 -2.332292729988694191e-03 3.997800827026367188e+00
1.656288802623748779e-01 1.997960032895207405e-03 3.278047218918800354e-02 -2.721574855968356133e-03 4.997255802154541016e+00
1.985033303499221802e-01 1.476538600400090218e-03 3.264439478516578674e-02 -3.501818981021642685e-03 5.996715545654296875e+00
2.312157154083251953e-01 1.080913469195365906e-03 3.246930241584777832e-02 -4.595953039824962616e-03 6.996180534362792969e+00
2.637333273887634277e-01 1.084525487385690212e-03 3.223950415849685669e-02 -5.885488353669643402e-03 7.995651721954345703e+00
2.960214614868164062e-01 1.610189210623502731e-03 3.194522857666015625e-02 -7.246668916195631027e-03 8.995130538940429688e+00
3.280417323112487793e-01 2.658495213836431503e-03 3.158289566636085510e-02 -8.567800745368003845e-03 9.994617462158203125e+00
3.597522377967834473e-01 4.136336036026477814e-03 3.115450590848922729e-02 -9.765031747519969940e-03 1.099411487579345703e+01
3.911084234714508057e-01 5.891110748052597046e-03 3.066625446081161499e-02 -1.079209335148334503e-02 1.199362277984619141e+01
4.220643043518066406e-01 7.756051607429981232e-03 3.012664988636970520e-02 -1.163661107420921326e-02 1.299314308166503906e+01
4.525740146636962891e-01 9.582097642123699188e-03 2.954481914639472961e-02 -1.231284346431493759e-02 1.399267768859863281e+01
4.825934171676635742e-01 1.124919112771749496e-02 2.892917767167091370e-02 -1.285820268094539642e-02 1.499222755432128906e+01
5.120807886123657227e-01 1.269079837948083878e-02 2.828626707196235657e-02 -1.331628952175378799e-02 1.599179267883300781e+01
5.409975647926330566e-01 1.388103701174259186e-02 2.762045338749885559e-02 -1.373419258743524551e-02 1.699137496948242188e+01
5.693082809448242188e-01 1.484025642275810242e-02 2.693374454975128174e-02 -1.414916478097438812e-02 1.799097442626953125e+01
5.969805121421813965e-01 1.561385579407215118e-02 2.622628584504127502e-02 -1.458821352571249008e-02 1.899059104919433594e+01
6.239842176437377930e-01 1.626063697040081024e-02 2.549687586724758148e-02 -1.506632473319768906e-02 1.999022674560546875e+01
6.502910852432250977e-01 1.684487238526344299e-02 2.474355883896350861e-02 -1.558446045964956284e-02 2.098988151550292969e+01
6.758741140365600586e-01 1.742216199636459351e-02 2.396433614194393158e-02 -1.613334380090236664e-02 2.198955535888671875e+01
7.007070183753967285e-01 1.802662387490272522e-02 2.315766923129558563e-02 -1.670124381780624390e-02 2.298924636840820312e+01
7.247636914253234863e-01 1.868320442736148834e-02 2.232260629534721375e-02 -1.727003604173660278e-02 2.398895645141601562e+01
7.480183839797973633e-01 1.939599774777889252e-02 2.145910449326038361e-02 -1.782364025712013245e-02 2.498868560791015625e+01
7.704454064369201660e-01 2.015564963221549988e-02 2.056792192161083221e-02 -1.834890246391296387e-02 2.598843383789062500e+01
7.920194268226623535e-01 2.094395644962787628e-02 1.965047605335712433e-02 -1.883684471249580383e-02 2.698820114135742188e+01
8.127156496047973633e-01 2.173911780118942261e-02 1.870863325893878937e-02 -1.928268000483512878e-02 2.798798751831054688e+01
8.325099349021911621e-01 2.251678518950939178e-02 1.774450019001960754e-02 -1.968743279576301575e-02 2.898779296875000000e+01
8.513791561126708984e-01 2.326002158224582672e-02 1.676012948155403137e-02 -2.005356736481189728e-02 2.998761558532714844e+01
8.693013191223144531e-01 2.395696006715297699e-02 1.575745083391666412e-02 -2.038519084453582764e-02 3.098745536804199219e+01
8.862558007240295410e-01 2.459945715963840485e-02 1.473819091916084290e-02 -2.068826369941234589e-02 3.198731231689453125e+01
9.022232890129089355e-01 2.518679387867450714e-02 1.370377745479345322e-02 -2.096765674650669098e-02 3.298718643188476562e+01
9.171858429908752441e-01 2.572119794785976410e-02 1.265539415180683136e-02 -2.122800238430500031e-02 3.398707580566406250e+01
9.311268329620361328e-01 2.621030434966087341e-02 1.159399375319480896e-02 -2.147112227976322174e-02 3.498698043823242188e+01
9.440310001373291016e-01 2.666163444519042969e-02 1.052043773233890533e-02 -2.169755846261978149e-02 3.598689651489257812e+01
9.558842778205871582e-01 2.708233706653118134e-02 9.435559622943401337e-03 -2.190634794533252716e-02 3.698682785034179688e+01
9.666737318038940430e-01 2.747534215450286865e-02 8.340242318809032440e-03 -2.209732122719287872e-02 3.798677062988281250e+01
9.763876199722290039e-01 2.784800156950950623e-02 7.235376164317131042e-03 -2.226635441184043884e-02 3.898672485351562500e+01
9.850152730941772461e-01 2.819938212633132935e-02 6.122058257460594177e-03 -2.241186052560806274e-02 3.998668670654296875e+01
9.925472140312194824e-01 2.852762490510940552e-02 5.001465324312448502e-03 -2.253260090947151184e-02 4.098666000366210938e+01
9.989750385284423828e-01 2.883203513920307159e-02 3.874835092574357986e-03 -2.262656018137931824e-02 4.198664093017578125e+01
1.004291415214538574e+00 2.910888940095901489e-02 2.743507036939263344e-03 -2.269335277378559113e-02 4.298662948608398438e+01
1.008490324020385742e+00 2.935736440122127533e-02 1.608839374966919422e-03 -2.273137494921684265e-02 4.398662185668945312e+01
1.011566996574401855e+00 2.957205288112163544e-02 4.722706507891416550e-04 -2.274192310869693756e-02 4.498661804199218750e+01
1.013517856597900391e+00 2.975159324705600739e-02 -6.648255512118339539e-04 -2.272527478635311127e-02 4.598661804199218750e+01
1.014340639114379883e+00 2.989510260522365570e-02 -1.801089267246425152e-03 -2.268182300031185150e-02 4.698661804199218750e+01
1.014034271240234375e+00 3.000101819634437561e-02 -2.935180440545082092e-03 -2.261279709637165070e-02 4.798661804199218750e+01
1.012599110603332520e+00 3.006923384964466095e-02 -4.065820481628179550e-03 -2.251923084259033203e-02 4.898661804199218750e+01
1.010036706924438477e+00 3.010257706046104431e-02 -5.191782023757696152e-03 -2.240046672523021698e-02 4.998661422729492188e+01
1.006350040435791016e+00 3.010009042918682098e-02 -6.311805453151464462e-03 -2.225756086409091949e-02 5.098661041259765625e+01
1.001543283462524414e+00 3.006238304078578949e-02 -7.424683310091495514e-03 -2.209107577800750732e-02 5.198659896850585938e+01
9.956217408180236816e-01 2.999061346054077148e-02 -8.529237471520900726e-03 -2.190121635794639587e-02 5.298658370971679688e+01
9.885920882225036621e-01 2.988647297024726868e-02 -9.624298661947250366e-03 -2.168758958578109741e-02 5.398656082153320312e+01
9.804621934890747070e-01 2.975086867809295654e-02 -1.070867851376533508e-02 -2.144978381693363190e-02 5.498653030395507812e+01
9.712411761283874512e-01 2.958208322525024414e-02 -1.178116723895072937e-02 -2.118886820971965790e-02 5.598648834228515625e+01
9.609392881393432617e-01 2.938393875956535339e-02 -1.284061092883348465e-02 -2.090281061828136444e-02 5.698643493652343750e+01
9.495680928230285645e-01 2.915133349597454071e-02 -1.388575136661529541e-02 -2.059420384466648102e-02 5.798637008666992188e+01
9.371402263641357422e-01 2.888748422265052795e-02 -1.491546165198087692e-02 -2.026197314262390137e-02 5.898629379272460938e+01
9.236695170402526855e-01 2.859005331993103027e-02 -1.592856086790561676e-02 -1.990777440369129181e-02 5.998620605468750000e+01
9.091709256172180176e-01 2.826200053095817566e-02 -1.692394912242889404e-02 -1.953069679439067841e-02 6.098610305786132812e+01
8.936606645584106445e-01 2.790282294154167175e-02 -1.790048368275165558e-02 -1.913119666278362274e-02 6.198598480224609375e+01
8.771560788154602051e-01 2.751133590936660767e-02 -1.885704323649406433e-02 -1.871051080524921417e-02 6.298585128784179688e+01
8.596754670143127441e-01 2.708779647946357727e-02 -1.979256793856620789e-02 -1.826958544552326202e-02 6.398569869995117188e+01
8.412383198738098145e-01 2.663462422788143158e-02 -2.070604637265205383e-02 -1.780810952186584473e-02 6.498552703857421875e+01
8.218652009963989258e-01 2.615182846784591675e-02 -2.159645222127437592e-02 -1.732674054801464081e-02 6.598534393310546875e+01
8.015776872634887695e-01 2.563859894871711731e-02 -2.246278896927833557e-02 -1.682694070041179657e-02 6.698513793945312500e+01
7.803983688354492188e-01 2.509718388319015503e-02 -2.330413646996021271e-02 -1.630873605608940125e-02 6.798491668701171875e+01
7.583508491516113281e-01 2.452933602035045624e-02 -2.411957271397113800e-02 -1.577192358672618866e-02 6.898467254638671875e+01
7.354597449302673340e-01 2.393356524407863617e-02 -2.490816824138164520e-02 -1.521807536482810974e-02 6.998441314697265625e+01
7.117504477500915527e-01 2.331137470901012421e-02 -2.566907182335853577e-02 -1.464757788926362991e-02 7.098413085937500000e+01
6.872493624687194824e-01 2.266361005604267120e-02 -2.640145085752010345e-02 -1.406102441251277924e-02 7.198383331298828125e+01
6.619837880134582520e-01 2.199083566665649414e-02 -2.710450254380702972e-02 -1.345920190215110779e-02 7.298351287841796875e+01
6.359817385673522949e-01 2.129469066858291626e-02 -2.777746319770812988e-02 -1.284225936979055405e-02 7.398317718505859375e+01
6.092721819877624512e-01 2.057606354355812073e-02 -2.841957658529281616e-02 -1.221050135791301727e-02 7.498281860351562500e+01
5.818848013877868652e-01 1.983353495597839355e-02 -2.903010137379169464e-02 -1.156574767082929611e-02 7.598244476318359375e+01
5.538500547409057617e-01 1.906911283731460571e-02 -2.960838936269283295e-02 -1.090838015079498291e-02 7.698205566406250000e+01
5.251990556716918945e-01 1.828361675143241882e-02 -3.015380911529064178e-02 -1.023923978209495544e-02 7.798164367675781250e+01
4.959635734558105469e-01 1.747864298522472382e-02 -3.066577017307281494e-02 -9.558690711855888367e-03 7.898121643066406250e+01
4.661761224269866943e-01 1.665547490119934082e-02 -3.114370442926883698e-02 -8.867030963301658630e-03 7.998077392578125000e+01
4.358698129653930664e-01 1.581328548491001129e-02 -3.158705681562423706e-02 -8.165817707777023315e-03 8.098031616210937500e+01
4.050782918930053711e-01 1.495241373777389526e-02 -3.199534863233566284e-02 -7.456530816853046417e-03 8.197984313964843750e+01
3.738356232643127441e-01 1.407748553901910782e-02 -3.236817568540573120e-02 -6.738042458891868591e-03 8.297935485839843750e+01
3.421766161918640137e-01 1.318573486059904099e-02 -3.270507603883743286e-02 -6.012854166328907013e-03 8.397885131835937500e+01
3.101363182067871094e-01 1.228053029626607895e-02 -3.300571814179420471e-02 -5.280709359794855118e-03 8.497834014892578125e+01
2.777502834796905518e-01 1.136125996708869934e-02 -3.326975181698799133e-02 -4.543198272585868835e-03 8.597781372070312500e+01
2.450544089078903198e-01 1.043036859482526779e-02 -3.349691256880760193e-02 -3.800452454015612602e-03 8.697727966308593750e+01
2.120849788188934326e-01 9.488452225923538208e-03 -3.368693590164184570e-02 -3.053317079320549965e-03 8.797673797607421875e+01
1.788785606622695923e-01 8.535935543477535248e-03 -3.383960202336311340e-02 -2.302887616679072380e-03 8.897618865966796875e+01
1.454719603061676025e-01 7.573174312710762024e-03 -3.395474702119827271e-02 -1.550571760162711143e-03 8.997563171386718750e+01
1.119021773338317871e-01 6.603062152862548828e-03 -3.403227403759956360e-02 -7.963681127876043320e-04 9.097506713867187500e+01
7.820643484592437744e-02 5.627810955047607422e-03 -3.407209366559982300e-02 -4.000065382570028305e-05 9.197450256347656250e+01
4.442216083407402039e-02 4.643257241696119308e-03 -3.407409414649009705e-02 7.149759912863373756e-04 9.297393035888671875e+01
1.058669015765190125e-02 3.655545413494110107e-03 -3.403834626078605652e-02 1.469994662329554558e-03 9.397335815429687500e+01
-2.326241508126258850e-02 2.662969287484884262e-03 -3.396484628319740295e-02 2.223034389317035675e-03 9.497278594970703125e+01
-5.708765983581542969e-02 1.667584292590618134e-03 -3.385369479656219482e-02 2.973601222038269043e-03 9.597221374511718750e+01
-9.085156023502349854e-02 6.702163955196738243e-04 -3.370501473546028137e-02 3.720702370628714561e-03 9.697164154052734375e+01
-1.245167031884193420e-01 -3.264327533543109894e-04 -3.351898118853569031e-02 4.464549943804740906e-03 9.797107696533203125e+01
-1.580457240343093872e-01 -1.324411598034203053e-03 -3.329575434327125549e-02 5.202778615057468414e-03 9.897051239013671875e+01
-1.914015114307403564e-01 -2.319761086255311966e-03 -3.303561359643936157e-02 5.935931112617254257e-03 9.996995544433593750e+01
-2.245470434427261353e-01 -3.315669484436511993e-03 -3.273881599307060242e-02 6.660718936473131180e-03 1.009694061279296875e+02
-2.574456930160522461e-01 -4.303036257624626160e-03 -3.240577876567840576e-02 7.380586117506027222e-03 1.019688644409179688e+02
-2.900608479976654053e-01 -5.288182757794857025e-03 -3.203674778342247009e-02 8.091629482805728912e-03 1.029683303833007812e+02
-3.223564028739929199e-01 -6.268829107284545898e-03 -3.163216635584831238e-02 8.793045766651630402e-03 1.039678115844726562e+02
-3.542965650558471680e-01 -7.240972016006708145e-03 -3.119251318275928497e-02 9.485570713877677917e-03 1.049673004150390625e+02
-3.858458995819091797e-01 -8.205535821616649628e-03 -3.071823529899120331e-02 1.016775425523519516e-02 1.059668045043945312e+02
-4.169693887233734131e-01 -9.161929599940776825e-03 -3.020984679460525513e-02 1.083848532289266586e-02 1.069663238525390625e+02
-4.476325213909149170e-01 -1.010864041745662689e-02 -2.966792322695255280e-02 1.149707566946744919e-02 1.079658508300781250e+02
-4.778012931346893311e-01 -1.104287430644035339e-02 -2.909306995570659637e-02 1.214390341192483902e-02 1.089653930664062500e+02
-5.074421763420104980e-01 -1.196669228374958038e-02 -2.848587557673454285e-02 1.277677249163389206e-02 1.099649505615234375e+02
-5.365222692489624023e-01 -1.287707779556512833e-02 -2.784703671932220459e-02 1.339579001069068909e-02 1.109645309448242188e+02
-5.650092959403991699e-01 -1.377492211759090424e-02 -2.717724815011024475e-02 1.399911940097808838e-02 1.119641265869140625e+02
-5.928716659545898438e-01 -1.465533766895532608e-02 -2.647729218006134033e-02 1.458815019577741623e-02 1.129637374877929688e+02
-6.200783848762512207e-01 -1.552172284573316574e-02 -2.574788406491279602e-02 1.516016386449337006e-02 1.139633712768554688e+02
-6.465992331504821777e-01 -1.636972650885581970e-02 -2.498987503349781036e-02 1.571609638631343842e-02 1.149630203247070312e+02
-6.724047660827636719e-01 -1.720014587044715881e-02 -2.420406974852085114e-02 1.625469885766506195e-02 1.159626846313476562e+02
-6.974662542343139648e-01 -1.801229268312454224e-02 -2.339133433997631073e-02 1.677513867616653442e-02 1.169623718261718750e+02
-7.217558026313781738e-01 -1.880456134676933289e-02 -2.255257777869701385e-02 1.727711781859397888e-02 1.179620742797851562e+02
-7.452464699745178223e-01 -1.957604289054870605e-02 -2.168872207403182983e-02 1.776016131043434143e-02 1.189617996215820312e+02
-7.679120898246765137e-01 -2.032710239291191101e-02 -2.080071344971656799e-02 1.822296157479286194e-02 1.199615402221679688e+02
-7.897274494171142578e-01 -2.105460874736309052e-02 -1.988956518471240997e-02 1.866613887250423431e-02 1.209613037109375000e+02
-8.106682300567626953e-01 -2.175967767834663391e-02 -1.895625889301300049e-02 1.908833160996437073e-02 1.219610824584960938e+02
-8.307111263275146484e-01 -2.244083024561405182e-02 -1.800184324383735657e-02 1.948925107717514038e-02 1.229608840942382812e+02
-8.498338460922241211e-01 -2.309629879891872406e-02 -1.702737994492053986e-02 1.986909657716751099e-02 1.239607009887695312e+02
-8.680150508880615234e-01 -2.372806146740913391e-02 -1.603392511606216431e-02 2.022594027221202850e-02 1.249605331420898438e+02
-8.852345347404479980e-01 -2.433216385543346405e-02 -1.502262800931930542e-02 2.056087367236614227e-02 1.259603881835937500e+02
-9.014730453491210938e-01 -2.490935474634170532e-02 -1.399458386003971100e-02 2.087305113673210144e-02 1.269602584838867188e+02
-9.167125225067138672e-01 -2.546073123812675476e-02 -1.295093167573213577e-02 2.116089873015880585e-02 1.279601440429687500e+02
-9.309360384941101074e-01 -2.598101459443569183e-02 -1.189288683235645294e-02 2.142651751637458801e-02 1.289600372314453125e+02
-9.441276192665100098e-01 -2.647294476628303528e-02 -1.082156132906675339e-02 2.166842482984066010e-02 1.299599456787109375e+02
-9.562725424766540527e-01 -2.693728357553482056e-02 -9.738139808177947998e-03 2.188531309366226196e-02 1.309598693847656250e+02
-9.673573374748229980e-01 -2.737059444189071655e-02 -8.643873967230319977e-03 2.207819744944572449e-02 1.319598083496093750e+02
-9.773696064949035645e-01 -2.777356095612049103e-02 -7.539964281022548676e-03 2.224641107022762299e-02 1.329597625732421875e+02
-9.862981438636779785e-01 -2.814562991261482239e-02 -6.427643820643424988e-03 2.238975092768669128e-02 1.339597167968750000e+02
-9.941329956054687500e-01 -2.848683111369609833e-02 -5.308156367391347885e-03 2.250767499208450317e-02 1.349596862792968750e+02
-1.000865459442138672e+00 -2.879456616938114166e-02 -4.182772710919380188e-03 2.260129526257514954e-02 1.359596710205078125e+02
-1.006487965583801270e+00 -2.907137572765350342e-02 -3.052707761526107788e-03 2.266915328800678253e-02 1.369596557617187500e+02
-1.010994195938110352e+00 -2.931441925466060638e-02 -1.919250120408833027e-03 2.271242253482341766e-02 1.379596405029296875e+02
-1.014379143714904785e+00 -2.952648885548114777e-02 -7.836290169507265091e-04 2.272944152355194092e-02 1.389596405029296875e+02
-1.016639113426208496e+00 -2.970360219478607178e-02 3.528430825099349022e-04 2.272203005850315094e-02 1.399596405029296875e+02
-1.017771482467651367e+00 -2.984854392707347870e-02 1.488944632001221180e-03 2.268889173865318298e-02 1.409596405029296875e+02
-1.017774939537048340e+00 -2.996053919196128845e-02 2.623389242216944695e-03 2.263007126748561859e-02 1.419596405029296875e+02
-1.016649603843688965e+00 -3.003838099539279938e-02 3.754892852157354355e-03 2.254613675177097321e-02 1.429596405029296875e+02
-1.014396667480468750e+00 -3.008268587291240692e-02 4.882199689745903015e-03 2.243687398731708527e-02 1.439596405029296875e+02
-1.011018633842468262e+00 -3.009277954697608948e-02 6.004043389111757278e-03 2.230274863541126251e-02 1.449596405029296875e+02
-1.006519198417663574e+00 -3.006849810481071472e-02 7.119180634617805481e-03 2.214419469237327576e-02 1.459596252441406250e+02
-1.000903487205505371e+00 -3.001251071691513062e-02 8.226389996707439423e-03 2.195985428988933563e-02 1.469596099853515625e+02
-9.941777586936950684e-01 -2.992116287350654602e-02 9.324382990598678589e-03 2.175166271626949310e-02 1.479595947265625000e+02
-9.863495230674743652e-01 -2.979394793510437012e-02 1.041196659207344055e-02 2.152095362544059753e-02 1.489595642089843750e+02
-9.774273633956909180e-01 -2.963859960436820984e-02 1.148801390081644058e-02 2.126383036375045776e-02 1.499595184326171875e+02
-9.674214124679565430e-01 -2.944747358560562134e-02 1.255120523273944855e-02 2.098391577601432800e-02 1.509594726562500000e+02
-9.563428163528442383e-01 -2.922417782247066498e-02 1.360040064901113510e-02 2.068012021481990814e-02 1.519594116210937500e+02
-9.442039132118225098e-01 -2.896714769303798676e-02 1.463440619409084320e-02 2.035369724035263062e-02 1.529593353271484375e+02
-9.310182332992553711e-01 -2.867630124092102051e-02 1.565209031105041504e-02 2.000569365918636322e-02 1.539592437744140625e+02
-9.168004393577575684e-01 -2.835634723305702209e-02 1.665237545967102051e-02 1.963415369391441345e-02 1.549591369628906250e+02
-9.015664458274841309e-01 -2.800380438566207886e-02 1.763408258557319641e-02 1.924102567136287689e-02 1.559590148925781250e+02
-8.853332400321960449e-01 -2.761885337531566620e-02 1.859613321721553802e-02 1.882723718881607056e-02 1.569588775634765625e+02
-8.681188821792602539e-01 -2.720468118786811829e-02 1.953749544918537140e-02 1.839187555015087128e-02 1.579587249755859375e+02
-8.499426245689392090e-01 -2.675934694707393646e-02 2.045708894729614258e-02 1.793651469051837921e-02 1.589585571289062500e+02
-8.308246731758117676e-01 -2.628447301685810089e-02 2.135391533374786377e-02 1.746125891804695129e-02 1.599583740234375000e+02
-8.107863068580627441e-01 -2.578050270676612854e-02 2.222697809338569641e-02 1.696666330099105835e-02 1.609581756591796875e+02
-7.898498773574829102e-01 -2.524632774293422699e-02 2.307531051337718964e-02 1.645445823669433594e-02 1.619579620361328125e+02
-7.680385708808898926e-01 -2.468734607100486755e-02 2.389803342521190643e-02 1.592266559600830078e-02 1.629577178955078125e+02
-7.453768253326416016e-01 -2.410063892602920532e-02 2.469416707754135132e-02 1.537310797721147537e-02 1.639574584960937500e+02
-7.218898534774780273e-01 -2.348599582910537720e-02 2.546282298862934113e-02 1.480708085000514984e-02 1.649571838378906250e+02
-6.976037025451660156e-01 -2.284620329737663269e-02 2.620317786931991577e-02 1.422425918281078339e-02 1.659568939208984375e+02
-6.725454330444335938e-01 -2.218114957213401794e-02 2.691439166665077209e-02 1.362553983926773071e-02 1.669565734863281250e+02
-6.467429399490356445e-01 -2.149032428860664368e-02 2.759566903114318848e-02 1.301244087517261505e-02 1.679562377929687500e+02
-6.202248930931091309e-01 -2.077615633606910706e-02 2.824629098176956177e-02 1.238506007939577103e-02 1.689558868408203125e+02
-5.930207371711730957e-01 -2.003938704729080200e-02 2.886554412543773651e-02 1.174408942461013794e-02 1.699555206298828125e+02
-5.651607513427734375e-01 -1.928108558058738708e-02 2.945274859666824341e-02 1.109003834426403046e-02 1.709551391601562500e+02
-5.366758704185485840e-01 -1.850121654570102692e-02 3.000725060701370239e-02 1.042409520596265793e-02 1.719547271728515625e+02
-5.075977444648742676e-01 -1.770217530429363251e-02 3.052845597267150879e-02 9.746147319674491882e-03 1.729542999267578125e+02
-4.779587388038635254e-01 -1.688424311578273773e-02 3.101576305925846100e-02 9.056917391717433929e-03 1.739538574218750000e+02
-4.477917551994323730e-01 -1.604448258876800537e-02 3.146860748529434204e-02 8.359572850167751312e-03 1.749533996582031250e+02
-4.171301722526550293e-01 -1.518976595252752304e-02 3.188658505678176880e-02 7.652202621102333069e-03 1.759529266357421875e+02
-3.860080838203430176e-01 -1.431904453784227371e-02 3.226919472217559814e-02 6.936050485819578171e-03 1.769524383544921875e+02
-3.544600605964660645e-01 -1.343118678778409958e-02 3.261599689722061157e-02 6.213115993887186050e-03 1.779519348144531250e+02
-3.225210607051849365e-01 -1.253037434071302414e-02 3.292665258049964905e-02 5.482619162648916245e-03 1.789514312744140625e+02
-2.902265489101409912e-01 -1.161539740860462189e-02 3.320078179240226746e-02 4.746236838400363922e-03 1.799509124755859375e+02
-2.576123178005218506e-01 -1.068654097616672516e-02 3.343809396028518677e-02 4.005475435405969620e-03 1.809503784179687500e+02
-2.247144877910614014e-01 -9.748274460434913635e-03 3.363836929202079773e-02 3.259324003010988235e-03 1.819498443603515625e+02
-1.915695965290069580e-01 -8.797358721494674683e-03 3.380133584141731262e-02 2.510705497115850449e-03 1.829492950439453125e+02
-1.582143157720565796e-01 -7.840156555175781250e-03 3.392687067389488220e-02 1.757599180564284325e-03 1.839487457275390625e+02
-1.246857345104217529e-01 -6.871281657367944717e-03 3.401475027203559875e-02 1.003936049528419971e-03 1.849481811523437500e+02
-9.102091193199157715e-02 -5.895943846553564072e-03 3.406494855880737305e-02 2.489029429852962494e-04 1.859476165771484375e+02
-5.725717544555664062e-02 -4.916488192975521088e-03 3.407739475369453430e-02 -5.079279071651399136e-04 1.869470520019531250e+02
-2.343205362558364868e-02 -3.926382865756750107e-03 3.405199944972991943e-02 -1.261471188627183437e-03 1.879464721679687500e+02
1.041716337203979492e-02 -2.939397003501653671e-03 3.398892655968666077e-02 -2.017551101744174957e-03 1.889458923339843750e+02
4.425266012549400330e-02 -1.942710601724684238e-03 3.388804942369461060e-02 -2.768784062936902046e-03 1.899453125000000000e+02
7.803714275360107422e-02 -9.455472463741898537e-04 3.374961018562316895e-02 -3.517503850162029266e-03 1.909447479248046875e+02
1.117330938577651978e-01 5.505734588950872421e-05 3.357373550534248352e-02 -4.260635934770107269e-03 1.919441833496093750e+02
1.453032791614532471e-01 1.052542589604854584e-03 3.336070477962493896e-02 -5.000016652047634125e-03 1.929436187744140625e+02
1.787104010581970215e-01 2.047479385510087013e-03 3.311070427298545837e-02 -5.734782200306653976e-03 1.939430541992187500e+02
2.119173705577850342e-01 3.041563555598258972e-03 3.282396495342254639e-02 -6.462834775447845459e-03 1.949425048828125000e+02
2.448874413967132568e-01 4.033447243273258209e-03 3.250082209706306458e-02 -7.183071225881576538e-03 1.959419555664062500e+02
2.775841057300567627e-01 5.018121097236871719e-03 3.214166685938835144e-02 -7.896953262388706207e-03 1.969414215087890625e+02
3.099710345268249512e-01 6.000269204378128052e-03 3.174681961536407471e-02 -8.600899949669837952e-03 1.979409027099609375e+02
3.420123755931854248e-01 6.974949035793542862e-03 3.131677582859992981e-02 -9.295689873397350311e-03 1.989403839111328125e+02
3.736726045608520508e-01 7.940198294818401337e-03 3.085199184715747833e-02 -9.981553070247173309e-03 1.999398803710937500e+02
4.049165248870849609e-01 8.899369277060031891e-03 3.035291470587253571e-02 -1.065555494278669357e-02 2.009393920898437500e+02
4.357095360755920410e-01 9.848429821431636810e-03 2.982013672590255737e-02 -1.131810434162616730e-02 2.019389190673828125e+02
4.660174548625946045e-01 1.078749820590019226e-02 2.925423160195350647e-02 -1.196786854416131973e-02 2.029384613037109375e+02
4.958066642284393311e-01 1.171591971069574356e-02 2.865583822131156921e-02 -1.260357350111007690e-02 2.039380187988281250e+02
5.250441431999206543e-01 1.263052131980657578e-02 2.802565880119800568e-02 -1.322546228766441345e-02 2.049375915527343750e+02
5.536974072456359863e-01 1.352850534021854401e-02 2.736438624560832977e-02 -1.383441872894763947e-02 2.059371795654296875e+02
5.817345380783081055e-01 1.441427785903215408e-02 2.667266502976417542e-02 -1.442726701498031616e-02 2.069367828369140625e+02
6.091244816780090332e-01 1.528225559741258621e-02 2.595130167901515961e-02 -1.500565838068723679e-02 2.079364013671875000e+02
6.358367204666137695e-01 1.613814383745193481e-02 2.520101889967918396e-02 -1.556528173387050629e-02 2.089360504150390625e+02
6.618417501449584961e-01 1.697313226759433746e-02 2.442275546491146088e-02 -1.610912196338176727e-02 2.099357147216796875e+02
6.871104836463928223e-01 1.779167167842388153e-02 2.361729927361011505e-02 -1.663410477340221405e-02 2.109353942871093750e+02
7.116149067878723145e-01 1.858939602971076965e-02 2.278559468686580658e-02 -1.714117079973220825e-02 2.119350891113281250e+02
7.353277802467346191e-01 1.936636120080947876e-02 2.192853577435016632e-02 -1.762959733605384827e-02 2.129348144531250000e+02
7.582226395606994629e-01 2.012349478900432587e-02 2.104705572128295898e-02 -1.809777319431304932e-02 2.139345550537109375e+02
7.802740931510925293e-01 2.085752412676811218e-02 2.014216780662536621e-02 -1.854626089334487915e-02 2.149343109130859375e+02
8.014575839042663574e-01 2.156886830925941467e-02 1.921485550701618195e-02 -1.897405460476875305e-02 2.159340820312500000e+02
8.217495083808898926e-01 2.225613407790660858e-02 1.826615259051322937e-02 -1.938097365200519562e-02 2.169338836669921875e+02
8.411272764205932617e-01 2.291866578161716461e-02 1.729710400104522705e-02 -1.976661011576652527e-02 2.179337005615234375e+02
8.595692515373229980e-01 2.355733886361122131e-02 1.630877330899238586e-02 -2.012949809432029724e-02 2.189335327148437500e+02
8.770549893379211426e-01 2.416794002056121826e-02 1.530229859054088593e-02 -2.047103457152843475e-02 2.199333801269531250e+02
8.935649394989013672e-01 2.475317195057868958e-02 1.427874714136123657e-02 -2.078929916024208069e-02 2.209332427978515625e+02
9.090807437896728516e-01 2.531070634722709656e-02 1.323928218334913254e-02 -2.108456008136272430e-02 2.219331207275390625e+02
9.235850572586059570e-01 2.584009617567062378e-02 1.218505389988422394e-02 -2.135644666850566864e-02 2.229330139160156250e+02
9.370617270469665527e-01 2.634149789810180664e-02 1.111723110079765320e-02 -2.160414867103099823e-02 2.239329223632812500e+02
9.494957327842712402e-01 2.681266330182552338e-02 1.003702357411384583e-02 -2.182823419570922852e-02 2.249328460693359375e+02
9.608731269836425781e-01 2.725449018180370331e-02 8.945612236857414246e-03 -2.202781476080417633e-02 2.259327850341796875e+02
9.711812734603881836e-01 2.766609750688076019e-02 7.844221778213977814e-03 -2.220272272825241089e-02 2.269327392578125000e+02
9.804086685180664062e-01 2.804664522409439087e-02 6.734085734933614731e-03 -2.235293015837669373e-02 2.279326934814453125e+02
9.885450005531311035e-01 2.839622832834720612e-02 5.616439040750265121e-03 -2.247794531285762787e-02 2.289326629638671875e+02
9.955812096595764160e-01 2.871352434158325195e-02 4.492541775107383728e-03 -2.257808670401573181e-02 2.299326324462890625e+02
1.001509428024291992e+00 2.899878099560737610e-02 3.363637253642082214e-03 -2.265301346778869629e-02 2.309326171875000000e+02
1.006322979927062988e+00 2.925111912190914154e-02 2.230986487120389938e-03 -2.270298823714256287e-02 2.319326019287109375e+02
1.010016560554504395e+00 2.947186119854450226e-02 1.095837098546326160e-03 -2.272704802453517914e-02 2.329326019287109375e+02
1.012585997581481934e+00 2.965839020907878876e-02 -4.051532596349716187e-05 -2.272632345557212830e-02 2.339326019287109375e+02
1.014028429985046387e+00 2.981166914105415344e-02 -1.176831545308232307e-03 -2.270049229264259338e-02 2.349326019287109375e+02
1.014342188835144043e+00 2.993292361497879028e-02 -2.311856020241975784e-03 -2.264867350459098816e-02 2.359326019287109375e+02
1.013527035713195801e+00 3.001972846686840057e-02 -3.444289788603782654e-03 -2.257195860147476196e-02 2.369326019287109375e+02
1.011583685874938965e+00 3.007360547780990601e-02 -4.572887904942035675e-03 -2.246964164078235626e-02 2.379326019287109375e+02
1.008514523506164551e+00 3.009314648807048798e-02 -5.696370266377925873e-03 -2.234245277941226959e-02 2.389326019287109375e+02
1.004322767257690430e+00 3.007976897060871124e-02 -6.813493091613054276e-03 -2.218974940478801727e-02 2.399325866699218750e+02
9.990133047103881836e-01 3.003126196563243866e-02 -7.922980934381484985e-03 -2.201285772025585175e-02 2.409325714111328125e+02
9.925919175148010254e-01 2.994908392429351807e-02 -9.023623540997505188e-03 -2.181153930723667145e-02 2.419325561523437500e+02
9.850658178329467773e-01 2.983387187123298645e-02 -1.011420041322708130e-02 -2.158568426966667175e-02 2.429325256347656250e+02
9.764434099197387695e-01 2.968366071581840515e-02 -1.119348499923944473e-02 -2.133682183921337128e-02 2.439324951171875000e+02
9.667342305183410645e-01 2.950314059853553772e-02 -1.226032618433237076e-02 -2.106280997395515442e-02 2.449324493408203125e+02
9.559492468833923340e-01 2.928766608238220215e-02 -1.331346668303012848e-02 -2.076615951955318451e-02 2.459323883056640625e+02
9.441004395484924316e-01 2.904034964740276337e-02 -1.435177493840456009e-02 -2.044596523046493530e-02 2.469323120117187500e+02
9.312010407447814941e-01 2.875994332134723663e-02 -1.537407282739877701e-02 -2.010329253971576691e-02 2.479322357177734375e+02
9.172654151916503906e-01 2.844667062163352966e-02 -1.637923717498779297e-02 -1.973886042833328247e-02 2.489321441650390625e+02
9.023090600967407227e-01 2.810159139335155487e-02 -1.736618019640445709e-02 -1.935298740863800049e-02 2.499320373535156250e+02
8.863486051559448242e-01 2.772831358015537262e-02 -1.833382993936538696e-02 -1.894403062760829926e-02 2.509319152832031250e+02
8.694019913673400879e-01 2.732140012085437775e-02 -1.928103156387805939e-02 -1.851524598896503448e-02 2.519317779541015625e+02
8.514879941940307617e-01 2.688753977417945862e-02 -2.020679414272308350e-02 -1.806385256350040436e-02 2.529316253662109375e+02
8.326267004013061523e-01 2.641744352877140045e-02 -2.110998705029487610e-02 -1.759566925466060638e-02 2.539314422607421875e+02
8.128388524055480957e-01 2.592476457357406616e-02 -2.198977023363113403e-02 -1.710472255945205688e-02 2.549312438964843750e+02
7.921468019485473633e-01 2.540095709264278412e-02 -2.284500561654567719e-02 -1.659513078629970551e-02 2.559310302734375000e+02
7.705734968185424805e-01 2.484614029526710510e-02 -2.367476187646389008e-02 -1.606853120028972626e-02 2.569307861328125000e+02
7.481428980827331543e-01 2.426623739302158356e-02 -2.447818778455257416e-02 -1.552298571914434433e-02 2.579305419921875000e+02
7.248800992965698242e-01 2.365534007549285889e-02 -2.525433711707592010e-02 -1.496272813528776169e-02 2.589302673339843750e+02
7.008108496665954590e-01 2.302070893347263336e-02 -2.600247412919998169e-02 -1.438567321747541428e-02 2.599299926757812500e+02
6.759619712829589844e-01 2.236244268715381622e-02 -2.672175690531730652e-02 -1.379219628870487213e-02 2.609296875000000000e+02
6.503611207008361816e-01 2.167838066816329956e-02 -2.741136588156223297e-02 -1.318437885493040085e-02 2.619293518066406250e+02
6.240366697311401367e-01 2.097472175955772400e-02 -2.807058393955230713e-02 -1.255967468023300171e-02 2.629290161132812500e+02
5.970181226730346680e-01 2.024323865771293640e-02 -2.869856730103492737e-02 -1.192324422299861908e-02 2.639286499023437500e+02
5.693352222442626953e-01 1.949434913694858551e-02 -2.929472923278808594e-02 -1.127098686993122101e-02 2.649282531738281250e+02
5.410189628601074219e-01 1.872007176280021667e-02 -2.985827811062335968e-02 -1.060769148170948029e-02 2.659278564453125000e+02
5.121006965637207031e-01 1.792367175221443176e-02 -3.038866259157657623e-02 -9.933915920555591583e-03 2.669274291992187500e+02
4.826124906539916992e-01 1.711345836520195007e-02 -3.088535927236080170e-02 -9.245997294783592224e-03 2.679270019531250000e+02
4.525873064994812012e-01 1.627622917294502258e-02 -3.134765848517417908e-02 -8.552061393857002258e-03 2.689265441894531250e+02
4.220581948757171631e-01 1.542750652879476547e-02 -3.177526220679283142e-02 -7.846148684620857239e-03 2.699260864257812500e+02
3.910592794418334961e-01 1.455689780414104462e-02 -3.216756880283355713e-02 -7.134539540857076645e-03 2.709255981445312500e+02
3.596247136592864990e-01 1.367809996008872986e-02 -3.252429515123367310e-02 -6.411337293684482574e-03 2.719251098632812500e+02
3.277896940708160400e-01 1.277703233063220978e-02 -3.284486383199691772e-02 -5.684698000550270081e-03 2.729245910644531250e+02
2.955892384052276611e-01 1.186881959438323975e-02 -3.312909975647926331e-02 -4.948589019477367401e-03 2.739240722656250000e+02
2.630593180656433105e-01 1.094161625951528549e-02 -3.337652981281280518e-02 -4.210036713629961014e-03 2.749235534667968750e+02
2.302357554435729980e-01 1.000669691711664200e-02 -3.358703106641769409e-02 -3.465213580057024956e-03 2.759230041503906250e+02
1.971550881862640381e-01 9.059520438313484192e-03 -3.376029059290885925e-02 -2.717221621423959732e-03 2.769224548339843750e+02
1.638539284467697144e-01 8.105171844363212585e-03 -3.389615193009376526e-02 -1.964601920917630196e-03 2.779219055175781250e+02
1.303692907094955444e-01 7.139793131500482559e-03 -3.399438038468360901e-02 -1.210388727486133575e-03 2.789213562011718750e+02
9.673823416233062744e-02 6.163141690194606781e-03 -3.405490145087242126e-02 -4.571001627482473850e-04 2.799207763671875000e+02
6.299789249897003174e-02 5.187341943383216858e-03 -3.407775610685348511e-02 3.005627077072858810e-04 2.809201965332031250e+02
2.918594703078269958e-02 4.202385898679494858e-03 -3.406272828578948975e-02 1.057232730090618134e-03 2.819196166992187500e+02
-4.660200327634811401e-03 3.210606286302208900e-03 -3.400986641645431519e-02 1.811825670301914215e-03 2.829190368652343750e+02
-3.850307315587997437e-02 2.212305786088109016e-03 -3.391927480697631836e-02 2.562063047662377357e-03 2.839184570312500000e+02
-7.230529189109802246e-02 1.217401004396378994e-03 -3.379117324948310852e-02 3.311762819066643715e-03 2.849178771972656250e+02
-1.060291975736618042e-01 2.201944589614868164e-04 -3.362558409571647644e-02 4.057601559907197952e-03 2.859172973632812500e+02
-1.396374404430389404e-01 -7.774226833134889603e-04 -3.342270478606224060e-02 4.799001850187778473e-03 2.869167175292968750e+02
-1.730927824974060059e-01 -1.777187455445528030e-03 -3.318275511264801025e-02 5.533121991902589798e-03 2.879161682128906250e+02
-2.063582539558410645e-01 -2.771366387605667114e-03 -3.290610015392303467e-02 6.262391339987516403e-03 2.889156188964843750e+02
-2.393969148397445679e-01 -3.761972300708293915e-03 -3.259298205375671387e-02 6.985201034694910049e-03 2.899150695800781250e+02
-2.721721231937408447e-01 -4.750626161694526672e-03 -3.224372118711471558e-02 7.699146866798400879e-03 2.909145202636718750e+02
-3.046476542949676514e-01 -5.728554446250200272e-03 -3.185876458883285522e-02 8.407928980886936188e-03 2.919140014648437500e+02
-3.367873132228851318e-01 -6.706421729177236557e-03 -3.143836930394172668e-02 9.105064906179904938e-03 2.929134826660156250e+02
-3.685556650161743164e-01 -7.675467524677515030e-03 -3.098311647772789001e-02 9.792807511985301971e-03 2.939129638671875000e+02
-3.999174237251281738e-01 -8.633951656520366669e-03 -3.049347549676895142e-02 1.047150231897830963e-02 2.949124755859375000e+02
-4.308376610279083252e-01 -9.588517248630523682e-03 -2.996990084648132324e-02 1.113614439964294434e-02 2.959119873046875000e+02
-4.612822830677032471e-01 -1.052804477512836456e-02 -2.941309288144111633e-02 1.179083902388811111e-02 2.969115295410156250e+02
-4.912173151969909668e-01 -1.146077178418636322e-02 -2.882355079054832458e-02 1.243031397461891174e-02 2.979110717773437500e+02
-5.206096768379211426e-01 -1.237676292657852173e-02 -2.820203453302383423e-02 1.305819209665060043e-02 2.989106445312500000e+02
-5.494265556335449219e-01 -1.328470371663570404e-02 -2.754912525415420532e-02 1.366876065731048584e-02 2.999102172851562500e+02
-5.776361823081970215e-01 -1.417128089815378189e-02 -2.686568722128868103e-02 1.426763832569122314e-02 3.009098205566406250e+02
-6.052069664001464844e-01 -1.504863146692514420e-02 -2.615230530500411987e-02 1.484784763306379318e-02 3.019094543457031250e+02
-6.321084499359130859e-01 -1.590739563107490540e-02 -2.540991269052028656e-02 1.541205588728189468e-02 3.029090881347656250e+02
-6.583107709884643555e-01 -1.674722135066986084e-02 -2.463931031525135040e-02 1.595990546047687531e-02 3.039087524414062500e+02
-6.837847232818603516e-01 -1.756818592548370361e-02 -2.384131588041782379e-02 1.649070158600807190e-02 3.049084167480468750e+02
-7.085019350051879883e-01 -1.836975477635860443e-02 -2.301678061485290527e-02 1.700393110513687134e-02 3.059081115722656250e+02
-7.324349284172058105e-01 -1.915409415960311890e-02 -2.216658368706703186e-02 1.749712601304054260e-02 3.069078369140625000e+02
-7.555571794509887695e-01 -1.991766318678855896e-02 -2.129172720015048981e-02 1.797044090926647186e-02 3.079075622558593750e+02
-7.778429388999938965e-01 -2.065792679786682129e-02 -2.039320580661296844e-02 1.842428930103778839e-02 3.089073181152343750e+02
-7.992674112319946289e-01 -2.137402817606925964e-02 -1.947199180722236633e-02 1.885869912803173065e-02 3.099070739746093750e+02
-8.198066949844360352e-01 -2.206847071647644043e-02 -1.852905750274658203e-02 1.927154697477817535e-02 3.109068603515625000e+02
-8.394379019737243652e-01 -2.273767627775669098e-02 -1.756547950208187103e-02 1.966362446546554565e-02 3.119066772460937500e+02
-8.581391572952270508e-01 -2.338406071066856384e-02 -1.658229902386665344e-02 2.003268897533416748e-02 3.129064941406250000e+02
-8.758897185325622559e-01 -2.400311641395092010e-02 -1.558066438883543015e-02 2.037998661398887634e-02 3.139063415527343750e+02
-8.926697373390197754e-01 -2.459569461643695831e-02 -1.456166524440050125e-02 2.070456929504871368e-02 3.149061889648437500e+02
-9.084605574607849121e-01 -2.516177482903003693e-02 -1.352643687278032303e-02 2.100555598735809326e-02 3.159060668945312500e+02
-9.232445359230041504e-01 -2.569813281297683716e-02 -1.247615925967693329e-02 2.128402702510356903e-02 3.169059448242187500e+02
-9.370051622390747070e-01 -2.620731852948665619e-02 -1.141195744276046753e-02 2.153818123042583466e-02 3.179058532714843750e+02
-9.497271776199340820e-01 -2.668629214167594910e-02 -1.033504866063594818e-02 2.176889404654502869e-02 3.189057617187500000e+02
-9.613962769508361816e-01 -2.713619172573089600e-02 -9.246603585779666901e-03 2.197516523301601410e-02 3.199057006835937500e+02
-9.719995260238647461e-01 -2.755667455494403839e-02 -8.147845044732093811e-03 2.215639501810073853e-02 3.209056396484375000e+02
-9.815250635147094727e-01 -2.794486097991466522e-02 -7.040025200694799423e-03 2.231366187334060669e-02 3.219056091308593750e+02
-9.899622201919555664e-01 -2.830188721418380737e-02 -5.924342200160026550e-03 2.244632132351398468e-02 3.229055786132812500e+02
-9.973015785217285156e-01 -2.862951718270778656e-02 -4.802025854587554932e-03 2.255275286734104156e-02 3.239055480957031250e+02
-1.003535032272338867e+00 -2.892285399138927460e-02 -3.674388164654374123e-03 2.263504080474376678e-02 3.249055175781250000e+02
-1.008655548095703125e+00 -2.918483503162860870e-02 -2.542636124417185783e-03 2.269171178340911865e-02 3.259055175781250000e+02
-1.012657403945922852e+00 -2.941398508846759796e-02 -1.408050535246729851e-03 2.272313833236694336e-02 3.269055175781250000e+02
-1.015536189079284668e+00 -2.961030974984169006e-02 -2.718935720622539520e-04 2.272915467619895935e-02 3.279055175781250000e+02
-1.017288565635681152e+00 -2.977359294891357422e-02 8.645642083138227463e-04 2.270969003438949585e-02 3.289055175781250000e+02
-1.017912626266479492e+00 -2.990234270691871643e-02 2.000048756599426270e-03 2.266561053693294525e-02 3.299055175781250000e+02
-1.017407655715942383e+00 -2.999992668628692627e-02 3.133329330012202263e-03 2.259502559900283813e-02 3.309055175781250000e+02
-1.015774369239807129e+00 -3.006125614047050476e-02 4.263080656528472900e-03 2.250050380825996399e-02 3.319055175781250000e+02
-1.013014316558837891e+00 -3.009111434221267700e-02 5.388105753809213638e-03 2.237983420491218567e-02 3.329055175781250000e+02
-1.009130716323852539e+00 -3.008558601140975952e-02 6.507097743451595306e-03 2.223495766520500183e-02 3.339055175781250000e+02
-1.004127860069274902e+00 -3.004838153719902039e-02 7.618845440447330475e-03 2.206410467624664307e-02 3.349055175781250000e+02
-9.980114698410034180e-01 -2.997473813593387604e-02 8.722051046788692474e-03 2.186992950737476349e-02 3.359054870605468750e+02
-9.907882213592529297e-01 -2.987061813473701477e-02 9.815547615289688110e-03 2.164964936673641205e-02 3.369054565429687500e+02
-9.824662804603576660e-01 -2.972814999520778656e-02 1.089803036302328110e-02 2.140776813030242920e-02 3.379054260253906250e+02
-9.730547666549682617e-01 -2.955637313425540924e-02 1.196841895580291748e-02 2.114042080938816071e-02 3.389053955078125000e+02
-9.625643491744995117e-01 -2.934918180108070374e-02 1.302544027566909790e-02 2.085077948868274689e-02 3.399053344726562500e+02
-9.510065913200378418e-01 -2.911229059100151062e-02 1.406797952950000763e-02 2.053633891046047211e-02 3.409052734375000000e+02
-9.383945465087890625e-01 -2.883868664503097534e-02 1.509479619562625885e-02 2.020124904811382294e-02 3.419051818847656250e+02
-9.247421026229858398e-01 -2.853913977742195129e-02 1.610485836863517761e-02 1.984033919870853424e-02 3.429050903320312500e+02
-9.100646972656250000e-01 -2.820158004760742188e-02 1.709687523543834686e-02 1.946002244949340820e-02 3.439049987792968750e+02
-8.943785429000854492e-01 -2.783307991921901703e-02 1.806987635791301727e-02 1.905851066112518311e-02 3.449048767089843750e+02
-8.777011036872863770e-01 -2.743786573410034180e-02 1.902280189096927643e-02 1.863358914852142334e-02 3.459047241210937500e+02
-8.600510954856872559e-01 -2.700866758823394775e-02 1.995448209345340729e-02 1.818931289017200470e-02 3.469045715332031250e+02
-8.414481282234191895e-01 -2.655038610100746155e-02 2.086394838988780975e-02 1.772442087531089783e-02 3.479043884277343750e+02
-8.219129443168640137e-01 -2.606177330017089844e-02 2.175016887485980988e-02 1.724029518663883209e-02 3.489042053222656250e+02
-8.014672994613647461e-01 -2.554172649979591370e-02 2.261218428611755371e-02 1.673901639878749847e-02 3.499039916992187500e+02
-7.801337838172912598e-01 -2.499845996499061584e-02 2.344913594424724579e-02 1.621709205210208893e-02 3.509037780761718750e+02
-7.579363584518432617e-01 -2.442598156630992889e-02 2.425999008119106293e-02 1.567773334681987762e-02 3.519035339355468750e+02
-7.348996996879577637e-01 -2.382662333548069000e-02 2.504387684166431427e-02 1.512093655765056610e-02 3.529032592773437500e+02
-7.110493779182434082e-01 -2.320289053022861481e-02 2.579992450773715973e-02 1.454597245901823044e-02 3.539029846191406250e+02
-6.864120960235595703e-01 -2.254942618310451508e-02 2.652722224593162537e-02 1.395677216351032257e-02 3.549026794433593750e+02
-6.610150337219238281e-01 -2.187529206275939941e-02 2.722506038844585419e-02 1.334981434047222137e-02 3.559023437500000000e+02
-6.348866820335388184e-01 -2.117185667157173157e-02 2.789255045354366302e-02 1.273052766919136047e-02 3.569020080566406250e+02
-6.080559492111206055e-01 -2.044665813446044922e-02 2.852907776832580566e-02 1.209701690822839737e-02 3.579016418457031250e+02
-5.805526375770568848e-01 -1.969828456640243530e-02 2.913392893970012665e-02 1.145111024379730225e-02 3.589012756347656250e+02
-5.524073243141174316e-01 -1.893215253949165344e-02 2.970648370683193207e-02 1.079080253839492798e-02 3.599008789062500000e+02
-5.236514210700988770e-01 -1.814173907041549683e-02 3.024602308869361877e-02 1.012043375521898270e-02 3.609004516601562500e+02
-4.943166971206665039e-01 -1.733411848545074463e-02 3.075204417109489441e-02 9.437918663024902344e-03 3.619000244140625000e+02
-4.644357860088348389e-01 -1.650792360305786133e-02 3.122393973171710968e-02 8.744583465158939362e-03 3.628995666503906250e+02
-4.340419173240661621e-01 -1.566201075911521912e-02 3.166116774082183838e-02 8.042409084737300873e-03 3.638991088867187500e+02
-4.031687378883361816e-01 -1.480008196085691452e-02 3.206328675150871277e-02 7.330923341214656830e-03 3.648986206054687500e+02
-3.718505799770355225e-01 -1.392119098454713821e-02 3.242983296513557434e-02 6.611819379031658173e-03 3.658981323242187500e+02
-3.401221334934234619e-01 -1.302939187735319138e-02 3.276042267680168152e-02 5.884077399969100952e-03 3.668976440429687500e+02
-3.080186843872070312e-01 -1.211758051067590714e-02 3.305462747812271118e-02 5.153159145265817642e-03 3.678971252441406250e+02
-2.755756378173828125e-01 -1.119944453239440918e-02 3.331228718161582947e-02 4.413549788296222687e-03 3.688966064453125000e+02
-2.428291738033294678e-01 -1.026355847716331482e-02 3.353296592831611633e-02 3.672029590234160423e-03 3.698960571289062500e+02
-2.098153829574584961e-01 -9.325937367975711823e-03 3.371656686067581177e-02 2.921279985457658768e-03 3.708955078125000000e+02
-1.765712350606918335e-01 -8.370856754481792450e-03 3.386263176798820496e-02 2.169732470065355301e-03 3.718949584960937500e+02
-1.431333720684051514e-01 -7.403241470456123352e-03 3.397111967206001282e-02 1.418205909430980682e-03 3.728944091796875000e+02
-1.095387339591979980e-01 -6.433325819671154022e-03 3.404203057289123535e-02 6.627599359489977360e-04 3.738938598632812500e+02
-7.582475244998931885e-02 -5.453401710838079453e-03 3.407516703009605408e-02 -9.188207332044839859e-05 3.748932800292968750e+02
-4.202869161963462830e-02 -4.469407256692647934e-03 3.407057374715805054e-02 -8.470216416753828526e-04 3.758927001953125000e+02
-8.188050240278244019e-03 -3.482868894934654236e-03 3.402822092175483704e-02 -1.602836418896913528e-03 3.768921203613281250e+02
2.565956115722656250e-02 -2.490015700459480286e-03 3.394807875156402588e-02 -2.356224460527300835e-03 3.778915405273437500e+02
5.947669595479965210e-02 -1.493989722803235054e-03 3.383026644587516785e-02 -3.106929361820220947e-03 3.788909606933593750e+02
9.322585165500640869e-02 -4.929624265059828758e-04 3.367491811513900757e-02 -3.851916640996932983e-03 3.798903808593750000e+02
1.268697679042816162e-01 5.025484133511781693e-04 3.348232060670852661e-02 -4.595365840941667557e-03 3.808898010253906250e+02
1.603709459304809570e-01 1.499951351433992386e-03 3.325255215167999268e-02 -5.332961212843656540e-03 3.818892517089843750e+02
1.936923265457153320e-01 2.497350564226508141e-03 3.298590332269668579e-02 -6.063561420887708664e-03 3.828887023925781250e+02
2.267970442771911621e-01 3.492040559649467468e-03 3.268272429704666138e-02 -6.786703132092952728e-03 3.838881530761718750e+02
2.596484422683715820e-01 4.478211048990488052e-03 3.234338760375976562e-02 -7.504665292799472809e-03 3.848876037597656250e+02
2.922099828720092773e-01 5.462233908474445343e-03 3.196815401315689087e-02 -8.213415741920471191e-03 3.858870849609375000e+02
3.244456648826599121e-01 6.439613644033670425e-03 3.155748173594474792e-02 -8.913567289710044861e-03 3.868865661621093750e+02
3.563197255134582520e-01 7.407953031361103058e-03 3.111180290579795837e-02 -9.605629369616508484e-03 3.878860473632812500e+02
3.877967298030853271e-01 8.371771313250064850e-03 3.063152171671390533e-02 -1.028602849692106247e-02 3.888855590820312500e+02
4.188418388366699219e-01 9.326046332716941833e-03 3.011722117662429810e-02 -1.095553301274776459e-02 3.898850708007812500e+02
4.494206011295318604e-01 1.027227006852626801e-02 2.956944517791271210e-02 -1.161188259720802307e-02 3.908846130371093750e+02
4.794991314411163330e-01 1.120550837367773056e-02 2.898885123431682587e-02 -1.225619670003652573e-02 3.918841552734375000e+02
5.090439319610595703e-01 1.212785113602876663e-02 2.837604098021984100e-02 -1.288629695773124695e-02 3.928837280273437500e+02
5.380223393440246582e-01 1.303544268012046814e-02 2.773172594606876373e-02 -1.350292004644870758e-02 3.938833007812500000e+02
5.664020180702209473e-01 1.392949745059013367e-02 2.705658040940761566e-02 -1.410447340458631516e-02 3.948829040527343750e+02
5.941514968872070312e-01 1.481071207672357559e-02 2.635135687887668610e-02 -1.468887273222208023e-02 3.958825073242187500e+02
6.212400794029235840e-01 1.566937565803527832e-02 2.561691403388977051e-02 -1.526048686355352402e-02 3.968821411132812500e+02
6.476374268531799316e-01 1.651710644364356995e-02 2.485388889908790588e-02 -1.581263542175292969e-02 3.978818054199218750e+02
6.733143329620361328e-01 1.734603941440582275e-02 2.406325750052928925e-02 -1.634709723293781281e-02 3.988814697265625000e+02
6.982423067092895508e-01 1.815464720129966736e-02 2.324590273201465607e-02 -1.686381921172142029e-02 3.998811645507812500e+02
7.223936319351196289e-01 1.894066669046878815e-02 2.240271121263504028e-02 -1.736364886164665222e-02 4.008808593750000000e+02
7.457412481307983398e-01 1.970976404845714569e-02 2.153452858328819275e-02 -1.784270815551280975e-02 4.018805847167968750e+02
7.682593464851379395e-01 2.045549079775810242e-02 2.064239233732223511e-02 -1.830286905169487000e-02 4.028803405761718750e+02
7.899228334426879883e-01 2.118175663053989410e-02 1.972724869847297668e-02 -1.874100044369697571e-02 4.038800964355468750e+02
8.107076883316040039e-01 2.188064716756343842e-02 1.879019849002361298e-02 -1.916023530066013336e-02 4.048798828125000000e+02
8.305906057357788086e-01 2.255722694098949432e-02 1.783218607306480408e-02 -1.955765858292579651e-02 4.058796997070312500e+02
8.495495319366455078e-01 2.321032434701919556e-02 1.685430295765399933e-02 -1.993244700133800507e-02 4.068795166015625000e+02
8.675633668899536133e-01 2.383610978722572327e-02 1.585767976939678192e-02 -2.028567157685756683e-02 4.078793640136718750e+02
8.846120238304138184e-01 2.443544566631317139e-02 1.484339591115713120e-02 -2.061643823981285095e-02 4.088792114257812500e+02
9.006764888763427734e-01 2.500667423009872437e-02 1.381257362663745880e-02 -2.092510834336280823e-02 4.098790893554687500e+02
9.157388210296630859e-01 2.555163763463497162e-02 1.276631839573383331e-02 -2.121011354029178619e-02 4.108789672851562500e+02
9.297822713851928711e-01 2.606972493231296539e-02 1.170581299811601639e-02 -2.147060073912143707e-02 4.118788757324218750e+02
9.427912235260009766e-01 2.655629627406597137e-02 1.063228305429220200e-02 -2.170842140913009644e-02 4.128787841796875000e+02
9.547510743141174316e-01 2.701486833393573761e-02 9.546861983835697174e-03 -2.192150615155696869e-02 4.138787231445312500e+02
9.656484723091125488e-01 2.744359336793422699e-02 8.450786583125591278e-03 -2.210994251072406769e-02 4.148786621093750000e+02
9.754713177680969238e-01 2.784139849245548248e-02 7.345289457589387894e-03 -2.227377705276012421e-02 4.158786010742187500e+02
9.842085838317871094e-01 2.820791676640510559e-02 6.231600418686866760e-03 -2.241285145282745361e-02 4.168785705566406250e+02
9.918504953384399414e-01 2.854387275874614716e-02 5.110957659780979156e-03 -2.252626791596412659e-02 4.178785400390625000e+02
9.983885884284973145e-01 2.884677238762378693e-02 3.984644077718257904e-03 -2.261490747332572937e-02 4.188785095214843750e+02
1.003815531730651855e+00 2.911696210503578186e-02 2.853898797184228897e-03 -2.267858758568763733e-02 4.198785095214843750e+02
1.008125305175781250e+00 2.935537695884704590e-02 1.719969441182911396e-03 -2.271655015647411346e-02 4.208785095214843750e+02
1.011313080787658691e+00 2.955979667603969574e-02 5.841419333592057228e-04 -2.272977307438850403e-02 4.218785095214843750e+02
1.013375163078308105e+00 2.973102964460849762e-02 -5.523466970771551132e-04 -2.271799556910991669e-02 4.228785095214843750e+02
1.014309406280517578e+00 2.987094223499298096e-02 -1.688246498815715313e-03 -2.267991378903388977e-02 4.238785095214843750e+02
1.014114737510681152e+00 2.997527271509170532e-02 -2.822242211550474167e-03 -2.261761762201786041e-02 4.248785095214843750e+02
1.012791275978088379e+00 3.004877455532550812e-02 -3.953122999519109726e-03 -2.252865023910999298e-02 4.258785095214843750e+02
1.010340571403503418e+00 3.008675947785377502e-02 -5.079555325210094452e-03 -2.241514809429645538e-02 4.268785095214843750e+02
1.006765365600585938e+00 3.009113483130931854e-02 -6.200312636792659760e-03 -2.227653563022613525e-02 4.278785095214843750e+02
1.002069592475891113e+00 3.006037138402462006e-02 -7.314139511436223984e-03 -2.211398258805274963e-02 4.288785095214843750e+02
9.962584972381591797e-01 2.999870851635932922e-02 -8.419838733971118927e-03 -2.192537300288677216e-02 4.298784790039062500e+02
9.893386363983154297e-01 2.990182489156723022e-02 -9.516106918454170227e-03 -2.171282097697257996e-02 4.308784484863281250e+02
9.813176989555358887e-01 2.977112308144569397e-02 -1.060174778103828430e-02 -2.147624082863330841e-02 4.318784179687500000e+02
9.722046256065368652e-01 2.960584498941898346e-02 -1.167555991560220718e-02 -2.121668681502342224e-02 4.328783874511718750e+02
9.620095491409301758e-01 2.941021881997585297e-02 -1.273639407008886337e-02 -2.093224972486495972e-02 4.338783264160156250e+02
9.507439136505126953e-01 2.918139286339282990e-02 -1.378300692886114120e-02 -2.062427066266536713e-02 4.348782653808593750e+02
9.384202957153320312e-01 2.891681157052516937e-02 -1.481422036886215210e-02 -2.029509097337722778e-02 4.358782043457031250e+02
9.250522851943969727e-01 2.862245403230190277e-02 -1.582897454500198364e-02 -1.994249038398265839e-02 4.368781127929687500e+02
9.106549024581909180e-01 2.829540148377418518e-02 -1.682609878480434418e-02 -1.956822723150253296e-02 4.378780212402343750e+02
8.952441811561584473e-01 2.793851122260093689e-02 -1.780451089143753052e-02 -1.917133666574954987e-02 4.388778991699218750e+02
8.788372874259948730e-01 2.755048684775829315e-02 -1.876307837665081024e-02 -1.875272579491138458e-02 4.398777770996093750e+02
8.614525794982910156e-01 2.713050320744514465e-02 -1.970071531832218170e-02 -1.831362396478652954e-02 4.408776245117187500e+02
8.431094288825988770e-01 2.667887322604656219e-02 -2.061639726161956787e-02 -1.785509474575519562e-02 4.418774719238281250e+02
8.238281607627868652e-01 2.619847841560840607e-02 -2.150915190577507019e-02 -1.737667247653007507e-02 4.428772888183593750e+02
8.036302924156188965e-01 2.569076977670192719e-02 -2.237798646092414856e-02 -1.687800511717796326e-02 4.438770751953125000e+02
7.825384140014648438e-01 2.515374496579170227e-02 -2.322188764810562134e-02 -1.636067964136600494e-02 4.448768615722656250e+02
7.605759501457214355e-01 2.458650432527065277e-02 -2.403992228209972382e-02 -1.582657918334007263e-02 4.458766174316406250e+02
7.377673387527465820e-01 2.399524860084056854e-02 -2.483125030994415283e-02 -1.527345087379217148e-02 4.468763427734375000e+02
7.141380310058593750e-01 2.337586134672164917e-02 -2.559492364525794983e-02 -1.470394991338253021e-02 4.478760681152343750e+02
6.897143125534057617e-01 2.272856608033180237e-02 -2.633012086153030396e-02 -1.411965489387512207e-02 4.488757629394531250e+02
6.645232439041137695e-01 2.205915190279483795e-02 -2.703610435128211975e-02 -1.351869385689496994e-02 4.498754577636718750e+02
6.385929584503173828e-01 2.136278897523880005e-02 -2.771203964948654175e-02 -1.290455739945173264e-02 4.508751220703125000e+02
6.119521856307983398e-01 2.064664848148822784e-02 -2.835726737976074219e-02 -1.227471232414245605e-02 4.518747558593750000e+02
5.846306085586547852e-01 1.991078816354274750e-02 -2.897100336849689484e-02 -1.162891741842031479e-02 4.528743896484375000e+02
5.566588044166564941e-01 1.914498023688793182e-02 -2.955244854092597961e-02 -1.097410824149847031e-02 4.538739929199218750e+02
5.280674695968627930e-01 1.836233027279376984e-02 -3.010115399956703186e-02 -1.030576694756746292e-02 4.548735961914062500e+02
4.988885521888732910e-01 1.755918934941291809e-02 -3.061644174158573151e-02 -9.626262821257114410e-03 4.558731689453125000e+02
4.691544473171234131e-01 1.673631742596626282e-02 -3.109775483608245850e-02 -8.936610072851181030e-03 4.568727416992187500e+02
4.388981163501739502e-01 1.589369773864746094e-02 -3.154458478093147278e-02 -8.238521404564380646e-03 4.578722839355468750e+02
4.081530570983886719e-01 1.504058111459016800e-02 -3.195651248097419739e-02 -7.527755573391914368e-03 4.588718261718750000e+02
3.769536316394805908e-01 1.416393928229808807e-02 -3.233290091156959534e-02 -6.811948958784341812e-03 4.598713378906250000e+02
3.453342020511627197e-01 1.327809691429138184e-02 -3.267349675297737122e-02 -6.085416302084922791e-03 4.608708496093750000e+02
3.133300542831420898e-01 1.237128768116235733e-02 -3.297776728868484497e-02 -5.355235654860734940e-03 4.618703308105468750e+02
2.809764742851257324e-01 1.145872566848993301e-02 -3.324552997946739197e-02 -4.614900797605514526e-03 4.628698120117187500e+02
2.483096867799758911e-01 1.052623707801103592e-02 -3.347627446055412292e-02 -3.872484434396028519e-03 4.638692932128906250e+02
2.153656780719757080e-01 9.580912999808788300e-03 -3.366990014910697937e-02 -3.127482254058122635e-03 4.648687438964843750e+02
1.821809113025665283e-01 8.631487376987934113e-03 -3.382627293467521667e-02 -2.376208314672112465e-03 4.658681945800781250e+02
1.487924158573150635e-01 7.669313810765743256e-03 -3.394508361816406250e-02 -1.623720396310091019e-03 4.668676452636718750e+02
1.152371019124984741e-01 6.697086617350578308e-03 -3.402626886963844299e-02 -8.710404508747160435e-04 4.678670959472656250e+02
8.155205845832824707e-02 5.721208639442920685e-03 -3.406982123851776123e-02 -1.162157277576625347e-04 4.688665161132812500e+02
4.777472093701362610e-02 4.742128774523735046e-03 -3.407563269138336182e-02 6.408393965102732182e-04 4.698659362792968750e+02
1.394265145063400269e-02 3.752903547137975693e-03 -3.404359146952629089e-02 1.395135885104537010e-03 4.708653564453125000e+02
-1.990683004260063171e-02 2.762616612017154694e-03 -3.397383540868759155e-02 2.149500185623764992e-03 4.718647766113281250e+02
-5.373608320951461792e-02 1.767480978742241859e-03 -3.386636078357696533e-02 2.900999272242188454e-03 4.728641967773437500e+02
-8.750765025615692139e-02 7.700467249378561974e-04 -3.372130915522575378e-02 3.649193327873945236e-03 4.738636169433593750e+02
-1.211840957403182983e-01 -2.319370396435260773e-04 -3.353884816169738770e-02 4.390767309814691544e-03 4.748630371093750000e+02
-1.547282487154006958e-01 -1.226512482389807701e-03 -3.331930935382843018e-02 5.130729172378778458e-03 4.758624877929687500e+02
-1.881026923656463623e-01 -2.224725671112537384e-03 -3.306277468800544739e-02 5.862663965672254562e-03 4.768619384765625000e+02
-2.212706208229064941e-01 -3.220472717657685280e-03 -3.276964277029037476e-02 6.587208248674869537e-03 4.778613891601562500e+02
-2.541953325271606445e-01 -4.205862991511821747e-03 -3.244028240442276001e-02 7.308069616556167603e-03 4.788608398437500000e+02
-2.868401110172271729e-01 -5.189663730561733246e-03 -3.207487985491752625e-02 8.020511828362941742e-03 4.798603210449218750e+02
-3.191688358783721924e-01 -6.172256544232368469e-03 -3.167385607957839966e-02 8.721827529370784760e-03 4.808598022460937500e+02
-3.511458635330200195e-01 -7.144891191273927689e-03 -3.123776428401470184e-02 9.414736181497573853e-03 4.818592834472656250e+02
-3.827356100082397461e-01 -8.106133900582790375e-03 -3.076702728867530823e-02 1.009999774396419525e-02 4.828587951660156250e+02
-4.139029085636138916e-01 -9.065156802535057068e-03 -3.026202693581581116e-02 1.077151577919721603e-02 4.838583068847656250e+02
-4.446133673191070557e-01 -1.000772602856159210e-02 -2.972345054149627686e-02 1.143525913357734680e-02 4.848578491210937500e+02
-4.748325943946838379e-01 -1.095273718237876892e-02 -2.915168739855289459e-02 1.207953505218029022e-02 4.858573913574218750e+02
-5.045275688171386719e-01 -1.187408156692981720e-02 -2.854770980775356293e-02 1.271553523838520050e-02 4.868569641113281250e+02
-5.336648821830749512e-01 -1.278880797326564789e-02 -2.791193313896656036e-02 1.333457883447408676e-02 4.878565368652343750e+02
-5.622124075889587402e-01 -1.368253026157617569e-02 -2.724520489573478699e-02 1.394279114902019501e-02 4.888561401367187500e+02
-5.901381373405456543e-01 -1.457204204052686691e-02 -2.654806524515151978e-02 1.453010551631450653e-02 4.898557434082031250e+02
-6.174114346504211426e-01 -1.543597597628831863e-02 -2.582155913114547729e-02 1.510560233145952225e-02 4.908553771972656250e+02
-6.440016627311706543e-01 -1.628769002854824066e-02 -2.506627887487411499e-02 1.566249132156372070e-02 4.918550109863281250e+02
-6.698794364929199219e-01 -1.712002418935298920e-02 -2.428315393626689911e-02 1.620267704129219055e-02 4.928546752929687500e+02
-6.950159668922424316e-01 -1.793288253247737885e-02 -2.347302064299583435e-02 1.672558858990669250e-02 4.938543701171875000e+02
-7.193832397460937500e-01 -1.872958242893218994e-02 -2.263674139976501465e-02 1.722807064652442932e-02 4.948540649414062500e+02
-7.429543137550354004e-01 -1.950228586792945862e-02 -2.177533879876136780e-02 1.771290227770805359e-02 4.958537902832031250e+02
-7.657028436660766602e-01 -2.025648206472396851e-02 -2.088969387114048004e-02 1.817642897367477417e-02 4.968535461425781250e+02
-7.876036167144775391e-01 -2.098476514220237732e-02 -1.998087204992771149e-02 1.862143166363239288e-02 4.978533020019531250e+02
-8.086321949958801270e-01 -2.169010415673255920e-02 -1.904980093240737915e-02 1.904622837901115417e-02 4.988530883789062500e+02
-8.287651538848876953e-01 -2.237083204090595245e-02 -1.809749007225036621e-02 1.945106126368045807e-02 4.998528747558593750e+02
