-1.299300231039524078e-03
-9.266025153920054436e-05
-2.403720282018184662e-04
-2.891099429689347744e-04
-4.319217987358570099e-04
-6.176742026582360268e-04
-8.262165356427431107e-04
-1.033320091664791107e-03
-1.222098246216773987e-03
-1.381035312078893185e-03
-1.505647785961627960e-03
-1.598385744728147984e-03
-1.665186951868236065e-03
-1.713767647743225098e-03
-1.754015800543129444e-03
-1.792846480384469032e-03
-1.837018993683159351e-03
-1.889087026938796043e-03
-1.950210309587419033e-03
-2.019624458625912666e-03
-2.094338648021221161e-03
-2.170899184420704842e-03
-2.247272059321403503e-03
-2.319730818271636963e-03
-2.386686624959111214e-03
-2.447117120027542114e-03
-2.500809496268630028e-03
-2.548085991293191910e-03
-2.590368967503309250e-03
-2.628290792927145958e-03
-2.662740880623459816e-03
-2.694889670237898827e-03
-2.725110854953527451e-03
-2.753943437710404396e-03
-2.780992304906249046e-03
-2.806040924042463303e-03
-2.828632248565554619e-03
-2.848921809345483780e-03
-2.865505637601017952e-03
-2.878745086491107941e-03
-2.888562157750129700e-03
-2.894527977332472801e-03
-2.896956866607069969e-03
-2.895373152568936348e-03
-2.890588250011205673e-03
-2.882411703467369080e-03
-2.870917553082108498e-03
-2.856450621038675308e-03
-2.839096821844577789e-03
-2.818396547809243202e-03
-2.794866217300295830e-03
-2.768467646092176437e-03
-2.739148912951350212e-03
-2.706724684685468674e-03
-2.671138383448123932e-03
-2.632857533171772957e-03
-2.590933348983526230e-03
-2.546723233535885811e-03
-2.499277703464031219e-03
-2.449410967528820038e-03
-2.396438969299197197e-03
-2.340723061934113503e-03
-2.282593864947557449e-03
-2.222108189016580582e-03
-2.158944029361009598e-03
-2.093402436003088951e-03
-2.025848021730780602e-03
-1.955962972715497017e-03
-1.883672433905303478e-03
-1.809568842872977257e-03
-1.733439159579575062e-03
-1.655403291806578636e-03
-1.575603731907904148e-03
-1.493918593041598797e-03
-1.410420518368482590e-03
-1.325676683336496353e-03
-1.239416305907070637e-03
-1.151847769506275654e-03
-1.062911003828048706e-03
-9.726295829750597477e-04
-8.814794127829372883e-04
-7.896320312283933163e-04
-6.963646737858653069e-04
-6.028006318956613541e-04
-5.082950810901820660e-04
-4.134591144975274801e-04
-3.179859486408531666e-04
-2.221408358309417963e-04
-1.261188008356839418e-04
-3.016699520230758935e-05
6.602669600397348404e-05
1.625584700377658010e-04
2.581279550213366747e-04
3.540224570315331221e-04
4.492199514061212540e-04
5.439960514195263386e-04
6.381140556186437607e-04
7.318679126910865307e-04
8.243862539529800415e-04
9.163817740045487881e-04
1.006587874144315720e-03
1.096934312954545021e-03
1.185296219773590565e-03
1.272258814424276352e-03
1.358256326057016850e-03
1.442620414309203625e-03
1.525283558294177055e-03
1.606253441423177719e-03
1.685813535004854202e-03
1.763113657943904400e-03
1.838678726926445961e-03
1.911843311972916126e-03
1.983499620109796524e-03
2.052390715107321739e-03
2.119446173310279846e-03
2.184022683650255203e-03
2.246105112135410309e-03
2.305776579305529594e-03
2.362935803830623627e-03
2.417231444269418716e-03
2.469171071425080299e-03
2.518140478059649467e-03
2.564342925325036049e-03
2.607910661026835442e-03
2.648126333951950073e-03
2.685798564925789833e-03
2.720391610637307167e-03
2.751541323959827423e-03
2.780334791168570518e-03
2.805784111842513084e-03
2.827764255926012993e-03
2.846917603164911270e-03
2.862788969650864601e-03
2.875453559681773186e-03
2.884768648073077202e-03
2.891244133934378624e-03
2.894120290875434875e-03
2.894135890528559685e-03
2.890445757657289505e-03
2.884058747440576553e-03
2.874114084988832474e-03
2.860918873921036720e-03
2.844660077244043350e-03
2.825137460604310036e-03
2.802562201395630836e-03
2.776982961222529411e-03
2.747824881225824356e-03
2.716071903705596924e-03
2.681757090613245964e-03
2.643221523612737656e-03
2.602600259706377983e-03
2.558704698458313942e-03
2.512216335162520409e-03
2.463223412632942200e-03
2.410807879641652107e-03
2.356085693463683128e-03
2.298949984833598137e-03
2.238872693851590157e-03
2.176608191803097725e-03
2.111841691657900810e-03
2.044745022431015968e-03
1.975798979401588440e-03
1.903927070088684559e-03
1.830205903388559818e-03
1.754682278260588646e-03
1.676955842413008213e-03
1.597411115653812885e-03
1.516378717496991158e-03
1.433554338291287422e-03
1.349159050732851028e-03
1.263216021470725536e-03
1.176027231849730015e-03
1.087288255803287029e-03
9.972773259505629539e-04
9.069385705515742302e-04
8.149014320224523544e-04
7.220240659080445766e-04
6.287280120886862278e-04
5.342978984117507935e-04
4.394905699882656336e-04
3.444595204200595617e-04
2.485181903466582298e-04
1.529097062302753329e-04
5.628170765703544021e-05
-3.954787462134845555e-05
-1.357337459921836853e-04
-2.322446962352842093e-04
-3.272133762948215008e-04
-4.237970861140638590e-04
-5.181310698390007019e-04
-6.126652588136494160e-04
-7.058104965835809708e-04
-7.988880970515310764e-04
-8.911904878914356232e-04
-9.821768617257475853e-04
-1.071927719749510288e-03
-1.161197316832840443e-03
-1.248412183485925198e-03
-1.334638684056699276e-03
-1.419783104211091995e-03
-1.502771279774606228e-03
-1.584396581165492535e-03
-1.664102426730096340e-03
-1.741740619763731956e-03
-1.817677752114832401e-03
-1.892168773338198662e-03
-1.963908085599541664e-03
-2.034177770838141441e-03
-2.101105637848377228e-03
-2.166691236197948456e-03
-2.229197649285197258e-03
-2.289636526256799698e-03
-2.347544534131884575e-03
-2.402521902695298195e-03
-2.455121837556362152e-03
-2.504868898540735245e-03
-2.551921643316745758e-03
-2.596178790554404259e-03
-2.637218683958053589e-03
-2.675855997949838638e-03
-2.711106790229678154e-03
-2.743494464084506035e-03
-2.772829262539744377e-03
-2.798910019919276237e-03
-2.822115086019039154e-03
-2.842009533196687698e-03
-2.858730964362621307e-03
-2.872306387871503830e-03
-2.882573055103421211e-03
-2.889748197048902512e-03
-2.893646247684955597e-03
-2.894431818276643753e-03
-2.891711657866835594e-03
-2.886094385758042336e-03
-2.877216087654232979e-03
-2.864842535927891731e-03
-2.849548589438199997e-03
-2.830847864970564842e-03
-2.809151075780391693e-03
-2.784071257337927818e-03
-2.756216563284397125e-03
-2.725207014009356499e-03
-2.691058907657861710e-03
-2.654330572113394737e-03
-2.613933058455586433e-03
-2.571220742538571358e-03
-2.525320276618003845e-03
-2.476803027093410492e-03
-2.425685524940490723e-03
-2.371917711570858955e-03
-2.314854646101593971e-03
-2.255999948829412460e-03
-2.193657215684652328e-03
-2.130479784682393074e-03
-2.063084160909056664e-03
-1.994239632040262222e-03
-1.923600328154861927e-03
-1.850126311182975769e-03
-1.775726326741278172e-03
-1.698730513453483582e-03
-1.619734684936702251e-03
-1.539381337352097034e-03
-1.456317724660038948e-03
-1.372913131490349770e-03
-1.286588027141988277e-03
-1.199924503453075886e-03
-1.112054218538105488e-03
-1.021575182676315308e-03
-9.321337565779685974e-04
-8.398495265282690525e-04
-7.482336368411779404e-04
-6.538374582305550575e-04
-5.608117207884788513e-04
-4.652450443245470524e-04
-3.709240409079939127e-04
-2.749566920101642609e-04
-1.792727853171527386e-04
-8.267600060207769275e-05
1.345266900898423046e-05
1.089077486540190876e-04
2.060949045699089766e-04
3.019686264451593161e-04
3.973403945565223694e-04
4.916561883874237537e-04
5.867521394975483418e-04
6.806230521760880947e-04
7.738046697340905666e-04
8.654335397295653820e-04
9.569868561811745167e-04
1.047364552505314350e-03
1.136085484176874161e-03
1.224972656928002834e-03
1.310944207943975925e-03
1.396223902702331543e-03
1.480431878007948399e-03
1.561745302751660347e-03
1.642707269638776779e-03
1.720566535368561745e-03
1.797757227905094624e-03
1.871481188572943211e-03
1.944968011230230331e-03
2.014533150941133499e-03
2.082657301798462868e-03
2.148625208064913750e-03
2.212270861491560936e-03
2.273570280522108078e-03
2.331775147467851639e-03
2.387488260865211487e-03
2.440819051116704941e-03
2.491684630513191223e-03
2.539338078349828720e-03
2.584528643637895584e-03
2.626294270157814026e-03
2.665571169927716255e-03
2.701750490814447403e-03
2.734733745455741882e-03
2.765095559880137444e-03
2.791967475786805153e-03
2.816053805872797966e-03
2.836811589077115059e-03
2.854253631085157394e-03
2.868892159312963486e-03
2.880259416997432709e-03
2.887933515012264252e-03
2.893004566431045532e-03
2.894492354243993759e-03
2.892856486141681671e-03
2.887956798076629639e-03
2.879804233089089394e-03
2.868718001991510391e-03
2.853845246136188507e-03
2.836504718288779259e-03
2.815351588651537895e-03
2.791556529700756073e-03
2.764070872217416763e-03
2.734213601797819138e-03
2.700424287468194962e-03
2.664894796907901764e-03
2.625272143632173538e-03
2.583527471870183945e-03
2.538076834753155708e-03
2.490930259227752686e-03
2.439355012029409409e-03
2.386744366958737373e-03
2.331046853214502335e-03
2.271885285153985023e-03
2.211170736700296402e-03
2.147559076547622681e-03
2.081814687699079514e-03
2.014356199651956558e-03
1.943501294590532780e-03
1.871148240752518177e-03
1.796581665985286236e-03
1.719546969980001450e-03
1.641578739508986473e-03
1.560574979521334171e-03
1.479212311096489429e-03
1.395623199641704559e-03
1.310866209678351879e-03
1.223836094141006470e-03
1.136491191573441029e-03
1.047140918672084808e-03
9.567112429067492485e-04
8.655973942950367928e-04
7.731960504315793514e-04
6.802017451263964176e-04
5.858834483660757542e-04
4.923713859170675278e-04
3.965315700042992830e-04
3.019504365511238575e-04
2.045734581770375371e-04
1.089623619918711483e-04
1.353329207631759346e-05
-8.326896931976079941e-05
-1.789242814993485808e-04
-2.749332634266465902e-04
-3.710696764755994081e-04
-4.662125138565897942e-04
-5.609599757008254528e-04
-6.543108029291033745e-04
-7.483948720619082451e-04
-8.407806162722408772e-04
-9.320271201431751251e-04
-1.022225362248718739e-03
-1.112272730097174644e-03
-1.200257451273500919e-03
-1.287287566810846329e-03
-1.373404636979103088e-03
-1.457248697988688946e-03
-1.539880642667412758e-03
-1.620340743102133274e-03
-1.699521089904010296e-03
-1.776412944309413433e-03
-1.851756940595805645e-03
-1.924833049997687340e-03
-1.995266648009419441e-03
-2.065047621726989746e-03
-2.130870008841156960e-03
-2.194840693846344948e-03
-2.256545936688780785e-03
-2.316292840987443924e-03
-2.372536575421690941e-03
-2.426795894280076027e-03
-2.477559959515929222e-03
-2.526617841795086861e-03
-2.572255907580256462e-03
-2.614832948893308640e-03
-2.654907992109656334e-03
-2.691930159926414490e-03
-2.726224018260836601e-03
-2.757160691544413567e-03
-2.784791635349392891e-03
-2.809954807162284851e-03
-2.831513527780771255e-03
-2.849959302693605423e-03
-2.865289803594350815e-03
-2.877437276765704155e-03
-2.886125585064291954e-03
-2.891862299293279648e-03
-2.894387580454349518e-03
-2.893477212637662888e-03
-2.889641560614109039e-03
-2.882573055103421211e-03
-2.871871925890445709e-03
-2.858561929315328598e-03
-2.841317793354392052e-03
-2.821433823555707932e-03
-2.798234112560749054e-03
-2.772254403680562973e-03
-2.742495620623230934e-03
-2.710168017074465752e-03
-2.674771472811698914e-03
-2.636693418025970459e-03
-2.595031866803765297e-03
-2.550681354478001595e-03
-2.504161559045314789e-03
-2.454175148159265518e-03
-2.401830162853002548e-03
-2.346400404348969460e-03
-2.288416726514697075e-03
-2.228105440735816956e-03
-2.165565267205238342e-03
-2.100398298352956772e-03
-2.032583579421043396e-03
-1.962753478437662125e-03
-1.891214284114539623e-03
-1.816759700886905193e-03
-1.740817329846322536e-03
-1.663348404690623283e-03
-1.583348494023084641e-03
-1.502451486885547638e-03
-1.418997650034725666e-03
-1.333465683273971081e-03
-1.248329062946140766e-03
-1.160471700131893158e-03
-1.071722246706485748e-03
-9.819089900702238083e-04
-8.914037607610225677e-04
-7.983471150510013103e-04
-7.063436205498874187e-04
-6.117159500718116760e-04
-5.181934684514999390e-04
-4.219375550746917725e-04
-3.272055764682590961e-04
-2.320314379176124930e-04
-1.352422113995999098e-04
-3.941783870686776936e-05
5.620628508040681481e-05
1.525378029327839613e-04
2.491735795047134161e-04
3.443555033300071955e-04
4.401745682116597891e-04
5.349818966351449490e-04
6.292741745710372925e-04
7.219928666017949581e-04
8.156192488968372345e-04
9.068059152923524380e-04
9.971966501325368881e-04
1.087943674065172672e-03
1.176573336124420166e-03
1.263190060853958130e-03
1.349343685433268547e-03
1.434696023352444172e-03
1.516950898803770542e-03
1.599543727934360504e-03
1.677070162259042263e-03
1.756029436364769936e-03
1.830908120609819889e-03
1.905770972371101379e-03
1.975744264200329781e-03
2.046232577413320541e-03
2.112848218530416489e-03
2.177765360102057457e-03
2.240360248833894730e-03
2.299657324329018593e-03
2.357329009100794792e-03
2.411481458693742752e-03
2.463896991685032845e-03
2.513370942324399948e-03
2.560361521318554878e-03
