-3.359795510768890381e-01
-3.044695258140563965e-01
-1.924511194229125977e-01
4.455527290701866150e-03
1.192861050367355347e-01
1.584194451570510864e-01
1.592742949724197388e-01
1.330284029245376587e-01
9.279694408178329468e-02
5.098033323884010315e-02
1.859989576041698456e-02
-8.639972656965255737e-04
-8.950754068791866302e-03
-8.958771824836730957e-03
-4.540036432445049286e-03
1.166154979728162289e-03
6.025696173310279846e-03
8.977580815553665161e-03
9.838735684752464294e-03
9.001325815916061401e-03
7.117196917533874512e-03
4.845382180064916611e-03
2.699685748666524887e-03
9.835091186687350273e-04
-1.965131086762994528e-04
-8.827173733152449131e-04
-1.198889454826712608e-03
-1.293110544793307781e-03
-1.296816626563668251e-03
-1.302696764469146729e-03
-1.360213966108858585e-03
-1.481783692725002766e-03
-1.655673724599182606e-03
-1.858448493294417858e-03
-2.065716078504920006e-03
-2.257630461826920509e-03
-2.423022640869021416e-03
-2.558389445766806602e-03
-2.666480606421828270e-03
-2.751821652054786682e-03
-2.821706933900713921e-03
-2.882014261558651924e-03
-2.937130397185683250e-03
-2.989448374137282372e-03
-3.040073439478874207e-03
-3.088568104431033134e-03
-3.134878585115075111e-03
-3.177727572619915009e-03
-3.217208664864301682e-03
-3.252003807574510574e-03
-3.283147234469652176e-03
-3.309904132038354874e-03
-3.333170665428042412e-03
-3.353072563186287880e-03
-3.370246151462197304e-03
-3.384502138942480087e-03
-3.396610030904412270e-03
-3.405893919989466667e-03
-3.412714926525950432e-03
-3.417335916310548782e-03
-3.419510088860988617e-03
-3.419185057282447815e-03
-3.416394349187612534e-03
-3.411625279113650322e-03
-3.404198214411735535e-03
-3.394605126231908798e-03
-3.382720751687884331e-03
-3.368599805980920792e-03
-3.352211555466055870e-03
-3.333604894578456879e-03
-3.312977729365229607e-03
-3.290395019575953484e-03
-3.265716135501861572e-03
-3.238660283386707306e-03
-3.209461690858006477e-03
-3.178616985678672791e-03
-3.145483555272221565e-03
-3.110498655587434769e-03
-3.073394065722823143e-03
-3.034505527466535568e-03
-2.993593458086252213e-03
-2.950936788693070412e-03
-2.906298032030463219e-03
-2.859989879652857780e-03
-2.811642596498131752e-03
-2.761690877377986908e-03
-2.709913067519664764e-03
-2.656725700944662094e-03
-2.601268235594034195e-03
-2.544920891523361206e-03
-2.486695768311619759e-03
-2.426725579425692558e-03
-2.365387510508298874e-03
-2.302605891600251198e-03
-2.238328568637371063e-03
-2.172714332118630409e-03
-2.105812774971127510e-03
-2.037709578871726990e-03
-1.968131633475422859e-03
-1.897135982289910316e-03
-1.825321232900023460e-03
-1.752203097566962242e-03
-1.677995314821600914e-03
-1.602814765647053719e-03
-1.526884967461228371e-03
-1.449589733965694904e-03
-1.371150021441280842e-03
-1.292613800615072250e-03
-1.212800620123744011e-03
-1.132527017034590244e-03
-1.051444443874061108e-03
-9.696517372503876686e-04
-8.870241581462323666e-04
-8.043807465583086014e-04
-7.209701579995453358e-04
-6.368156755343079567e-04
-5.526246386580169201e-04
-4.680902638938277960e-04
-3.832775400951504707e-04
-2.980330609716475010e-04
-2.127573534380644560e-04
-1.275206013815477490e-04
-4.205239019938744605e-05
4.358228034107014537e-05
1.292013330385088921e-04
2.147293707821518183e-04
3.000388678628951311e-04
3.850180946756154299e-04
4.701116704382002354e-04
5.547968903556466103e-04
6.385691813193261623e-04
7.226430461741983891e-04
8.058196399360895157e-04
8.888088632375001907e-04
9.712154278531670570e-04
1.052982173860073090e-03
1.134166144765913486e-03
1.214546384289860725e-03
1.294180168770253658e-03
1.372947590425610542e-03
1.451192423701286316e-03
1.528315944597125053e-03
1.604508375748991966e-03
1.679382170550525188e-03
1.753743388690054417e-03
1.826814492233097553e-03
1.898400601930916309e-03
1.969136064872145653e-03
2.038815291598439217e-03
2.106968080624938011e-03
2.173820277675986290e-03
2.239676425233483315e-03
2.303859917446970940e-03
2.366696251556277275e-03
2.427912317216396332e-03
2.487614518031477928e-03
2.545818686485290527e-03
2.602639375254511833e-03
2.657589968293905258e-03
2.710995730012655258e-03
2.762838499620556831e-03
2.812618622556328773e-03
2.860924229025840759e-03
2.907445654273033142e-03
2.951769623905420303e-03
2.994730835780501366e-03
3.035528352484107018e-03
3.074608976021409035e-03
3.111627651378512383e-03
3.146878210827708244e-03
3.179930616170167923e-03
3.211178584024310112e-03
3.240642603486776352e-03
3.267318475991487503e-03
3.292666049674153328e-03
3.315454116091132164e-03
3.336741821840405464e-03
3.355223685503005981e-03
3.372438950464129448e-03
3.386965487152338028e-03
3.399348817765712738e-03
3.410088829696178436e-03
3.418020438402891159e-03
3.424178343266248703e-03
3.427985589951276779e-03
3.430084092542529106e-03
3.429681062698364258e-03
3.427091054618358612e-03
3.422509180381894112e-03
3.415729617699980736e-03
3.406864358112215996e-03
3.395754843950271606e-03
3.382461145520210266e-03
3.367170458659529686e-03
3.349890233948826790e-03
3.330362727865576744e-03
3.308510640636086464e-03
3.284913953393697739e-03
3.259205259382724762e-03
3.231488633900880814e-03
3.201504703611135483e-03
3.169916104525327682e-03
3.135945182293653488e-03
3.100317902863025665e-03
3.062688047066330910e-03
3.022767370566725731e-03
2.981530269607901573e-03
2.937945071607828140e-03
2.893012482672929764e-03
2.845791401341557503e-03
2.796869492158293724e-03
2.746509388089179993e-03
2.694377908483147621e-03
2.640085294842720032e-03
2.584895351901650429e-03
2.527731470763683319e-03
2.468950115144252777e-03
2.408685861155390739e-03
2.346915891394019127e-03
2.283616689965128899e-03
2.218639710918068886e-03
2.152921631932258606e-03
2.085351385176181793e-03
2.016772283241152763e-03
1.946653355844318867e-03
1.875829417258501053e-03
1.803678926080465317e-03
1.730056479573249817e-03
1.655742060393095016e-03
1.579861738719046116e-03
1.503669191151857376e-03
1.425970694981515408e-03
1.347635057754814625e-03
1.268919440917670727e-03
1.188534079119563103e-03
1.108062686398625374e-03
1.026915153488516808e-03
9.450652287341654301e-04
8.623958565294742584e-04
7.791518000885844231e-04
6.956293364055454731e-04
6.119195022620260715e-04
5.272213020361959934e-04
4.424189974088221788e-04
3.574632573872804642e-04
2.724814403336495161e-04
1.874631707323715091e-04
1.018363254843279719e-04
1.628487916605081409e-05
-6.954224954824894667e-05
-1.548206055304035544e-04
-2.401665697107091546e-04
-3.257699718233197927e-04
-4.107153217773884535e-04
-4.954786272719502449e-04
-5.800207727588713169e-04
-6.640791543759405613e-04
-7.473754230886697769e-04
-8.308822871185839176e-04
-9.136217413470149040e-04
-9.959945455193519592e-04
-1.077532302588224411e-03
-1.158635597676038742e-03
-1.238482655026018620e-03
-1.317726215347647667e-03
-1.396576990373432636e-03
-1.474675955250859261e-03
-1.550839864648878574e-03
-1.627099816687405109e-03
-1.701804576441645622e-03
-1.776054035872220993e-03
-1.848092651925981045e-03
-1.920188311487436295e-03
-1.990546472370624542e-03
-2.059315796941518784e-03
-2.127257641404867172e-03
-2.193958964198827744e-03
-2.258962020277976990e-03
-2.322916639968752861e-03
-2.384798601269721985e-03
-2.446175785735249519e-03
-2.505360404029488564e-03
-2.562976907938718796e-03
-2.619186416268348694e-03
-2.673879265785217285e-03
-2.726827282458543777e-03
-2.777947112917900085e-03
-2.827207092195749283e-03
-2.875041915103793144e-03
-2.920947037637233734e-03
-2.964829094707965851e-03
-3.007262013852596283e-03
-3.047497943043708801e-03
-3.086186246946454048e-03
-3.122409107163548470e-03
-3.157021943479776382e-03
-3.189666429534554482e-03
-3.220126498490571976e-03
-3.248770954087376595e-03
-3.275252180173993111e-03
-3.299647709354758263e-03
-3.322048345580697060e-03
-3.342527430504560471e-03
-3.360718023031949997e-03
-3.376856679096817970e-03
-3.391024190932512283e-03
-3.402926493436098099e-03
-3.412324935197830200e-03
-3.420222317799925804e-03
-3.425631672143936157e-03
-3.429012373089790344e-03
-3.430057317018508911e-03
-3.429056378081440926e-03
-3.426037263125181198e-03
-3.420703578740358353e-03
-3.413141239434480667e-03
-3.403730224817991257e-03
-3.392038401216268539e-03
-3.378042485564947128e-03
-3.362267743796110153e-03
-3.344191703945398331e-03
-3.323959885165095329e-03
-3.301618853583931923e-03
-3.277590265497565269e-03
-3.251319751143455505e-03
-3.222536994144320488e-03
-3.192230593413114548e-03
-3.159412182867527008e-03
-3.125342307612299919e-03
-3.089327597990632057e-03
-3.050727769732475281e-03
-3.011181019246578217e-03
-2.968456828966736794e-03
-2.924738451838493347e-03
-2.878851722925901413e-03
-2.831373130902647972e-03
-2.782144350931048393e-03
-2.730754436925053596e-03
-2.678310731425881386e-03
-2.623654203489422798e-03
-2.567946678027510643e-03
-2.510330174118280411e-03
-2.450708532705903053e-03
-2.389817731454968452e-03
-2.328151836991310120e-03
-2.264134585857391357e-03
-2.199121285229921341e-03
-2.133002504706382751e-03
-2.064777072519063950e-03
-1.995989819988608360e-03
-1.925810938701033592e-03
-1.853504683822393417e-03
-1.781445229426026344e-03
-1.708080060780048370e-03
-1.633003586903214455e-03
-1.556694158352911472e-03
-1.480657490901648998e-03
-1.402745954692363739e-03
-1.323830103501677513e-03
-1.244880375452339649e-03
-1.165475463494658470e-03
-1.083456678315997124e-03
-1.002251869067549706e-03
-9.206515387631952763e-04
-8.373346063308417797e-04
-7.542934035882353783e-04
-6.696238997392356396e-04
-5.864705890417098999e-04
-5.017203511670231819e-04
-4.176697111688554287e-04
-3.323784621898084879e-04
-2.469363098498433828e-04
-1.609401515452191234e-04
-7.588286098325625062e-05
9.936464266502298415e-06
9.494695405010133982e-05
1.809873210731893778e-04
2.655400312505662441e-04
3.511616378091275692e-04
4.357689176686108112e-04
5.210158997215330601e-04
6.049884832464158535e-04
6.893771351315081120e-04
7.729047792963683605e-04
8.563596056774258614e-04
9.378637769259512424e-04
1.020298805087804794e-03
1.101399655453860760e-03
1.182679785415530205e-03
1.262290170416235924e-03
1.342464820481836796e-03
1.419710926711559296e-03
1.497666700743138790e-03
1.573776011355221272e-03
1.649531419388949871e-03
1.724730245769023895e-03
1.797726028598845005e-03
1.869728206656873226e-03
1.941626309417188168e-03
2.010998781770467758e-03
2.079858910292387009e-03
2.147733233869075775e-03
2.213378669694066048e-03
2.278230618685483932e-03
2.341764047741889954e-03
2.403336344286799431e-03
2.463863231241703033e-03
2.523542148992419243e-03
2.580008935183286667e-03
2.635820303112268448e-03
2.690053079277276993e-03
2.742147771641612053e-03
2.792817773297429085e-03
2.842116868123412132e-03
2.888908842578530312e-03
2.934267744421958923e-03
2.977970289066433907e-03
3.019219962880015373e-03
3.059369977563619614e-03
3.097288543358445168e-03
3.132957266643643379e-03
3.166941227391362190e-03
3.199161496013402939e-03
3.229013178497552872e-03
3.257116768509149551e-03
3.282648511230945587e-03
3.306833561509847641e-03
3.328451653942465782e-03
3.348087891936302185e-03
3.366023534908890724e-03
3.381179412826895714e-03
3.394590225070714951e-03
3.405837342143058777e-03
3.414975479245185852e-03
3.422158071771264076e-03
3.426784183830022812e-03
3.429457545280456543e-03
3.430221928283572197e-03
3.428443334996700287e-03
3.424555528908967972e-03
3.418743610382080078e-03
3.410510253161191940e-03
3.400344867259263992e-03
3.388002980500459671e-03
3.373541636392474174e-03
3.357301698997616768e-03
3.338221693411469460e-03
3.317651571705937386e-03
3.294990863651037216e-03
3.269500564783811569e-03
3.242452396079897881e-03
3.213836578652262688e-03
3.182783722877502441e-03
3.149613738059997559e-03
3.114875871688127518e-03
3.077651839703321457e-03
3.038786584511399269e-03
2.998478012159466743e-03
2.955948701128363609e-03
2.910914598032832146e-03
2.864700043573975563e-03
2.816784661263227463e-03
2.766929101198911667e-03
2.715213689953088760e-03
2.662289189174771309e-03
2.607029164209961891e-03
2.550239907577633858e-03
2.492560772225260735e-03
2.432785928249359131e-03
2.371476264670491219e-03
2.309178235009312630e-03
2.244565635919570923e-03
2.179273869842290878e-03
2.112999092787504196e-03
2.044339198619127274e-03
1.975031569600105286e-03
1.903984230011701584e-03
1.832234323956072330e-03
1.759501290507614613e-03
1.685709576122462749e-03
1.610479666851460934e-03
1.533790375106036663e-03
1.457434031181037426e-03
1.379275228828191757e-03
1.299782074056565762e-03
1.220962381921708584e-03
1.140972250141203403e-03
1.058802590705454350e-03
9.778473759070038795e-04
8.957450627349317074e-04
8.127376204356551170e-04
7.289680652320384979e-04
6.446210900321602821e-04
5.609528161585330963e-04
4.761636082548648119e-04
3.921259194612503052e-04
3.066395584028214216e-04
2.213014377048239112e-04
1.350816164631396532e-04
5.034941204939968884e-05
