1.000000000000000000e+00 0.000000000000000000e+00 3.333333507180213928e-02 0.000000000000000000e+00 0.000000000000000000e+00
1.024995326995849609e+00 -9.304363131523132324e-01 3.333333507180213928e-02 -6.574570536613464355e-01 7.495833635330200195e-01
1.003494739532470703e+00 -9.738772511482238770e-01 4.604831337928771973e-04 -1.039865493774414062e+00 1.500717163085937500e+00
9.551462531089782715e-01 -4.342781305313110352e-01 -5.153279379010200500e-02 -1.051170229911804199e+00 2.250739574432373047e+00
8.948286771774291992e-01 4.697391390800476074e-01 -1.040913015604019165e-01 -6.283007264137268066e-01 2.998625516891479492e+00
8.402609229087829590e-01 1.054384231567382812e+00 -1.355063319206237793e-01 -1.043924093246459961e-01 3.747006416320800781e+00
7.911778688430786133e-01 1.160150885581970215e+00 -1.407259553670883179e-01 3.098399341106414795e-01 4.497252941131591797e+00
7.434155344963073730e-01 9.451286196708679199e-01 -1.252339631319046021e-01 5.609883666038513184e-01 5.247974872589111328e+00
6.966217160224914551e-01 5.706371665000915527e-01 -9.718454629182815552e-02 6.462044119834899902e-01 5.998003959655761719e+00
6.522452235221862793e-01 1.722443401813507080e-01 -6.487432122230529785e-02 5.972982048988342285e-01 6.747233390808105469e+00
6.122177243232727051e-01 -1.543089151382446289e-01 -3.500941023230552673e-02 4.647340476512908936e-01 7.496213912963867188e+00
5.782552957534790039e-01 -3.535829186439514160e-01 -1.177270710468292236e-02 3.054946660995483398e-01 8.245484352111816406e+00
5.517480373382568359e-01 -4.209983944892883301e-01 3.502026200294494629e-03 1.628192067146301270e-01 8.995223999023437500e+00
5.333247780799865723e-01 -3.877809345722198486e-01 1.164298690855503082e-02 5.915952473878860474e-02 9.745292663574218750e+00
5.226690769195556641e-01 -2.974830269813537598e-01 1.460096333175897598e-02 -4.506744444370269775e-04 1.049546718597412109e+01
5.187468528747558594e-01 -1.901789009571075439e-01 1.457842998206615448e-02 -2.249307371675968170e-02 1.124560451507568359e+01
5.201723575592041016e-01 -9.453511983156204224e-02 1.345377601683139801e-02 -1.901847682893276215e-02 1.199566364288330078e+01
5.255360603332519531e-01 -2.568440884351730347e-02 1.250285189598798752e-02 -2.780126407742500305e-03 1.274565982818603516e+01
5.336288213729858398e-01 1.292830333113670349e-02 1.236384548246860504e-02 1.586388610303401947e-02 1.349561691284179688e+01
5.435478091239929199e-01 2.576351538300514221e-02 1.315703988075256348e-02 3.028830513358116150e-02 1.424555206298828125e+01
5.547033548355102539e-01 2.113604545593261719e-02 1.467145513743162155e-02 3.759758919477462769e-02 1.499547004699707031e+01
5.667632222175598145e-01 7.879846729338169098e-03 1.655133441090583801e-02 3.779616206884384155e-02 1.574537372589111328e+01
5.795701146125793457e-01 -6.813911721110343933e-03 1.844114251434803009e-02 3.263317421078681946e-02 1.649526405334472656e+01
5.930595397949218750e-01 -1.834550313651561737e-02 2.007280103862285614e-02 2.451323159039020538e-02 1.724514198303222656e+01
6.071960330009460449e-01 -2.472178824245929718e-02 2.129846252501010895e-02 1.567902788519859314e-02 1.799500846862792969e+01
6.219328641891479492e-01 -2.596904151141643524e-02 2.208241447806358337e-02 7.757754996418952942e-03 1.874486541748046875e+01
6.371951699256896973e-01 -2.333437837660312653e-02 2.247030287981033325e-02 1.618460286408662796e-03 1.949471092224121094e+01
6.528800725936889648e-01 -1.851500570774078369e-02 2.255122549831867218e-02 -2.537556923925876617e-03 2.024454879760742188e+01
6.688665151596069336e-01 -1.309305988252162933e-02 2.242434769868850708e-02 -4.971848800778388977e-03 2.099437904357910156e+01
6.850288510322570801e-01 -8.218351751565933228e-03 2.217575535178184509e-02 -6.178987212479114532e-03 2.174420547485351562e+01
7.012484669685363770e-01 -4.510995931923389435e-03 2.186680585145950317e-02 -6.691786926239728928e-03 2.249402999877929688e+01
7.174217700958251953e-01 -2.122821519151329994e-03 2.153221704065799713e-02 -6.953155621886253357e-03 2.324385643005371094e+01
7.334635853767395020e-01 -8.792759617790579796e-04 2.118455991148948669e-02 -7.256107404828071594e-03 2.399368476867675781e+01
7.493068575859069824e-01 -4.425959486979991198e-04 2.082175388932228088e-02 -7.741301786154508591e-03 2.474351692199707031e+01
7.648999094963073730e-01 -4.471635329537093639e-04 2.043468877673149109e-02 -8.428416214883327484e-03 2.549335479736328125e+01
7.802025079727172852e-01 -5.902914563193917274e-04 2.001326717436313629e-02 -9.262722916901111603e-03 2.624319839477539062e+01
7.951819300651550293e-01 -6.707428256049752235e-04 1.955013163387775421e-02 -1.015782915055751801e-02 2.699304962158203125e+01
8.098100423812866211e-01 -5.946932360529899597e-04 1.904224045574665070e-02 -1.103105489164590836e-02 2.774290657043457031e+01
8.240611553192138672e-01 -3.522558254189789295e-04 1.849068701267242432e-02 -1.182242203503847122e-02 2.849277114868164062e+01
8.379107713699340820e-01 1.358109875582158566e-05 1.789956539869308472e-02 -1.250189542770385742e-02 2.924264335632324219e+01
8.513354063034057617e-01 4.434989823494106531e-04 1.727447099983692169e-02 -1.306302566081285477e-02 2.999252319335937500e+01
8.643127679824829102e-01 8.763874066062271595e-04 1.662131957709789276e-02 -1.351969037204980850e-02 3.074241065979003906e+01
8.768219947814941406e-01 1.268051797524094582e-03 1.594533585011959076e-02 -1.389487646520137787e-02 3.149230575561523438e+01
8.888438940048217773e-01 1.594946719706058502e-03 1.525059156119823456e-02 -1.421311311423778534e-02 3.224221038818359375e+01
9.003611207008361816e-01 1.852722605690360069e-03 1.453993562608957291e-02 -1.449481397867202759e-02 3.299212265014648438e+01
9.113582968711853027e-01 2.049439586699008942e-03 1.381519529968500137e-02 -1.475447602570056915e-02 3.374204254150390625e+01
9.218218326568603516e-01 2.201041672378778458e-03 1.307747140526771545e-02 -1.499937754124403000e-02 3.449197006225585938e+01
9.317396879196166992e-01 2.322138985618948936e-03 1.232750248163938522e-02 -1.523300632834434509e-02 3.524190521240234375e+01
9.411011934280395508e-01 2.427551196888089180e-03 1.156585197895765305e-02 -1.545413956046104431e-02 3.599184799194335938e+01
9.498967528343200684e-01 2.524999668821692467e-03 1.079314481467008591e-02 -1.566161215305328369e-02 3.674179458618164062e+01
9.581177234649658203e-01 2.622154541313648224e-03 1.001006457954645157e-02 -1.585167273879051208e-02 3.749174880981445312e+01
9.657562375068664551e-01 2.717995084822177887e-03 9.217481128871440887e-03 -1.602392643690109253e-02 3.824171066284179688e+01
9.728051424026489258e-01 2.813804429024457932e-03 8.416284807026386261e-03 -1.617666147649288177e-02 3.899167633056640625e+01
9.792579412460327148e-01 2.906551584601402283e-03 7.607451640069484711e-03 -1.631067320704460144e-02 3.974164962768554688e+01
9.851087927818298340e-01 2.994603943079710007e-03 6.791918072849512100e-03 -1.642682030797004700e-02 4.049162673950195312e+01
9.903523921966552734e-01 3.075704909861087799e-03 5.970577243715524673e-03 -1.652699708938598633e-02 4.124160766601562500e+01
9.949840903282165527e-01 3.150358330458402634e-03 5.144227296113967896e-03 -1.661202497780323029e-02 4.199159240722656250e+01
9.989997744560241699e-01 3.217162564396858215e-03 4.313625860959291458e-03 -1.668396033346652985e-02 4.274158096313476562e+01
1.002395868301391602e+00 3.278665710240602493e-03 3.479427890852093697e-03 -1.674267277121543884e-02 4.349157333374023438e+01
1.005169391632080078e+00 3.335239365696907043e-03 2.642294159159064293e-03 -1.678872480988502502e-02 4.424156951904296875e+01
1.007317900657653809e+00 3.386716824024915695e-03 1.802857965230941772e-03 -1.682297699153423309e-02 4.499156570434570312e+01
1.008839368820190430e+00 3.434305079281330109e-03 9.617091272957623005e-04 -1.684542931616306305e-02 4.574156570434570312e+01
1.009732365608215332e+00 3.478877479210495949e-03 1.194376382045447826e-04 -1.685592345893383026e-02 4.649156570434570312e+01
1.009995937347412109e+00 3.520751139149069786e-03 -7.233585347421467304e-04 -1.685439422726631165e-02 4.724156570434570312e+01
1.009629487991333008e+00 3.558637341484427452e-03 -1.566078281030058861e-03 -1.684180647134780884e-02 4.799156570434570312e+01
1.008632898330688477e+00 3.594421083107590675e-03 -2.408168744295835495e-03 -1.681736856698989868e-02 4.874156570434570312e+01
1.007006525993347168e+00 3.627240890637040138e-03 -3.249037079513072968e-03 -1.678155735135078430e-02 4.949156570434570312e+01
1.004751086235046387e+00 3.657278604805469513e-03 -4.088114947080612183e-03 -1.673442870378494263e-02 5.024156188964843750e+01
1.001867890357971191e+00 3.684517927467823029e-03 -4.924836568534374237e-03 -1.667612046003341675e-02 5.099155807495117188e+01
9.983584880828857422e-01 3.709133248776197433e-03 -5.758642684668302536e-03 -1.660665310919284821e-02 5.174155044555664062e+01
9.942249655723571777e-01 3.731100587174296379e-03 -6.588975433260202408e-03 -1.652613095939159393e-02 5.249153900146484375e+01
9.894698262214660645e-01 3.749895375221967697e-03 -7.415282074362039566e-03 -1.643502712249755859e-02 5.324152374267578125e+01
9.840959310531616211e-01 3.765336005017161369e-03 -8.237033151090145111e-03 -1.633377745747566223e-02 5.399150466918945312e+01
9.781064987182617188e-01 3.778022946789860725e-03 -9.053722023963928223e-03 -1.622235588729381561e-02 5.474148178100585938e+01
9.715051651000976562e-01 3.789119888097047806e-03 -9.864839725196361542e-03 -1.610013656318187714e-02 5.549145126342773438e+01
9.642961025238037109e-01 3.798207268118858337e-03 -1.066984608769416809e-02 -1.596718840301036835e-02 5.624141693115234375e+01
9.564837813377380371e-01 3.803627565503120422e-03 -1.146820560097694397e-02 -1.582459732890129089e-02 5.699137496948242188e+01
9.480729699134826660e-01 3.807013854384422302e-03 -1.225943583995103836e-02 -1.567174494266510010e-02 5.774132919311523438e+01
9.390689730644226074e-01 3.807637374848127365e-03 -1.304302271455526352e-02 -1.550910249352455139e-02 5.849127578735351562e+01
9.294773340225219727e-01 3.806171938776969910e-03 -1.381847821176052094e-02 -1.533642038702964783e-02 5.924121475219726562e+01
9.193040728569030762e-01 3.801862476393580437e-03 -1.458529941737651825e-02 -1.515422202646732330e-02 5.999114608764648438e+01
9.085555672645568848e-01 3.795320168137550354e-03 -1.534301042556762695e-02 -1.496234908699989319e-02 6.074106979370117188e+01
8.972384929656982422e-01 3.785981563851237297e-03 -1.609112694859504700e-02 -1.476125977933406830e-02 6.149098587036132812e+01
8.853599429130554199e-01 3.774521173909306526e-03 -1.682919077575206757e-02 -1.455075852572917938e-02 6.224089050292968750e+01
8.729273676872253418e-01 3.760286839678883553e-03 -1.755672879517078400e-02 -1.433134730905294418e-02 6.299078750610351562e+01
8.599484562873840332e-01 3.744320245459675789e-03 -1.827329583466053009e-02 -1.410258375108242035e-02 6.374067687988281250e+01
8.464314341545104980e-01 3.725663293153047562e-03 -1.897842437028884888e-02 -1.386506296694278717e-02 6.449055480957031250e+01
8.323847055435180664e-01 3.704803064465522766e-03 -1.967167668044567108e-02 -1.361871790140867233e-02 6.524042510986328125e+01
8.178170919418334961e-01 3.680759342387318611e-03 -2.035261318087577820e-02 -1.336435135453939438e-02 6.599028015136718750e+01
8.027377128601074219e-01 3.656021086499094963e-03 -2.102083154022693634e-02 -1.310069486498832703e-02 6.674012756347656250e+01
7.871559858322143555e-01 3.627155208960175514e-03 -2.167586609721183777e-02 -1.282975450158119202e-02 6.748996734619140625e+01
7.710816860198974609e-01 3.596385708078742027e-03 -2.231735363602638245e-02 -1.255081221461296082e-02 6.823979187011718750e+01
7.545248270034790039e-01 3.564155893400311470e-03 -2.294489368796348572e-02 -1.226362399756908417e-02 6.898960876464843750e+01
7.374958395957946777e-01 3.529456211254000664e-03 -2.355807460844516754e-02 -1.196880917996168137e-02 6.973941802978515625e+01
7.200053334236145020e-01 3.492331365123391151e-03 -2.415651455521583557e-02 -1.166661828756332397e-02 7.048921203613281250e+01
7.020642757415771484e-01 3.453129436820745468e-03 -2.473984472453594208e-02 -1.135708950459957123e-02 7.123899841308593750e+01
6.836838722229003906e-01 3.411619924008846283e-03 -2.530770003795623779e-02 -1.104056090116500854e-02 7.198876953125000000e+01
6.648756265640258789e-01 3.367746481671929359e-03 -2.585972845554351807e-02 -1.071734074503183365e-02 7.273853302001953125e+01
6.456513404846191406e-01 3.321438096463680267e-03 -2.639559470117092133e-02 -1.038779318332672119e-02 7.348828887939453125e+01
6.260229349136352539e-01 3.273700829595327377e-03 -2.691498398780822754e-02 -1.005156803876161575e-02 7.423802947998046875e+01
6.060027480125427246e-01 3.224725835025310516e-03 -2.741756290197372437e-02 -9.708535857498645782e-03 7.498776245117187500e+01
5.856033563613891602e-01 3.172784810885787010e-03 -2.790299057960510254e-02 -9.359851479530334473e-03 7.573748779296875000e+01
5.648373961448669434e-01 3.119054948911070824e-03 -2.837098389863967896e-02 -9.005266241729259491e-03 7.648719787597656250e+01
5.437179207801818848e-01 3.063439391553401947e-03 -2.882124669849872589e-02 -8.645025081932544708e-03 7.723690032958984375e+01
5.222581028938293457e-01 3.005706239491701126e-03 -2.925349771976470947e-02 -8.279520086944103241e-03 7.798659515380859375e+01
5.004713535308837891e-01 2.945328131318092346e-03 -2.966747432947158813e-02 -7.909453473985195160e-03 7.873628234863281250e+01
4.783712029457092285e-01 2.884275047108530998e-03 -3.006294742226600647e-02 -7.533985655754804611e-03 7.948595428466796875e+01
4.559715390205383301e-01 2.822501817718148232e-03 -3.043964691460132599e-02 -7.152995094656944275e-03 8.023561859130859375e+01
4.332863986492156982e-01 2.756825648248195648e-03 -3.079729713499546051e-02 -6.768583785742521286e-03 8.098527526855468750e+01
4.103298485279083252e-01 2.690241672098636627e-03 -3.113572672009468079e-02 -6.379680708050727844e-03 8.173492431640625000e+01
3.871162831783294678e-01 2.621412510052323341e-03 -3.145471215248107910e-02 -5.987217649817466736e-03 8.248456573486328125e+01
3.636601567268371582e-01 2.551196375861763954e-03 -3.175407275557518005e-02 -5.591079127043485641e-03 8.323419952392578125e+01
3.399761021137237549e-01 2.479735529050230980e-03 -3.203362599015235901e-02 -5.191364325582981110e-03 8.398382568359375000e+01
3.160789012908935547e-01 2.407548716291785240e-03 -3.229319304227828979e-02 -4.787866957485675812e-03 8.473344421386718750e+01
2.919835448265075684e-01 2.332402858883142471e-03 -3.253258764743804932e-02 -4.382141865789890289e-03 8.548305511474609375e+01
2.677049636840820312e-01 2.256228821352124214e-03 -3.275169432163238525e-02 -3.973642829805612564e-03 8.623265838623046875e+01
2.432583421468734741e-01 2.179736969992518425e-03 -3.295037522912025452e-02 -3.562012687325477600e-03 8.698226165771484375e+01
2.186589539051055908e-01 2.101032296195626259e-03 -3.312847763299942017e-02 -3.148477291688323021e-03 8.773185729980468750e+01
1.939221322536468506e-01 2.020720625296235085e-03 -3.328590095043182373e-02 -2.733203815296292305e-03 8.848145294189453125e+01
1.690632998943328857e-01 1.939085545018315315e-03 -3.342255949974060059e-02 -2.316399477422237396e-03 8.923104095458984375e+01
1.440979540348052979e-01 1.856886781752109528e-03 -3.353837877511978149e-02 -1.897856127470731735e-03 8.998062896728515625e+01
1.190416812896728516e-01 1.773260999470949173e-03 -3.363327309489250183e-02 -1.478248625062406063e-03 9.073020935058593750e+01
9.391009807586669922e-02 1.687946729362010956e-03 -3.370718657970428467e-02 -1.058156718499958515e-03 9.147978973388671875e+01
6.871884316205978394e-02 1.601976226083934307e-03 -3.376009315252304077e-02 -6.373727228492498398e-04 9.222937011718750000e+01
4.348363354802131653e-02 1.515632262453436852e-03 -3.379196301102638245e-02 -2.158644492737948895e-04 9.297894287109375000e+01
1.822022162377834320e-02 1.428527175448834896e-03 -3.380275517702102661e-02 2.060217084363102913e-04 9.372851562500000000e+01
-7.055632770061492920e-03 1.340444548986852169e-03 -3.379245474934577942e-02 6.279087974689900875e-04 9.447808837890625000e+01
-3.232816979289054871e-02 1.251138281077146530e-03 -3.376105800271034241e-02 1.049301354214549065e-03 9.522766113281250000e+01
-5.758162960410118103e-02 1.160470768809318542e-03 -3.370859473943710327e-02 1.469665439799427986e-03 9.597723388671875000e+01
-8.280029892921447754e-02 1.070027938112616539e-03 -3.363510966300964355e-02 1.889602513983845711e-03 9.672680664062500000e+01
-1.079684048891067505e-01 9.788116440176963806e-04 -3.354062885046005249e-02 2.308451570570468903e-03 9.747638702392578125e+01
-1.330702453851699829e-01 8.851969614624977112e-04 -3.342520445585250854e-02 2.724734367802739143e-03 9.822596740722656250e+01
-1.580902487039566040e-01 7.927849655970931053e-04 -3.328896686434745789e-02 3.140028333291411400e-03 9.897554779052734375e+01
-1.830127537250518799e-01 6.991302361711859703e-04 -3.313196450471878052e-02 3.552931826561689377e-03 9.972513580322265625e+01
-2.078222483396530151e-01 6.058122962713241577e-04 -3.295431658625602722e-02 3.963986411690711975e-03 1.004747238159179688e+02
-2.325032353401184082e-01 5.122438305988907814e-04 -3.275611624121665955e-02 4.372758790850639343e-03 1.012243194580078125e+02
-2.570403218269348145e-01 4.182026023045182228e-04 -3.253747895359992981e-02 4.778851289302110672e-03 1.019739151000976562e+02
-2.814182341098785400e-01 3.239933575969189405e-04 -3.229853510856628418e-02 5.182137712836265564e-03 1.027235183715820312e+02
-3.056217432022094727e-01 2.292364952154457569e-04 -3.203942999243736267e-02 5.582098849117755890e-03 1.034731292724609375e+02
-3.296357393264770508e-01 1.342266914434731007e-04 -3.176032379269599915e-02 5.978531669825315475e-03 1.042227478027343750e+02
-3.534452617168426514e-01 3.892556560458615422e-05 -3.146139904856681824e-02 6.371080875396728516e-03 1.049723663330078125e+02
-3.770354688167572021e-01 -5.543939187191426754e-05 -3.114284574985504150e-02 6.760247517377138138e-03 1.057219924926757812e+02
-4.003916084766387939e-01 -1.502338855061680079e-04 -3.080483339726924896e-02 7.145139388740062714e-03 1.064716262817382812e+02
-4.234990775585174561e-01 -2.451066102366894484e-04 -3.044757619500160217e-02 7.525566034018993378e-03 1.072212677001953125e+02
-4.463434815406799316e-01 -3.408558841329067945e-04 -3.007129766047000885e-02 7.900627329945564270e-03 1.079709167480468750e+02
-4.689106047153472900e-01 -4.349794471636414528e-04 -2.967626601457595825e-02 8.271430619060993195e-03 1.087205734252929688e+02
-4.911862909793853760e-01 -5.290206754580140114e-04 -2.926269359886646271e-02 8.637122809886932373e-03 1.094702453613281250e+02
-5.131565928459167480e-01 -6.238918867893517017e-04 -2.883083745837211609e-02 8.996731601655483246e-03 1.102199249267578125e+02
-5.348079204559326172e-01 -7.176127401180565357e-04 -2.838100120425224304e-02 9.350959211587905884e-03 1.109696121215820312e+02
-5.561266541481018066e-01 -8.100856211967766285e-04 -2.791345305740833282e-02 9.699880145490169525e-03 1.117193069458007812e+02
-5.770995020866394043e-01 -9.026814368553459644e-04 -2.742845937609672546e-02 1.004256680607795715e-02 1.124690170288085938e+02
-5.977134108543395996e-01 -9.949225932359695435e-04 -2.692633122205734253e-02 1.037888228893280029e-02 1.132187347412109375e+02
-6.179554462432861328e-01 -1.085539581254124641e-03 -2.640738710761070251e-02 1.070939749479293823e-02 1.139684600830078125e+02
-6.378129720687866211e-01 -1.176148303784430027e-03 -2.587191760540008545e-02 1.103310100734233856e-02 1.147182006835937500e+02
-6.572735309600830078e-01 -1.266067847609519958e-03 -2.532026171684265137e-02 1.135000307112932205e-02 1.154679489135742188e+02
-6.763249635696411133e-01 -1.355703570879995823e-03 -2.475276216864585876e-02 1.165957190096378326e-02 1.162177047729492188e+02
-6.949554085731506348e-01 -1.444618799723684788e-03 -2.416978403925895691e-02 1.196169853210449219e-02 1.169674758911132812e+02
-7.131531834602355957e-01 -1.532435067929327488e-03 -2.357169985771179199e-02 1.225636899471282959e-02 1.177172546386718750e+02
-7.309069037437438965e-01 -1.618581707589328289e-03 -2.295888215303421021e-02 1.254383102059364319e-02 1.184670410156250000e+02
-7.482054829597473145e-01 -1.704314840026199818e-03 -2.233169041574001312e-02 1.282324455678462982e-02 1.192168426513671875e+02
-7.650380730628967285e-01 -1.788855879567563534e-03 -2.169052883982658386e-02 1.309473533183336258e-02 1.199666519165039062e+02
-7.813941240310668945e-01 -1.871879911050200462e-03 -2.103579230606555939e-02 1.335837505757808685e-02 1.207164764404296875e+02
-7.972633838653564453e-01 -1.954708714038133621e-03 -2.036787383258342743e-02 1.361318212002515793e-02 1.214663085937500000e+02
-8.126359581947326660e-01 -2.035736106336116791e-03 -1.968721486628055573e-02 1.385974138975143433e-02 1.222161483764648438e+02
-8.275021910667419434e-01 -2.115311333909630775e-03 -1.899422705173492432e-02 1.409782469272613525e-02 1.229660034179687500e+02
-8.418527245521545410e-01 -2.194700296968221664e-03 -1.828933507204055786e-02 1.432642620056867599e-02 1.237158660888671875e+02
-8.556786775588989258e-01 -2.271522535011172295e-03 -1.757301390171051025e-02 1.454662904143333435e-02 1.244657363891601562e+02
-8.689713478088378906e-01 -2.347448375076055527e-03 -1.684568263590335846e-02 1.475751306861639023e-02 1.252156219482421875e+02
-8.817223906517028809e-01 -2.421536250039935112e-03 -1.610780693590641022e-02 1.495939213782548904e-02 1.259655151367187500e+02
-8.939237594604492188e-01 -2.494449028745293617e-03 -1.535983756184577942e-02 1.515177451074123383e-02 1.267154159545898438e+02
-9.055678844451904297e-01 -2.565386705100536346e-03 -1.460224855691194534e-02 1.533495262265205383e-02 1.274653244018554688e+02
-9.166474342346191406e-01 -2.635331358760595322e-03 -1.383550092577934265e-02 1.550824102014303207e-02 1.282152404785156250e+02
-9.271554946899414062e-01 -2.703248523175716400e-03 -1.306008920073509216e-02 1.567200943827629089e-02 1.289651641845703125e+02
-9.370854496955871582e-01 -2.768711652606725693e-03 -1.227648835629224777e-02 1.582656428217887878e-02 1.297151031494140625e+02
-9.464309811592102051e-01 -2.834623912349343300e-03 -1.148516032844781876e-02 1.597001962363719940e-02 1.304650421142578125e+02
-9.551863670349121094e-01 -2.897146157920360565e-03 -1.068665925413370132e-02 1.610417105257511139e-02 1.312149963378906250e+02
-9.633460640907287598e-01 -2.958825090900063515e-03 -9.881450794637203217e-03 1.622768491506576538e-02 1.319649505615234375e+02
-9.709049463272094727e-01 -3.017165465280413628e-03 -9.070066735148429871e-03 1.634186133742332458e-02 1.327149200439453125e+02
-9.778582453727722168e-01 -3.075394779443740845e-03 -8.252973668277263641e-03 1.644487120211124420e-02 1.334648895263671875e+02
-9.842016696929931641e-01 -3.129671560600399971e-03 -7.430729921907186508e-03 1.653868705034255981e-02 1.342148590087890625e+02
-9.899311661720275879e-01 -3.183227032423019409e-03 -6.603795569390058517e-03 1.662168651819229126e-02 1.349648437500000000e+02
-9.950431585311889648e-01 -3.235278185456991196e-03 -5.772711243480443954e-03 1.669390872120857239e-02 1.357148284912109375e+02
-9.995344281196594238e-01 -3.283919300884008408e-03 -4.938015714287757874e-03 1.675644330680370331e-02 1.364648132324218750e+02
-1.003402113914489746e+00 -3.332176711410284042e-03 -4.100193735212087631e-03 1.680760271847248077e-02 1.372147979736328125e+02
-1.006643891334533691e+00 -3.377666929736733437e-03 -3.259813645854592323e-03 1.684840396046638489e-02 1.379647979736328125e+02
-1.009257674217224121e+00 -3.421357134357094765e-03 -2.417393494397401810e-03 1.687835529446601868e-02 1.387147979736328125e+02
-1.011241793632507324e+00 -3.461603773757815361e-03 -1.573475776240229607e-03 1.689845323562622070e-02 1.394647979736328125e+02
-1.012594938278198242e+00 -3.500430146232247353e-03 -7.285531028173863888e-04 1.690771616995334625e-02 1.402147979736328125e+02
-1.013316392898559570e+00 -3.537452081218361855e-03 1.168327289633452892e-04 1.690612919628620148e-02 1.409647979736328125e+02
-1.013405680656433105e+00 -3.571861889213323593e-03 9.621392237022519112e-04 1.689410395920276642e-02 1.417147979736328125e+02
-1.012862682342529297e+00 -3.604058874770998955e-03 1.806844491511583328e-03 1.687148772180080414e-02 1.424647979736328125e+02
-1.011687755584716797e+00 -3.633849322795867920e-03 2.650418784469366074e-03 1.683841086924076080e-02 1.432147979736328125e+02
-1.009881615638732910e+00 -3.661671187728643417e-03 3.492339281365275383e-03 1.679462939500808716e-02 1.439647979736328125e+02
-1.007445454597473145e+00 -3.687441349029541016e-03 4.332070704549551010e-03 1.674010232090950012e-02 1.447147979736328125e+02
-1.004380822181701660e+00 -3.710535122081637383e-03 5.169075913727283478e-03 1.667519845068454742e-02 1.454647979736328125e+02
-1.000689506530761719e+00 -3.730811178684234619e-03 6.002835929393768311e-03 1.660017855465412140e-02 1.462147827148437500e+02
-9.963739514350891113e-01 -3.749116556718945503e-03 6.832845043390989304e-03 1.651466637849807739e-02 1.469647674560546875e+02
-9.914367794990539551e-01 -3.765927394852042198e-03 7.658578455448150635e-03 1.641824282705783844e-02 1.477147521972656250e+02
-9.858812093734741211e-01 -3.779538907110691071e-03 8.479490876197814941e-03 1.631184481084346771e-02 1.484647369384765625e+02
-9.797106385231018066e-01 -3.790654474869370461e-03 9.295083582401275635e-03 1.619533635675907135e-02 1.492147064208984375e+02
-9.729289412498474121e-01 -3.799293423071503639e-03 1.010484993457794189e-02 1.606881991028785706e-02 1.499646759033203125e+02
-9.655404090881347656e-01 -3.806296270340681076e-03 1.090829074382781982e-02 1.593182049691677094e-02 1.507146453857421875e+02
-9.575496315956115723e-01 -3.809900023043155670e-03 1.170488167554140091e-02 1.578539423644542694e-02 1.514645996093750000e+02
-9.489616751670837402e-01 -3.812051843851804733e-03 1.249415148049592972e-02 1.562862657010555267e-02 1.522145538330078125e+02
-9.397819042205810547e-01 -3.811160102486610413e-03 1.327558234333992004e-02 1.546239946037530899e-02 1.529644927978515625e+02
-9.300160408020019531e-01 -3.807892324402928352e-03 1.404870208352804184e-02 1.528658438473939896e-02 1.537144317626953125e+02
-9.196702241897583008e-01 -3.803407074883580208e-03 1.481303106993436813e-02 1.510047912597656250e-02 1.544643554687500000e+02
-9.087510108947753906e-01 -3.795052645727992058e-03 1.556805521249771118e-02 1.490563992410898209e-02 1.552142791748046875e+02
-8.972651958465576172e-01 -3.785340115427970886e-03 1.631333678960800171e-02 1.470095943659543991e-02 1.559641876220703125e+02
-8.852199912071228027e-01 -3.772074356675148010e-03 1.704838499426841736e-02 1.448774989694356918e-02 1.567140960693359375e+02
-8.726229071617126465e-01 -3.757602302357554436e-03 1.777277328073978424e-02 1.426493003964424133e-02 1.574639892578125000e+02
-8.594818711280822754e-01 -3.740860149264335632e-03 1.848601922392845154e-02 1.403297856450080872e-02 1.582138671875000000e+02
-8.458051681518554688e-01 -3.720770357176661491e-03 1.918766833841800690e-02 1.379276905208826065e-02 1.589637451171875000e+02
-8.316013216972351074e-01 -3.698263550177216530e-03 1.987730711698532104e-02 1.354417018592357635e-02 1.597136077880859375e+02
-8.168792128562927246e-01 -3.674947656691074371e-03 2.055451646447181702e-02 1.328625716269016266e-02 1.604634704589843750e+02
-8.016481399536132812e-01 -3.647443838417530060e-03 2.121882885694503784e-02 1.302103511989116669e-02 1.612133178710937500e+02
-7.859175205230712891e-01 -3.618262941017746925e-03 2.186988107860088348e-02 1.274759974330663681e-02 1.619631500244140625e+02
-7.696973085403442383e-01 -3.587238723412156105e-03 2.250726148486137390e-02 1.246604882180690765e-02 1.627129821777343750e+02
-7.529975771903991699e-01 -3.553945105522871017e-03 2.313056401908397675e-02 1.217672694474458694e-02 1.634627990722656250e+02
-7.358288764953613281e-01 -3.518425859510898590e-03 2.373940125107765198e-02 1.187980640679597855e-02 1.642126007080078125e+02
-7.182018756866455078e-01 -3.480897983536124229e-03 2.433339133858680725e-02 1.157533843070268631e-02 1.649623870849609375e+02
-7.001276016235351562e-01 -3.441958921030163765e-03 2.491215802729129791e-02 1.126303803175687790e-02 1.657121734619140625e+02
-6.816174387931823730e-01 -3.399023553356528282e-03 2.547531016170978546e-02 1.094464864581823349e-02 1.664619445800781250e+02
-6.626828908920288086e-01 -3.354997374117374420e-03 2.602254226803779602e-02 1.061900891363620758e-02 1.672117004394531250e+02
-6.433358788490295410e-01 -3.308348590508103371e-03 2.655349299311637878e-02 1.028705760836601257e-02 1.679614562988281250e+02
-6.235884428024291992e-01 -3.260358702391386032e-03 2.706784568727016449e-02 9.948311373591423035e-03 1.687111968994140625e+02
-6.034529805183410645e-01 -3.209014423191547394e-03 2.756526134908199310e-02 9.604161605238914490e-03 1.694609222412109375e+02
-5.829420685768127441e-01 -3.155885729938745499e-03 2.804546989500522614e-02 9.254225529730319977e-03 1.702106475830078125e+02
-5.620684623718261719e-01 -3.102075308561325073e-03 2.850818075239658356e-02 8.897908963263034821e-03 1.709603576660156250e+02
-5.408452749252319336e-01 -3.045547055080533028e-03 2.895307540893554688e-02 8.536431007087230682e-03 1.717100524902343750e+02
-5.192857384681701660e-01 -2.988482359796762466e-03 2.937989681959152222e-02 8.168785832822322845e-03 1.724597473144531250e+02
-4.974033534526824951e-01 -2.927816007286310196e-03 2.978833578526973724e-02 7.796886842697858810e-03 1.732094268798828125e+02
-4.752117395401000977e-01 -2.866527531296014786e-03 3.017817996442317963e-02 7.419516332447528839e-03 1.739590911865234375e+02
-4.527248144149780273e-01 -2.803014358505606651e-03 3.054915554821491241e-02 7.037631701678037643e-03 1.747087554931640625e+02
-4.299565851688385010e-01 -2.736219204962253571e-03 3.090103715658187866e-02 6.652397569268941879e-03 1.754584045410156250e+02
-4.069212377071380615e-01 -2.670088317245244980e-03 3.123365715146064758e-02 6.261872127652168274e-03 1.762080535888671875e+02
-3.836332559585571289e-01 -2.601004671305418015e-03 3.154674917459487915e-02 5.868024658411741257e-03 1.769576873779296875e+02
-3.601070940494537354e-01 -2.529885154217481613e-03 3.184014931321144104e-02 5.470946431159973145e-03 1.777073211669921875e+02
-3.363574445247650146e-01 -2.457414753735065460e-03 3.211369737982749939e-02 5.070599261671304703e-03 1.784569396972656250e+02
-3.123991191387176514e-01 -2.384319668635725975e-03 3.236722573637962341e-02 4.666686989367008209e-03 1.792065582275390625e+02
-2.882470786571502686e-01 -2.310112351551651955e-03 3.260055929422378540e-02 4.259511362761259079e-03 1.799561767578125000e+02
-2.639164328575134277e-01 -2.233837731182575226e-03 3.281353414058685303e-02 3.849886124953627586e-03 1.807057800292968750e+02
-2.394223362207412720e-01 -2.155215945094823837e-03 3.300602734088897705e-02 3.438519081100821495e-03 1.814553833007812500e+02
-2.147800177335739136e-01 -2.076908946037292480e-03 3.317795321345329285e-02 3.024179022759199142e-03 1.822049713134765625e+02
-1.900049000978469849e-01 -1.997072715312242508e-03 3.332916274666786194e-02 2.607859438285231590e-03 1.829545593261718750e+02
-1.651124507188796997e-01 -1.915428321808576584e-03 3.345955535769462585e-02 2.190122380852699280e-03 1.837041473388671875e+02
-1.401181817054748535e-01 -1.831819070503115654e-03 3.356906026601791382e-02 1.771574839949607849e-03 1.844537353515625000e+02
-1.150376573204994202e-01 -1.746595138683915138e-03 3.365764021873474121e-02 1.352558960206806660e-03 1.852033233642578125e+02
-8.988647162914276123e-02 -1.661875867284834385e-03 3.372526913881301880e-02 9.320757817476987839e-04 1.859528961181640625e+02
-6.468036025762557983e-02 -1.576237496919929981e-03 3.377187252044677734e-02 5.108632030896842480e-04 1.867024688720703125e+02
-3.943503648042678833e-02 -1.490364316850900650e-03 3.379741683602333069e-02 8.868955774232745171e-05 1.874520416259765625e+02
-1.416627503931522369e-02 -1.402087509632110596e-03 3.380184993147850037e-02 -3.329023893456906080e-04 1.882016143798828125e+02
1.111022010445594788e-02 -1.312973210588097572e-03 3.378520533442497253e-02 -7.541885133832693100e-04 1.889511871337890625e+02
3.637869656085968018e-02 -1.224323525093495846e-03 3.374749422073364258e-02 -1.175791956484317780e-03 1.897007598876953125e+02
6.162333488464355469e-02 -1.133804093115031719e-03 3.368870541453361511e-02 -1.596238464117050171e-03 1.904503326416015625e+02
8.682842552661895752e-02 -1.042424468323588371e-03 3.360889479517936707e-02 -2.015545731410384178e-03 1.911999053955078125e+02
1.119782626628875732e-01 -9.506592759862542152e-04 3.350811824202537537e-02 -2.433686982840299606e-03 1.919494781494140625e+02
1.370571404695510864e-01 -8.580388966947793961e-04 3.338643535971641541e-02 -2.850122516974806786e-03 1.926990661621093750e+02
1.620494425296783447e-01 -7.638341048732399940e-04 3.324392810463905334e-02 -3.263937309384346008e-03 1.934486541748046875e+02
1.869396269321441650e-01 -6.710868328809738159e-04 3.308073058724403381e-02 -3.676577471196651459e-03 1.941982421875000000e+02
2.117121070623397827e-01 -5.777560290880501270e-04 3.289690241217613220e-02 -4.086998291313648224e-03 1.949478302001953125e+02
2.363514602184295654e-01 -4.845120129175484180e-04 3.269255161285400391e-02 -4.495327360928058624e-03 1.956974182128906250e+02
2.608422935009002686e-01 -3.902938333339989185e-04 3.246778622269630432e-02 -4.900698084384202957e-03 1.964470214843750000e+02
2.851693630218505859e-01 -2.962339785881340504e-04 3.222275152802467346e-02 -5.303384270519018173e-03 1.971966247558593750e+02
3.093174397945404053e-01 -2.004101988859474659e-04 3.195758163928985596e-02 -5.701893940567970276e-03 1.979462432861328125e+02
3.332715332508087158e-01 -1.046080215019173920e-04 3.167248517274856567e-02 -6.096617318689823151e-03 1.986958618164062500e+02
3.570167124271392822e-01 -1.024306402541697025e-05 3.136765584349632263e-02 -6.488298531621694565e-03 1.994454803466796875e+02
3.805380761623382568e-01 8.340142085216939449e-05 3.104324080049991608e-02 -6.876693107187747955e-03 2.001951141357421875e+02
4.038209319114685059e-01 1.800566969905048609e-04 3.069940581917762756e-02 -7.259171921759843826e-03 2.009447479248046875e+02
4.268508553504943848e-01 2.741974021773785353e-04 3.033644706010818481e-02 -7.638238370418548584e-03 2.016943969726562500e+02
4.496133923530578613e-01 3.690809244289994240e-04 2.995453588664531708e-02 -8.012180216610431671e-03 2.024440460205078125e+02
4.720943868160247803e-01 4.622541600838303566e-04 2.955392748117446899e-02 -8.382129482924938202e-03 2.031937103271484375e+02
4.942797124385833740e-01 5.581781733781099319e-04 2.913482114672660828e-02 -8.745219558477401733e-03 2.039433746337890625e+02
5.161556601524353027e-01 6.509051308967173100e-04 2.869755961000919342e-02 -9.104271419346332550e-03 2.046930541992187500e+02
5.377084016799926758e-01 7.440776098519563675e-04 2.824234589934349060e-02 -9.457482025027275085e-03 2.054427490234375000e+02
5.589245557785034180e-01 8.381992811337113380e-04 2.776947245001792908e-02 -9.803942404687404633e-03 2.061924438476562500e+02
5.797908902168273926e-01 9.307221043854951859e-04 2.727927453815937042e-02 -1.014467142522335052e-02 2.069421539306640625e+02
6.002943515777587891e-01 1.022030482999980450e-03 2.677204087376594543e-02 -1.047952566295862198e-02 2.076918792724609375e+02
6.204220652580261230e-01 1.113600330427289009e-03 2.624806389212608337e-02 -1.080745179206132889e-02 2.084416046142578125e+02
6.401615142822265625e-01 1.203685300424695015e-03 2.570769190788269043e-02 -1.112911570817232132e-02 2.091913452148437500e+02
6.595003008842468262e-01 1.294705318287014961e-03 2.515123598277568817e-02 -1.144286151975393295e-02 2.099411010742187500e+02
6.784264445304870605e-01 1.382375601679086685e-03 2.457909286022186279e-02 -1.175085920840501785e-02 2.106908569335937500e+02
6.969280242919921875e-01 1.470568822696805000e-03 2.399154938757419586e-02 -1.205107290297746658e-02 2.114406280517578125e+02
7.149934768676757812e-01 1.558376941829919815e-03 2.338899485766887665e-02 -1.234342996031045914e-02 2.121904144287109375e+02
7.326115369796752930e-01 1.644737320020794868e-03 2.277182415127754211e-02 -1.262826286256313324e-02 2.129402008056640625e+02
7.497711181640625000e-01 1.729565206915140152e-03 2.214041166007518768e-02 -1.290558651089668274e-02 2.136900024414062500e+02
7.664615511894226074e-01 1.813487848266959190e-03 2.149513177573680878e-02 -1.317493710666894913e-02 2.144398193359375000e+02
7.826722860336303711e-01 1.896807691082358360e-03 2.083638496696949005e-02 -1.343584433197975159e-02 2.151896514892578125e+02
7.983932495117187500e-01 1.979479333385825157e-03 2.016459219157695770e-02 -1.368795149028301239e-02 2.159394836425781250e+02
8.136146068572998047e-01 2.059956081211566925e-03 1.948019489645957947e-02 -1.393195241689682007e-02 2.166893310546875000e+02
8.283268213272094727e-01 2.139269839972257614e-03 1.878359727561473846e-02 -1.416727714240550995e-02 2.174391937255859375e+02
8.425206542015075684e-01 2.217924222350120544e-03 1.807523332536220551e-02 -1.439334917813539505e-02 2.181890563964843750e+02
8.561872243881225586e-01 2.294136211276054382e-03 1.735556498169898987e-02 -1.461099926382303238e-02 2.189389343261718750e+02
8.693179488182067871e-01 2.369609195739030838e-03 1.662501506507396698e-02 -1.481924392282962799e-02 2.196888122558593750e+02
8.819046020507812500e-01 2.442782046273350716e-03 1.588405296206474304e-02 -1.501877419650554657e-02 2.204387054443359375e+02
8.939392566680908203e-01 2.515884814783930779e-03 1.513311453163623810e-02 -1.520816422998905182e-02 2.211886138916015625e+02
9.054144620895385742e-01 2.586770337074995041e-03 1.437270641326904297e-02 -1.538825035095214844e-02 2.219385223388671875e+02
9.163229465484619141e-01 2.655776217579841614e-03 1.360329426825046539e-02 -1.555887609720230103e-02 2.226884460449218750e+02
9.266578555107116699e-01 2.723634708672761917e-03 1.282535027712583542e-02 -1.571948453783988953e-02 2.234383697509765625e+02
9.364127516746520996e-01 2.789316698908805847e-03 1.203937642276287079e-02 -1.587048172950744629e-02 2.241883087158203125e+02
9.455814957618713379e-01 2.853507874533534050e-03 1.124585233628749847e-02 -1.601143181324005127e-02 2.249382476806640625e+02
9.541583657264709473e-01 2.916093450039625168e-03 1.044528093189001083e-02 -1.614220812916755676e-02 2.256882019042968750e+02
9.621379971504211426e-01 2.976649440824985504e-03 9.638170711696147919e-03 -1.626292988657951355e-02 2.264381561279296875e+02
9.695153236389160156e-01 3.034794470295310020e-03 8.825024589896202087e-03 -1.637383550405502319e-02 2.271881256103515625e+02
9.762857556343078613e-01 3.091533668339252472e-03 8.006332442164421082e-03 -1.647432520985603333e-02 2.279380950927734375e+02
9.824450016021728516e-01 3.146369243040680885e-03 7.182616274803876877e-03 -1.656448654830455780e-02 2.286880645751953125e+02
9.879892468452453613e-01 3.198821330443024635e-03 6.354392040520906448e-03 -1.664456911385059357e-02 2.294380493164062500e+02
9.929149746894836426e-01 3.249643137678503990e-03 5.522163584828376770e-03 -1.671412214636802673e-02 2.301880340576171875e+02
9.972190856933593750e-01 3.299671458080410957e-03 4.686457570642232895e-03 -1.677235960960388184e-02 2.309380187988281250e+02
1.000898957252502441e+00 3.345930716022849083e-03 3.847839543595910072e-03 -1.682085730135440826e-02 2.316880035400390625e+02
1.003952145576477051e+00 3.390616271644830704e-03 3.006796585395932198e-03 -1.685862615704536438e-02 2.324380035400390625e+02
1.006376743316650391e+00 3.433013102039694786e-03 2.163865137845277786e-03 -1.688594184815883636e-02 2.331880035400390625e+02
1.008171319961547852e+00 3.473785705864429474e-03 1.319568022154271603e-03 -1.690236292779445648e-02 2.339380035400390625e+02
1.009334683418273926e+00 3.512178547680377960e-03 4.744498874060809612e-04 -1.690819859504699707e-02 2.346880035400390625e+02
1.009866118431091309e+00 3.547869855538010597e-03 -3.709600423462688923e-04 -1.690372265875339508e-02 2.354380035400390625e+02
1.009765267372131348e+00 3.581725293770432472e-03 -1.216146163642406464e-03 -1.688849367201328278e-02 2.361880035400390625e+02
1.009032249450683594e+00 3.613707609474658966e-03 -2.060570754110813141e-03 -1.686239615082740784e-02 2.369380035400390625e+02
1.007667541503906250e+00 3.642600961029529572e-03 -2.903690561652183533e-03 -1.682614721357822418e-02 2.376880035400390625e+02
1.005671858787536621e+00 3.669437952339649200e-03 -3.744998015463352203e-03 -1.677932962775230408e-02 2.384380035400390625e+02
1.003046631813049316e+00 3.694616490975022316e-03 -4.583964589983224869e-03 -1.672160252928733826e-02 2.391880035400390625e+02
9.997934103012084961e-01 3.716600127518177032e-03 -5.420044530183076859e-03 -1.665383577346801758e-02 2.399380035400390625e+02
9.959142208099365234e-01 3.736601211130619049e-03 -6.252736318856477737e-03 -1.657552830874919891e-02 2.406879882812500000e+02
9.914115071296691895e-01 3.754571313038468361e-03 -7.081512827426195145e-03 -1.648663356900215149e-02 2.414379730224609375e+02
9.862881302833557129e-01 3.770315786823630333e-03 -7.905844599008560181e-03 -1.638722047209739685e-02 2.421879577636718750e+02
9.805473089218139648e-01 3.782524261623620987e-03 -8.725205436348915100e-03 -1.627821475267410278e-02 2.429379425048828125e+02
9.741926193237304688e-01 3.792678704485297203e-03 -9.539116173982620239e-03 -1.615906506776809692e-02 2.436879119873046875e+02
9.672279953956604004e-01 3.802073886618018150e-03 -1.034706924110651016e-02 -1.602882705628871918e-02 2.444378814697265625e+02
9.596579074859619141e-01 3.807941218838095665e-03 -1.114851050078868866e-02 -1.588893495500087738e-02 2.451878356933593750e+02
9.514870643615722656e-01 3.812507027760148048e-03 -1.194295752793550491e-02 -1.573830470442771912e-02 2.459377899169921875e+02
9.427206516265869141e-01 3.812662791460752487e-03 -1.272987294942140579e-02 -1.557881478220224380e-02 2.466877441406250000e+02
9.333640933036804199e-01 3.809865796938538551e-03 -1.350881345570087433e-02 -1.541026961058378220e-02 2.474376831054687500e+02
9.234232902526855469e-01 3.806731430813670158e-03 -1.427932735532522202e-02 -1.523116044700145721e-02 2.481876220703125000e+02
9.129045009613037109e-01 3.798985853791236877e-03 -1.504088565707206726e-02 -1.504388544708490372e-02 2.489375457763671875e+02
9.018141627311706543e-01 3.792257979512214661e-03 -1.579307951033115387e-02 -1.484541688114404678e-02 2.496874694824218750e+02
8.901594281196594238e-01 3.781435312703251839e-03 -1.653535105288028717e-02 -1.463825255632400513e-02 2.504373779296875000e+02
8.779475092887878418e-01 3.768615191802382469e-03 -1.726726442575454712e-02 -1.442165113985538483e-02 2.511872711181640625e+02
8.651860952377319336e-01 3.752854187041521072e-03 -1.798834651708602905e-02 -1.419628225266933441e-02 2.519371643066406250e+02
8.518831729888916016e-01 3.734511556103825569e-03 -1.869816146790981293e-02 -1.396224927157163620e-02 2.526870422363281250e+02
8.380470871925354004e-01 3.715072991326451302e-03 -1.939627341926097870e-02 -1.371874846518039703e-02 2.534369201660156250e+02
8.236865401268005371e-01 3.691629739478230476e-03 -2.008221112191677094e-02 -1.346753723919391632e-02 2.541867828369140625e+02
8.088104128837585449e-01 3.667046548798680305e-03 -2.075558714568614960e-02 -1.320737227797508240e-02 2.549366302490234375e+02
7.934281826019287109e-01 3.638772992417216301e-03 -2.141595631837844849e-02 -1.293980702757835388e-02 2.556864776611328125e+02
7.775493264198303223e-01 3.608866361901164055e-03 -2.206294611096382141e-02 -1.266408711671829224e-02 2.564363098144531250e+02
7.611838579177856445e-01 3.578322008252143860e-03 -2.269615046679973602e-02 -1.237948052585124969e-02 2.571861267089843750e+02
7.443420886993408203e-01 3.545071464031934738e-03 -2.331512421369552612e-02 -1.208704058080911636e-02 2.579359436035156250e+02
7.270345091819763184e-01 3.507150337100028992e-03 -2.391947619616985321e-02 -1.178849767893552780e-02 2.586857299804687500e+02
7.092719078063964844e-01 3.469196381047368050e-03 -2.450890094041824341e-02 -1.148169022053480148e-02 2.594355163574218750e+02
6.910654902458190918e-01 3.428516909480094910e-03 -2.508298493921756744e-02 -1.116795372217893600e-02 2.601853027343750000e+02
6.724265813827514648e-01 3.384744049981236458e-03 -2.564138174057006836e-02 -1.084796525537967682e-02 2.609350585937500000e+02
6.533668041229248047e-01 3.341052448377013206e-03 -2.618378028273582458e-02 -1.052006240934133530e-02 2.616848144531250000e+02
6.338981986045837402e-01 3.293672809377312660e-03 -2.670978382229804993e-02 -1.018633227795362473e-02 2.624345703125000000e+02
6.140328645706176758e-01 3.244212828576564789e-03 -2.721909992396831512e-02 -9.846446104347705841e-03 2.631842956542968750e+02
5.937831997871398926e-01 3.195565659552812576e-03 -2.771142311394214630e-02 -9.498615749180316925e-03 2.639340209960937500e+02
5.731620192527770996e-01 3.141273278743028641e-03 -2.818635478615760803e-02 -9.146586060523986816e-03 2.646837463378906250e+02
5.521820783615112305e-01 3.084589960053563118e-03 -2.864368446171283722e-02 -8.789620362222194672e-03 2.654334411621093750e+02
5.308564305305480957e-01 3.028145059943199158e-03 -2.908316627144813538e-02 -8.426304906606674194e-03 2.661831359863281250e+02
5.091984868049621582e-01 2.971136244013905525e-03 -2.950448170304298401e-02 -8.056685328483581543e-03 2.669328308105468750e+02
4.872218370437622070e-01 2.908702939748764038e-03 -2.990731596946716309e-02 -7.683943491429090500e-03 2.676824951171875000e+02
4.649400711059570312e-01 2.846413524821400642e-03 -3.029151260852813721e-02 -7.305711973458528519e-03 2.684321594238281250e+02
4.423671662807464600e-01 2.783420262858271599e-03 -3.065679781138896942e-02 -6.922160740941762924e-03 2.691818237304687500e+02
4.195172786712646484e-01 2.716487506404519081e-03 -3.100290521979331970e-02 -6.535437889397144318e-03 2.699314880371093750e+02
3.964045941829681396e-01 2.646385692059993744e-03 -3.132967650890350342e-02 -6.146074272692203522e-03 2.706811218261718750e+02
3.730434477329254150e-01 2.580266911536455154e-03 -3.163697943091392517e-02 -5.749873816967010498e-03 2.714307556152343750e+02
3.494486212730407715e-01 2.509479410946369171e-03 -3.192447125911712646e-02 -5.351164843887090683e-03 2.721803894042968750e+02
3.256347477436065674e-01 2.435365458950400352e-03 -3.219202905893325806e-02 -4.950360395014286041e-03 2.729300231933593750e+02
3.016166090965270996e-01 2.362879458814859390e-03 -3.243954852223396301e-02 -4.544907715171575546e-03 2.736796264648437500e+02
2.774092853069305420e-01 2.287391573190689087e-03 -3.266679495573043823e-02 -4.137219861149787903e-03 2.744292297363281250e+02
2.530278563499450684e-01 2.213371451944112778e-03 -3.287365660071372986e-02 -3.724969923496246338e-03 2.751788330078125000e+02
2.284876555204391479e-01 2.132672816514968872e-03 -3.305990621447563171e-02 -3.313114168122410774e-03 2.759284362792968750e+02
2.038038223981857300e-01 2.052949508652091026e-03 -3.322556242346763611e-02 -2.898468170315027237e-03 2.766780395507812500e+02
1.789918243885040283e-01 1.969856442883610725e-03 -3.337048739194869995e-02 -2.483587479218840599e-03 2.774276428222656250e+02
1.540670394897460938e-01 1.888235681690275669e-03 -3.349466621875762939e-02 -2.066142391413450241e-03 2.781772155761718750e+02
1.290450990200042725e-01 1.806189655326306820e-03 -3.359797224402427673e-02 -1.646811375394463539e-03 2.789267883300781250e+02
1.039416193962097168e-01 1.724231988191604614e-03 -3.368031233549118042e-02 -1.225240179337561131e-03 2.796763610839843750e+02
7.877232134342193604e-02 1.638048561289906502e-03 -3.374157473444938660e-02 -8.042925037443637848e-04 2.804259338378906250e+02
5.355279892683029175e-02 1.552007975988090038e-03 -3.378178924322128296e-02 -3.823143488261848688e-04 2.811755065917968750e+02
2.829883433878421783e-02 1.462978776544332504e-03 -3.380090370774269104e-02 3.860011929646134377e-05 2.819250793457031250e+02
3.026092424988746643e-03 1.375914318487048149e-03 -3.379897400736808777e-02 4.608941962942481041e-04 2.826746520996093750e+02
-2.224955521523952484e-02 1.284717465750873089e-03 -3.377592936158180237e-02 8.810017025098204613e-04 2.834242248535156250e+02
-4.751248657703399658e-02 1.195682794786989689e-03 -3.373187780380249023e-02 1.301859389059245586e-03 2.841737976074218750e+02
-7.274684309959411621e-02 1.104450086131691933e-03 -3.366678580641746521e-02 1.721149310469627380e-03 2.849233703613281250e+02
-9.793697297573089600e-02 1.014851499348878860e-03 -3.358072787523269653e-02 2.140747616067528725e-03 2.856729431152343750e+02
-1.230670735239982605e-01 9.222782100550830364e-04 -3.347368910908699036e-02 2.557956380769610405e-03 2.864225158691406250e+02
-1.481215655803680420e-01 8.307796670123934746e-04 -3.334579244256019592e-02 2.974492730572819710e-03 2.871720886230468750e+02
-1.730847656726837158e-01 7.378530572168529034e-04 -3.319706767797470093e-02 3.388894954696297646e-03 2.879216613769531250e+02
-1.979411244392395020e-01 6.453148089349269867e-04 -3.302762284874916077e-02 3.801828017458319664e-03 2.886712646484375000e+02
-2.226750850677490234e-01 5.482853157445788383e-04 -3.283753246068954468e-02 4.209869541227817535e-03 2.894208679199218750e+02
-2.472714036703109741e-01 4.546404525171965361e-04 -3.262703865766525269e-02 4.616767633706331253e-03 2.901704711914062500e+02
-2.717146277427673340e-01 3.598757612053304911e-04 -3.239620104432106018e-02 5.020373500883579254e-03 2.909200744628906250e+02
-2.959895431995391846e-01 2.672102709766477346e-04 -3.214518353343009949e-02 5.422363523393869400e-03 2.916696777343750000e+02
-3.200809359550476074e-01 1.719966821838170290e-04 -3.187406435608863831e-02 5.820032674819231033e-03 2.924192810058593750e+02
-3.439738452434539795e-01 7.986056880326941609e-05 -3.158306330442428589e-02 6.216217763721942902e-03 2.931689147949218750e+02
-3.676532208919525146e-01 -1.802292536012828350e-05 -3.127225115895271301e-02 6.605591159313917160e-03 2.939185485839843750e+02
-3.911044895648956299e-01 -1.126132628996856511e-04 -3.094197250902652740e-02 6.992178037762641907e-03 2.946681823730468750e+02
-4.143128991127014160e-01 -2.087611355818808079e-04 -3.059236332774162292e-02 7.373439148068428040e-03 2.954178161621093750e+02
-4.372640252113342285e-01 -3.032508830074220896e-04 -3.022369183599948883e-02 7.750764954835176468e-03 2.961674499511718750e+02
-4.599435031414031982e-01 -3.957081353291869164e-04 -2.983615361154079437e-02 8.124690502882003784e-03 2.969171142578125000e+02
-4.823370873928070068e-01 -4.911035066470503807e-04 -2.942992001771926880e-02 8.492136374115943909e-03 2.976667785644531250e+02
-5.044308900833129883e-01 -5.867540603503584862e-04 -2.900531329214572906e-02 8.853581734001636505e-03 2.984164428710937500e+02
-5.262111425399780273e-01 -6.787791498936712742e-04 -2.856263332068920135e-02 9.211267344653606415e-03 2.991661376953125000e+02
-5.476641058921813965e-01 -7.734938990324735641e-04 -2.810207009315490723e-02 9.561661630868911743e-03 2.999158325195312500e+02
-5.687765479087829590e-01 -8.663526969030499458e-04 -2.762398682534694672e-02 9.906584396958351135e-03 3.006655273437500000e+02
-5.895351767539978027e-01 -9.572736453264951706e-04 -2.712865732610225677e-02 1.024632342159748077e-02 3.014152526855468750e+02
-6.099269986152648926e-01 -1.050052698701620102e-03 -2.661634050309658051e-02 1.057847402989864349e-02 3.021649780273437500e+02
-6.299393773078918457e-01 -1.141100306995213032e-03 -2.608741633594036102e-02 1.090443320572376251e-02 3.029147033691406250e+02
-6.495597362518310547e-01 -1.230772468261420727e-03 -2.554219402372837067e-02 1.122408919036388397e-02 3.036644592285156250e+02
-6.687757968902587891e-01 -1.321088406257331371e-03 -2.498099021613597870e-02 1.153602916747331619e-02 3.044142150878906250e+02
-6.875756382942199707e-01 -1.409602817147970200e-03 -2.440418861806392670e-02 1.184123102575540543e-02 3.051639709472656250e+02
-7.059473991394042969e-01 -1.494947704486548901e-03 -2.381212636828422546e-02 1.214078627526760101e-02 3.059137573242187500e+02
-7.238795161247253418e-01 -1.583985867910087109e-03 -2.320508658885955811e-02 1.243049651384353638e-02 3.066635437011718750e+02
-7.413609623908996582e-01 -1.670446130447089672e-03 -2.258356101810932159e-02 1.271289214491844177e-02 3.074133300781250000e+02
-7.583807110786437988e-01 -1.755021396093070507e-03 -2.194791659712791443e-02 1.298782229423522949e-02 3.081631469726562500e+02
-7.749280333518981934e-01 -1.839668955653905869e-03 -2.129852585494518280e-02 1.325400732457637787e-02 3.089129638671875000e+02
-7.909926772117614746e-01 -1.922585768625140190e-03 -2.063582465052604675e-02 1.351208705455064774e-02 3.096627807617187500e+02
-8.065645694732666016e-01 -2.002978231757879257e-03 -1.996022090315818787e-02 1.376262865960597992e-02 3.104126281738281250e+02
-8.216338753700256348e-01 -2.084092702716588974e-03 -1.927208900451660156e-02 1.400364469736814499e-02 3.111624755859375000e+02
-8.361912369728088379e-01 -2.163358032703399658e-03 -1.857190765440464020e-02 1.423605158925056458e-02 3.119123229980468750e+02
-8.502275347709655762e-01 -2.240520669147372246e-03 -1.786010526120662689e-02 1.446003653109073639e-02 3.126622009277343750e+02
-8.637338876724243164e-01 -2.317896345630288124e-03 -1.713710278272628784e-02 1.467407029122114182e-02 3.134120788574218750e+02
-8.767019510269165039e-01 -2.391855232417583466e-03 -1.640339940786361694e-02 1.487995684146881104e-02 3.141619567871093750e+02
-8.891234993934631348e-01 -2.464777790009975433e-03 -1.565940119326114655e-02 1.507657021284103394e-02 3.149118652343750000e+02
-9.009907841682434082e-01 -2.537372522056102753e-03 -1.490557286888360977e-02 1.526310481131076813e-02 3.156617736816406250e+02
-9.122964143753051758e-01 -2.607855712994933128e-03 -1.414241734892129898e-02 1.544022746384143829e-02 3.164116821289062500e+02
-9.230332374572753906e-01 -2.675852039828896523e-03 -1.337040588259696960e-02 1.560824643820524216e-02 3.171615905761718750e+02
-9.331945180892944336e-01 -2.743118908256292343e-03 -1.258999388664960861e-02 1.576610282063484192e-02 3.179115295410156250e+02
-9.427739381790161133e-01 -2.808163175359368324e-03 -1.180168893188238144e-02 1.591438427567481995e-02 3.186614685058593750e+02
-9.517654180526733398e-01 -2.872912446036934853e-03 -1.100596971809864044e-02 1.605179533362388611e-02 3.194114074707031250e+02
-9.601633548736572266e-01 -2.934038406237959862e-03 -1.020338013768196106e-02 1.618002727627754211e-02 3.201613464355468750e+02
-9.679624438285827637e-01 -2.994291251525282860e-03 -9.394378401339054108e-03 1.629769243299961090e-02 3.209113159179687500e+02
-9.751578569412231445e-01 -3.052645595744252205e-03 -8.579493500292301178e-03 1.640506461262702942e-02 3.216612854003906250e+02
-9.817450046539306641e-01 -3.107854397967457771e-03 -7.759240455925464630e-03 1.650293730199337006e-02 3.224112548828125000e+02
-9.877197742462158203e-01 -3.162877634167671204e-03 -6.934093777090311050e-03 1.658958941698074341e-02 3.231612243652343750e+02
-9.930784702301025391e-01 -3.215275239199399948e-03 -6.104614119976758957e-03 1.666602678596973419e-02 3.239111938476562500e+02
-9.978176355361938477e-01 -3.265505656599998474e-03 -5.271312780678272247e-03 1.673207990825176239e-02 3.246611938476562500e+02
-1.001934409141540527e+00 -3.313564928248524666e-03 -4.434708971530199051e-03 1.678774133324623108e-02 3.254111938476562500e+02
-1.005426049232482910e+00 -3.358994144946336746e-03 -3.595321904867887497e-03 1.683332584798336029e-02 3.261611938476562500e+02
-1.008290529251098633e+00 -3.403499489650130272e-03 -2.753655659034848213e-03 1.686779223382472992e-02 3.269111938476562500e+02
-1.010525941848754883e+00 -3.445617621764540672e-03 -1.910266000777482986e-03 1.689170487225055695e-02 3.276611938476562500e+02
-1.012130975723266602e+00 -3.484730143100023270e-03 -1.065680757164955139e-03 1.690555363893508911e-02 3.284111938476562500e+02
-1.013104438781738281e+00 -3.522667102515697479e-03 -2.204030752182006836e-04 1.690833456814289093e-02 3.291611938476562500e+02
-1.013445854187011719e+00 -3.558556549251079559e-03 6.250136648304760456e-04 1.690027862787246704e-02 3.299111938476562500e+02
-1.013154983520507812e+00 -3.591495566070079803e-03 1.470027607865631580e-03 1.688194461166858673e-02 3.306611938476562500e+02
-1.012232065200805664e+00 -3.622788004577159882e-03 2.314124722033739090e-03 1.685266569256782532e-02 3.314111938476562500e+02
-1.010677576065063477e+00 -3.651319304481148720e-03 3.156757913529872894e-03 1.681301183998584747e-02 3.321611938476562500e+02
-1.008492588996887207e+00 -3.677529050037264824e-03 3.997408319264650345e-03 1.676285639405250549e-02 3.329111938476562500e+02
-1.005678415298461914e+00 -3.701427485793828964e-03 4.835551138967275620e-03 1.670222729444503784e-02 3.336611938476562500e+02
-1.002236843109130859e+00 -3.722038818523287773e-03 5.670662503689527512e-03 1.663184538483619690e-02 3.344111938476562500e+02
-9.981699585914611816e-01 -3.742387052625417709e-03 6.502254866063594818e-03 1.654997654259204865e-02 3.351611938476562500e+02
-9.934804439544677734e-01 -3.759133629500865936e-03 7.329753600060939789e-03 1.645826734602451324e-02 3.359111938476562500e+02
-9.881711006164550781e-01 -3.773170523345470428e-03 8.152667433023452759e-03 1.635658740997314453e-02 3.366611633300781250e+02
-9.822453260421752930e-01 -3.787109861150383949e-03 8.970497176051139832e-03 1.624329015612602234e-02 3.374111328125000000e+02
-9.757068753242492676e-01 -3.797653131186962128e-03 9.782661683857440948e-03 1.611992903053760529e-02 3.381611022949218750e+02
-9.685598611831665039e-01 -3.803927218541502953e-03 1.058865804225206375e-02 1.598753966391086578e-02 3.389110717773437500e+02
-9.608086943626403809e-01 -3.808660665526986122e-03 1.138803549110889435e-02 1.584496907889842987e-02 3.396610412597656250e+02
-9.524582624435424805e-01 -3.811758710071444511e-03 1.218028366565704346e-02 1.569208130240440369e-02 3.404109802246093750e+02
-9.435138702392578125e-01 -3.811463015154004097e-03 1.296488754451274872e-02 1.552994176745414734e-02 3.411609191894531250e+02
-9.339810609817504883e-01 -3.810141934081912041e-03 1.374138426035642624e-02 1.535734906792640686e-02 3.419108581542968750e+02
-9.238658547401428223e-01 -3.805910702794790268e-03 1.450925134122371674e-02 1.517524477094411850e-02 3.426607971191406250e+02
-9.131745696067810059e-01 -3.797708312049508095e-03 1.526801381260156631e-02 1.498467382043600082e-02 3.434107360839843750e+02
-9.019138813018798828e-01 -3.787893569096922874e-03 1.601724699139595032e-02 1.478468813002109528e-02 3.441606445312500000e+02
-8.900908231735229492e-01 -3.778059501200914383e-03 1.675648055970668793e-02 1.457403693348169327e-02 3.449105529785156250e+02
-8.777129054069519043e-01 -3.764418885111808777e-03 1.748518273234367371e-02 1.435466110706329346e-02 3.456604614257812500e+02
-8.647878766059875488e-01 -3.747562645003199577e-03 1.820291578769683838e-02 1.412678789347410202e-02 3.464103393554687500e+02
-8.513237833976745605e-01 -3.728700801730155945e-03 1.890925504267215729e-02 1.389002893120050430e-02 3.471602172851562500e+02
-8.373290896415710449e-01 -3.708052914589643478e-03 1.960375718772411346e-02 1.364427153021097183e-02 3.479100952148437500e+02
-8.228125572204589844e-01 -3.683765418827533722e-03 2.028597146272659302e-02 1.339078694581985474e-02 3.486599426269531250e+02
-8.077832460403442383e-01 -3.658901434391736984e-03 2.095551043748855591e-02 1.312806922942399979e-02 3.494097900390625000e+02
-7.922506928443908691e-01 -3.631897503510117531e-03 2.161191403865814209e-02 1.285677030682563782e-02 3.501596374511718750e+02
-7.762245535850524902e-01 -3.600391326472163200e-03 2.225475199520587921e-02 1.257866900414228439e-02 3.509094543457031250e+02
-7.597148418426513672e-01 -3.567721229046583176e-03 2.288368530571460724e-02 1.229241210967302322e-02 3.516592712402343750e+02
-7.427319288253784180e-01 -3.533309325575828552e-03 2.349830605089664459e-02 1.199822314083576202e-02 3.524090881347656250e+02
-7.252864241600036621e-01 -3.495362121611833572e-03 2.409821748733520508e-02 1.169739197939634323e-02 3.531588745117187500e+02
-7.073892354965209961e-01 -3.457580227404832840e-03 2.468308620154857635e-02 1.138800382614135742e-02 3.539086608886718750e+02
-6.890516281127929688e-01 -3.416065592318773270e-03 2.525248564779758453e-02 1.107216347008943558e-02 3.546584472656250000e+02
-6.702850461006164551e-01 -3.370820544660091400e-03 2.580609358847141266e-02 1.075064856559038162e-02 3.554082031250000000e+02
-6.511011123657226562e-01 -3.326488891616463661e-03 2.634362690150737762e-02 1.042101066559553146e-02 3.561579589843750000e+02
-6.315119266510009766e-01 -3.279073396697640419e-03 2.686467766761779785e-02 1.008520741015672684e-02 3.569077148437500000e+02
-6.115297079086303711e-01 -3.230727976188063622e-03 2.736893855035305023e-02 9.742302820086479187e-03 3.576574401855468750e+02
-5.911670327186584473e-01 -3.179058898240327835e-03 2.785605378448963165e-02 9.393800981342792511e-03 3.584071655273437500e+02
-5.704365968704223633e-01 -3.124485723674297333e-03 2.832574397325515747e-02 9.040108881890773773e-03 3.591568908691406250e+02
-5.493512749671936035e-01 -3.067755606025457382e-03 2.877775020897388458e-02 8.681292645633220673e-03 3.599065856933593750e+02
-5.279242396354675293e-01 -3.010472515597939491e-03 2.921181544661521912e-02 8.316571824252605438e-03 3.606562805175781250e+02
-5.061689615249633789e-01 -2.953124232590198517e-03 2.962764352560043335e-02 7.945373654365539551e-03 3.614059753417968750e+02
-4.840990602970123291e-01 -2.890351228415966034e-03 3.002491220831871033e-02 7.571055088192224503e-03 3.621556396484375000e+02
-4.617282152175903320e-01 -2.827512333169579506e-03 3.040346503257751465e-02 7.191397249698638916e-03 3.629053039550781250e+02
-4.390704333782196045e-01 -2.764915116131305695e-03 3.076303564012050629e-02 6.805833894759416580e-03 3.636549682617187500e+02
-4.161399602890014648e-01 -2.696466166526079178e-03 3.110332787036895752e-02 6.418178323656320572e-03 3.644046325683593750e+02
-3.929509818553924561e-01 -2.626543864607810974e-03 3.142423555254936218e-02 6.027117837220430374e-03 3.651542663574218750e+02
-3.695179522037506104e-01 -2.559819724410772324e-03 3.172559291124343872e-02 5.629598628729581833e-03 3.659039001464843750e+02
-3.458556830883026123e-01 -2.487042918801307678e-03 3.200707212090492249e-02 5.230656359344720840e-03 3.666535339355468750e+02
-3.219787776470184326e-01 -2.413057954981923103e-03 3.226860612630844116e-02 4.828759469091892242e-03 3.674031677246093750e+02
-2.979021072387695312e-01 -2.338997321203351021e-03 3.251004591584205627e-02 4.423299338668584824e-03 3.681527709960937500e+02
-2.736407518386840820e-01 -2.264703158289194107e-03 3.273121267557144165e-02 4.014165606349706650e-03 3.689023742675781250e+02
-2.492098957300186157e-01 -2.189463702961802483e-03 3.293192014098167419e-02 3.601681673899292946e-03 3.696519775390625000e+02
-2.246248275041580200e-01 -2.109390217810869217e-03 3.311200439929962158e-02 3.188673174008727074e-03 3.704015808105468750e+02
-1.999007761478424072e-01 -2.029369352385401726e-03 3.327143937349319458e-02 2.773240907117724419e-03 3.711511840820312500e+02
-1.750532090663909912e-01 -1.945525873452425003e-03 3.341010212898254395e-02 2.357936929911375046e-03 3.719007873535156250e+02
-1.500975191593170166e-01 -1.863742712885141373e-03 3.352800011634826660e-02 1.939870649948716164e-03 3.726503601074218750e+02
-1.250493675470352173e-01 -1.780871883966028690e-03 3.362499549984931946e-02 1.520396559499204159e-03 3.733999328613281250e+02
-9.992437064647674561e-02 -1.698981621302664280e-03 3.370101377367973328e-02 1.098313136026263237e-03 3.741495056152343750e+02
-7.473829388618469238e-02 -1.611536252312362194e-03 3.375592827796936035e-02 6.777347298339009285e-04 3.748990783691406250e+02
