1.000000000000000000e+00 0.000000000000000000e+00 3.333333507180213928e-02 0.000000000000000000e+00 0.000000000000000000e+00
1.024995326995849609e+00 -3.568254411220550537e-01 3.333333507180213928e-02 -2.521370053291320801e-01 7.495833635330200195e-01
1.032159328460693359e+00 -4.890954494476318359e-01 2.072648331522941589e-02 -4.804835021495819092e-01 1.499761343002319336e+00
1.023253560066223145e+00 -4.446538090705871582e-01 -3.297692164778709412e-03 -6.433423757553100586e-01 2.250107049942016602e+00
9.985477328300476074e-01 -2.836989462375640869e-01 -3.546480834484100342e-02 -7.205813527107238770e-01 3.000029563903808594e+00
9.577786922454833984e-01 -6.147992610931396484e-02 -7.149387896060943604e-02 -7.069682478904724121e-01 3.749054908752441406e+00
9.011378288269042969e-01 2.896803915500640869e-01 -1.068422943353652954e-01 -5.282157659530639648e-01 4.496919631958007812e+00
8.355599045753479004e-01 6.489695906639099121e-01 -1.332530826330184937e-01 -2.158026099205017090e-01 5.244187355041503906e+00
7.680764198303222656e-01 7.642410993576049805e-01 -1.440432071685791016e-01 6.406965851783752441e-02 5.991849899291992188e+00
6.982335448265075684e-01 7.240779399871826172e-01 -1.408397257328033447e-01 2.914816439151763916e-01 6.739567756652832031e+00
6.287980675697326660e-01 5.796524882316589355e-01 -1.262656450271606445e-01 4.478264451026916504e-01 7.487223625183105469e+00
5.631021857261657715e-01 3.823427557945251465e-01 -1.038743257522583008e-01 5.301775336265563965e-01 8.234902381896972656e+00
5.043505430221557617e-01 1.779893189668655396e-01 -7.736545056104660034e-02 5.483888387680053711e-01 8.982842445373535156e+00
4.552571773529052734e-01 -8.927285671234130859e-04 -4.994601011276245117e-02 5.186591148376464844e-01 9.731287002563476562e+00
4.177686572074890137e-01 -1.363649517297744751e-01 -2.401305362582206726e-02 4.587068259716033936e-01 1.048034954071044922e+01
3.929443061351776123e-01 -2.245820760726928711e-01 -1.077711582183837891e-03 3.834236264228820801e-01 1.122996997833251953e+01
3.809069395065307617e-01 -2.722389698028564453e-01 1.809347048401832581e-02 3.025535345077514648e-01 1.197995758056640625e+01
3.808665871620178223e-01 -2.910728454589843750e-01 3.322114795446395874e-02 2.207534760236740112e-01 1.273008155822753906e+01
3.912322521209716797e-01 -2.928254902362823486e-01 4.425882175564765930e-02 1.391409337520599365e-01 1.348015117645263672e+01
4.097886085510253906e-01 -2.819578945636749268e-01 5.121586844325065613e-02 6.019427627325057983e-02 1.423006439208984375e+01
4.341043233871459961e-01 -2.541989088058471680e-01 5.422558262944221497e-02 -8.732646703720092773e-03 1.497980308532714844e+01
4.620623290538787842e-01 -2.090391218662261963e-01 5.378894880414009094e-02 -6.102801486849784851e-02 1.572938919067382812e+01
4.919477403163909912e-01 -1.524855345487594604e-01 5.073754861950874329e-02 -9.405728429555892944e-02 1.647886657714843750e+01
5.223701000213623047e-01 -9.309408813714981079e-02 4.603468626737594604e-02 -1.087793409824371338e-01 1.722828865051269531e+01
5.522341728210449219e-01 -3.863009437918663025e-02 4.059571772813796997e-02 -1.084748655557632446e-01 1.797770881652832031e+01
5.807427167892456055e-01 5.588505417108535767e-03 3.517197445034980774e-02 -9.747712314128875732e-02 1.872716903686523438e+01
6.073955297470092773e-01 3.704988211393356323e-02 3.029811754822731018e-02 -8.018681406974792480e-02 1.947669601440429688e+01
6.319673061370849609e-01 5.563388392329216003e-02 2.628877758979797363e-02 -6.044671684503555298e-02 2.022629547119140625e+01
6.544623374938964844e-01 6.288269907236099243e-02 2.326644212007522583e-02 -4.123174399137496948e-02 2.097596359252929688e+01
6.750538945198059082e-01 6.126240640878677368e-02 2.120485529303550720e-02 -2.456364594399929047e-02 2.172568702697753906e+01
6.940187811851501465e-01 5.355904996395111084e-02 1.997667364776134491e-02 -1.156768109649419785e-02 2.247545433044433594e+01
7.116777300834655762e-01 4.244155436754226685e-02 1.939828880131244659e-02 -2.613853663206100464e-03 2.322525024414062500e+01
7.283471822738647461e-01 3.017835319042205811e-02 1.926759630441665649e-02 2.496835775673389435e-03 2.397506713867187500e+01
7.443056106567382812e-01 1.849090680480003357e-02 1.939243823289871216e-02 4.336751066148281097e-03 2.472489929199218750e+01
7.597733736038208008e-01 8.515555411577224731e-03 1.960927620530128479e-02 3.670744597911834717e-03 2.547474098205566406e+01
7.749050855636596680e-01 8.495398797094821930e-04 1.979281380772590637e-02 1.309628132730722427e-03 2.622458839416503906e+01
7.897911667823791504e-01 -4.352018237113952637e-03 1.985829509794712067e-02 -1.995392842218279839e-03 2.697444152832031250e+01
8.044663667678833008e-01 -7.257984951138496399e-03 1.975852623581886292e-02 -5.618792492896318436e-03 2.772429847717285156e+01
8.189214468002319336e-01 -8.241273462772369385e-03 1.947758719325065613e-02 -9.091263636946678162e-03 2.847415924072265625e+01
8.331167101860046387e-01 -7.772973738610744476e-03 1.902302354574203491e-02 -1.210287585854530334e-02 2.922402572631835938e+01
8.469945192337036133e-01 -6.340213119983673096e-03 1.841787993907928467e-02 -1.448840554803609848e-02 2.997389793395996094e+01
8.604902029037475586e-01 -4.386667162179946899e-03 1.769345998764038086e-02 -1.620063930749893188e-02 3.072377586364746094e+01
8.735402822494506836e-01 -2.277414547279477119e-03 1.688342727720737457e-02 -1.727945357561111450e-02 3.147366142272949219e+01
8.860883712768554688e-01 -2.821744419634342194e-04 1.601945422589778900e-02 -1.782018132507801056e-02 3.222355651855468750e+01
8.980883359909057617e-01 1.423966838046908379e-03 1.512844488024711609e-02 -1.794661581516265869e-02 3.297346115112304688e+01
9.095054268836975098e-01 2.751125488430261612e-03 1.423111371695995331e-02 -1.778853684663772583e-02 3.372337341308593750e+01
9.203159213066101074e-01 3.677933011204004288e-03 1.334168668836355209e-02 -1.746589317917823792e-02 3.447329711914062500e+01
9.305057525634765625e-01 4.232792649418115616e-03 1.246839202940464020e-02 -1.707883551716804504e-02 3.522322845458984375e+01
9.400684237480163574e-01 4.475538618862628937e-03 1.161445025354623795e-02 -1.670292951166629791e-02 3.597316741943359375e+01
9.490028023719787598e-01 4.481399431824684143e-03 1.077930349856615067e-02 -1.638843677937984467e-02 3.672311401367187500e+01
9.573111534118652344e-01 4.328266251832246780e-03 9.959882125258445740e-03 -1.616249233484268188e-02 3.747306823730468750e+01
9.649973511695861816e-01 4.087592475116252899e-03 9.151757694780826569e-03 -1.603305526077747345e-02 3.822303009033203125e+01
9.720654487609863281e-01 3.817762946709990501e-03 8.350105024874210358e-03 -1.599436812102794647e-02 3.897299575805664062e+01
9.785188436508178711e-01 3.562717000022530556e-03 7.550386711955070496e-03 -1.603128388524055481e-02 3.972296905517578125e+01
9.843596816062927246e-01 3.351064631715416908e-03 6.748822517693042755e-03 -1.612398214638233185e-02 4.047294616699218750e+01
9.895887970924377441e-01 3.197976853698492050e-03 5.942623596638441086e-03 -1.625134982168674469e-02 4.122292709350585938e+01
9.942056536674499512e-01 3.107047639787197113e-03 5.130056291818618774e-03 -1.639399863779544830e-02 4.197291183471679688e+01
9.982085227966308594e-01 3.073898609727621078e-03 4.310356453061103821e-03 -1.653564348816871643e-02 4.272290039062500000e+01
1.001595020294189453e+00 3.089115023612976074e-03 3.483574371784925461e-03 -1.666386611759662628e-02 4.347289276123046875e+01
1.004362106323242188e+00 3.140657441690564156e-03 2.650381065905094147e-03 -1.677033118903636932e-02 4.422288894653320312e+01
1.006506919860839844e+00 3.216109471395611763e-03 1.811864553019404411e-03 -1.685035414993762970e-02 4.497288513183593750e+01
1.008026599884033203e+00 3.303649369627237320e-03 9.693468455225229263e-04 -1.690258644521236420e-02 4.572288513183593750e+01
1.008918762207031250e+00 3.393853548914194107e-03 1.242175349034368992e-04 -1.692777872085571289e-02 4.647288513183593750e+01
1.009181618690490723e+00 3.479188075289130211e-03 -7.221713894978165627e-04 -1.692849956452846527e-02 4.722288513183593750e+01
1.008813977241516113e+00 3.555069211870431900e-03 -1.568596344441175461e-03 -1.690788753330707550e-02 4.797288513183593750e+01
1.007815241813659668e+00 3.618804505094885826e-03 -2.413990674540400505e-03 -1.686946675181388855e-02 4.872288513183593750e+01
1.006185650825500488e+00 3.670155303552746773e-03 -3.257464151829481125e-03 -1.681616529822349548e-02 4.947288513183593750e+01
1.003926038742065430e+00 3.709746291860938072e-03 -4.098272416740655899e-03 -1.675057783722877502e-02 5.022288131713867188e+01
1.001037836074829102e+00 3.738648490980267525e-03 -4.935801494866609573e-03 -1.667496189475059509e-02 5.097287750244140625e+01
9.975229501724243164e-01 3.758799983188509941e-03 -5.769549403339624405e-03 -1.659076660871505737e-02 5.172286987304687500e+01
9.933837652206420898e-01 3.772435244172811508e-03 -6.599087733775377274e-03 -1.649869419634342194e-02 5.247285842895507812e+01
9.886230826377868652e-01 3.781241830438375473e-03 -7.424022536724805832e-03 -1.639914698898792267e-02 5.322284317016601562e+01
9.832441806793212891e-01 3.787192516028881073e-03 -8.243979886174201965e-03 -1.629179902374744415e-02 5.397282409667968750e+01
9.772506356239318848e-01 3.791016992181539536e-03 -9.058569557964801788e-03 -1.617653109133243561e-02 5.472280120849609375e+01
9.706463217735290527e-01 3.793539013713598251e-03 -9.867396205663681030e-03 -1.605290919542312622e-02 5.547277069091796875e+01
9.634355902671813965e-01 3.795363008975982666e-03 -1.067004166543483734e-02 -1.592035591602325439e-02 5.622273635864257812e+01
9.556229710578918457e-01 3.796370234340429306e-03 -1.146605983376502991e-02 -1.577856391668319702e-02 5.697269439697265625e+01
9.472134113311767578e-01 3.796656383201479912e-03 -1.225498784333467484e-02 -1.562708802521228790e-02 5.772264862060546875e+01
9.382122159004211426e-01 3.795721335336565971e-03 -1.303634233772754669e-02 -1.546584814786911011e-02 5.847259521484375000e+01
9.286249876022338867e-01 3.793348325416445732e-03 -1.380963437259197235e-02 -1.529471855610609055e-02 5.922253417968750000e+01
9.184577465057373047e-01 3.789354814216494560e-03 -1.457437034696340561e-02 -1.511361449956893921e-02 5.997246551513671875e+01
9.077168107032775879e-01 3.783442080020904541e-03 -1.533005107194185257e-02 -1.492258533835411072e-02 6.072238922119140625e+01
8.964088559150695801e-01 3.775256220251321793e-03 -1.607618108391761780e-02 -1.472182292491197586e-02 6.147230529785156250e+01
8.845409750938415527e-01 3.764593042433261871e-03 -1.681227236986160278e-02 -1.451154239475727081e-02 6.222220993041992188e+01
8.721205592155456543e-01 3.751737065613269806e-03 -1.753784902393817902e-02 -1.429169438779354095e-02 6.297210693359375000e+01
8.591554164886474609e-01 3.736163955181837082e-03 -1.825243420898914337e-02 -1.406270638108253479e-02 6.372199630737304688e+01
8.456536531448364258e-01 3.717737970873713493e-03 -1.895556971430778503e-02 -1.382493227720260620e-02 6.447187805175781250e+01
8.316236734390258789e-01 3.696499392390251160e-03 -1.964681595563888550e-02 -1.357867103070020676e-02 6.522174835205078125e+01
8.170742988586425781e-01 3.672665683552622795e-03 -2.032575011253356934e-02 -1.332410331815481186e-02 6.597160339355468750e+01
8.020146489143371582e-01 3.647160017862915993e-03 -2.099195495247840881e-02 -1.306085195392370224e-02 6.672145080566406250e+01
7.864541411399841309e-01 3.619087627157568932e-03 -2.164499834179878235e-02 -1.278949528932571411e-02 6.747129058837890625e+01
7.704025506973266602e-01 3.588032210245728493e-03 -2.228447236120700836e-02 -1.251060981303453445e-02 6.822111511230468750e+01
7.538699507713317871e-01 3.555345814675092697e-03 -2.291000261902809143e-02 -1.222369540482759476e-02 6.897093200683593750e+01
7.368666529655456543e-01 3.520295955240726471e-03 -2.352118678390979767e-02 -1.192924939095973969e-02 6.972074127197265625e+01
7.194033265113830566e-01 3.482860513031482697e-03 -2.411764860153198242e-02 -1.162753999233245850e-02 7.047053527832031250e+01
7.014909386634826660e-01 3.443829249590635300e-03 -2.469902485609054565e-02 -1.131828874349594116e-02 7.122032165527343750e+01
6.831406950950622559e-01 3.402030095458030701e-03 -2.526493929326534271e-02 -1.100232452154159546e-02 7.197010040283203125e+01
6.643640398979187012e-01 3.357633482664823532e-03 -2.581505477428436279e-02 -1.067996863275766373e-02 7.271986389160156250e+01
6.451727151870727539e-01 3.312181215733289719e-03 -2.634905278682708740e-02 -1.035054400563240051e-02 7.346961975097656250e+01
6.255787611007690430e-01 3.264143597334623337e-03 -2.686657942831516266e-02 -1.001498661935329437e-02 7.421936035156250000e+01
6.055943965911865234e-01 3.214748576283454895e-03 -2.736732922494411469e-02 -9.672850370407104492e-03 7.496909332275390625e+01
5.852321386337280273e-01 3.163296263664960861e-03 -2.785097248852252960e-02 -9.324621409177780151e-03 7.571881866455078125e+01
5.645047426223754883e-01 3.109093988314270973e-03 -2.831720374524593353e-02 -8.971040137112140656e-03 7.646852874755859375e+01
5.434250831604003906e-01 3.053505206480622292e-03 -2.876575663685798645e-02 -8.611676283180713654e-03 7.721823120117187500e+01
5.220063328742980957e-01 2.996104536578059196e-03 -2.919634059071540833e-02 -8.246883749961853027e-03 7.796792602539062500e+01
5.002619028091430664e-01 2.936771837994456291e-03 -2.960868552327156067e-02 -7.876967079937458038e-03 7.871761322021484375e+01
4.782054126262664795e-01 2.875438658520579338e-03 -3.000253438949584961e-02 -7.502251770347356796e-03 7.946728515625000000e+01
4.558506011962890625e-01 2.812932711094617844e-03 -3.037764690816402435e-02 -7.122477982193231583e-03 8.021694946289062500e+01
4.332114458084106445e-01 2.748031867668032646e-03 -3.073377162218093872e-02 -6.738543510437011719e-03 8.096660614013671875e+01
4.103020727634429932e-01 2.681130543351173401e-03 -3.107069805264472961e-02 -6.350668147206306458e-03 8.171625518798828125e+01
3.871367871761322021e-01 2.612955402582883835e-03 -3.138823062181472778e-02 -5.958721973001956940e-03 8.246589660644531250e+01
3.637300729751586914e-01 2.542709466069936752e-03 -3.168616816401481628e-02 -5.563403945416212082e-03 8.321553039550781250e+01
3.400965034961700439e-01 2.471337327733635902e-03 -3.196433931589126587e-02 -5.164493340998888016e-03 8.396515655517578125e+01
3.162508308887481689e-01 2.398681128397583961e-03 -3.222256526350975037e-02 -4.762221593409776688e-03 8.471477508544921875e+01
2.922079563140869141e-01 2.323928056284785271e-03 -3.246067464351654053e-02 -4.357351921498775482e-03 8.546438598632812500e+01
2.679828703403472900e-01 2.248382428660988808e-03 -3.267854079604148865e-02 -3.949471749365329742e-03 8.621399688720703125e+01
2.435906827449798584e-01 2.170954830944538116e-03 -3.287601470947265625e-02 -3.539402270689606667e-03 8.696360015869140625e+01
2.190466076135635376e-01 2.092416398227214813e-03 -3.305298462510108948e-02 -3.127065254375338554e-03 8.771319580078125000e+01
1.943659484386444092e-01 2.012797398492693901e-03 -3.320933878421783447e-02 -2.712646964937448502e-03 8.846279144287109375e+01
1.695640981197357178e-01 1.931552193127572536e-03 -3.334497287869453430e-02 -2.296743215993046761e-03 8.921237945556640625e+01
1.446565240621566772e-01 1.849346444942057133e-03 -3.345980867743492126e-02 -1.879315590485930443e-03 8.996196746826171875e+01
1.196587681770324707e-01 1.765820547007024288e-03 -3.355377539992332458e-02 -1.460827770642936230e-03 9.071154785156250000e+01
9.458640217781066895e-02 1.681469962932169437e-03 -3.362681716680526733e-02 -1.041290350258350372e-03 9.146112823486328125e+01
6.945506483316421509e-02 1.595965586602687836e-03 -3.367888182401657104e-02 -6.211341242305934429e-04 9.221070861816406250e+01
4.428043216466903687e-02 1.509281806647777557e-03 -3.370993956923484802e-02 -2.007135481107980013e-04 9.296028900146484375e+01
1.907818764448165894e-02 1.421621651388704777e-03 -3.371997550129890442e-02 2.197453868575394154e-04 9.370986175537109375e+01
-6.135962903499603271e-03 1.333588734269142151e-03 -3.370898962020874023e-02 6.403508596122264862e-04 9.445943450927734375e+01
-3.134627640247344971e-02 1.244824612513184547e-03 -3.367697075009346008e-02 1.060737064108252525e-03 9.520900726318359375e+01
-5.653702467679977417e-02 1.155034173280000687e-03 -3.362393379211425781e-02 1.480439794249832630e-03 9.595858764648437500e+01
-8.169250190258026123e-02 1.063853735104203224e-03 -3.354991227388381958e-02 1.898817135952413082e-03 9.670816802978515625e+01
-1.067970544099807739e-01 9.721274254843592644e-04 -3.345497325062751770e-02 2.315915888175368309e-03 9.745774841308593750e+01
-1.318350285291671753e-01 8.801209623925387859e-04 -3.333917632699012756e-02 2.731655957177281380e-03 9.820732879638671875e+01
-1.567907929420471191e-01 7.884827209636569023e-04 -3.320259228348731995e-02 3.146308241412043571e-03 9.895691680908203125e+01
-1.816487610340118408e-01 6.953286938369274139e-04 -3.304527699947357178e-02 3.558587515726685524e-03 9.970650482177734375e+01
-2.063934653997421265e-01 6.018397398293018341e-04 -3.286734595894813538e-02 3.968663979321718216e-03 1.004560928344726562e+02
-2.310094684362411499e-01 5.082095740363001823e-04 -3.266891092061996460e-02 4.376411903649568558e-03 1.012056884765625000e+02
-2.554813921451568604e-01 4.136076895520091057e-04 -3.245009109377861023e-02 4.781035706400871277e-03 1.019552917480468750e+02
-2.797940075397491455e-01 3.191391588188707829e-04 -3.221103921532630920e-02 5.182779394090175629e-03 1.027048950195312500e+02
-3.039321601390838623e-01 2.250573306810110807e-04 -3.195190057158470154e-02 5.581665784120559692e-03 1.034545059204101562e+02
-3.278807699680328369e-01 1.307620259467512369e-04 -3.167281672358512878e-02 5.977199412882328033e-03 1.042041244506835938e+02
-3.516248762607574463e-01 3.622011718107387424e-05 -3.137395530939102173e-02 6.369053386151790619e-03 1.049537506103515625e+02
-3.751496672630310059e-01 -5.917860835324972868e-05 -3.105550259351730347e-02 6.756459362804889679e-03 1.057033843994140625e+02
-3.984405100345611572e-01 -1.539276418043300509e-04 -3.071768023073673248e-02 7.139889523386955261e-03 1.064530258178710938e+02
-4.214828312397003174e-01 -2.488268073648214340e-04 -3.036068566143512726e-02 7.518718019127845764e-03 1.072026748657226562e+02
-4.442622959613800049e-01 -3.429414355196058750e-04 -2.998474985361099243e-02 7.893235422670841217e-03 1.079523315429687500e+02
-4.667646288871765137e-01 -4.370955284684896469e-04 -2.959008887410163879e-02 8.262816816568374634e-03 1.087019958496093750e+02
-4.889757931232452393e-01 -5.305414670147001743e-04 -2.917694859206676483e-02 8.627634495496749878e-03 1.094516677856445312e+02
-5.108819007873535156e-01 -6.242042290978133678e-04 -2.874556742608547211e-02 8.986936882138252258e-03 1.102013473510742188e+02
-5.324693322181701660e-01 -7.175719365477561951e-04 -2.829622104763984680e-02 9.340630844235420227e-03 1.109510345458984375e+02
-5.537245273590087891e-01 -8.103376021608710289e-04 -2.782918885350227356e-02 9.688640013337135315e-03 1.117007369995117188e+02
-5.746342539787292480e-01 -9.031398221850395203e-04 -2.734475769102573395e-02 1.003031525760889053e-02 1.124504470825195312e+02
-5.951853990554809570e-01 -9.951388929039239883e-04 -2.684324234724044800e-02 1.036579906940460205e-02 1.132001647949218750e+02
-6.153651475906372070e-01 -1.086322823539376259e-03 -2.632495202124118805e-02 1.069493312388658524e-02 1.139498901367187500e+02
-6.351608633995056152e-01 -1.176577643491327763e-03 -2.579020522534847260e-02 1.101762335747480392e-02 1.146996307373046875e+02
-6.545602083206176758e-01 -1.266892068088054657e-03 -2.523932419717311859e-02 1.133302878588438034e-02 1.154493789672851562e+02
-6.735510230064392090e-01 -1.355934655293822289e-03 -2.467267215251922607e-02 1.164156477898359299e-02 1.161991348266601562e+02
-6.921214461326599121e-01 -1.443759072571992874e-03 -2.409059368073940277e-02 1.194313354790210724e-02 1.169489059448242188e+02
-7.102597951889038086e-01 -1.531330985017120838e-03 -2.349343709647655487e-02 1.223696954548358917e-02 1.176986846923828125e+02
-7.279548048973083496e-01 -1.618125825189054012e-03 -2.288158796727657318e-02 1.252298802137374878e-02 1.184484786987304688e+02
-7.451953887939453125e-01 -1.703388756141066551e-03 -2.225543931126594543e-02 1.280143391340970993e-02 1.191982803344726562e+02
-7.619707584381103516e-01 -1.787724904716014862e-03 -2.161536738276481628e-02 1.307185739278793335e-02 1.199480895996093750e+02
-7.782703638076782227e-01 -1.870686421170830727e-03 -2.096177451312541962e-02 1.333432178944349289e-02 1.206979141235351562e+02
-7.940840721130371094e-01 -1.952799968421459198e-03 -2.029505930840969086e-02 1.358835399150848389e-02 1.214477462768554688e+02
-8.094019293785095215e-01 -2.033577766269445419e-03 -1.961564086377620697e-02 1.383399032056331635e-02 1.221975860595703125e+02
-8.242143988609313965e-01 -2.113202819600701332e-03 -1.892394199967384338e-02 1.407095789909362793e-02 1.229474411010742188e+02
-8.385121226310729980e-01 -2.191588049754500389e-03 -1.822039484977722168e-02 1.429909281432628632e-02 1.236973037719726562e+02
-8.522862195968627930e-01 -2.268358832225203514e-03 -1.750544086098670959e-02 1.451845467090606689e-02 1.244471740722656250e+02
-8.655280470848083496e-01 -2.343412255868315697e-03 -1.677951775491237640e-02 1.472903694957494736e-02 1.251970596313476562e+02
-8.782292604446411133e-01 -2.417728072032332420e-03 -1.604306511580944061e-02 1.493010111153125763e-02 1.259469528198242188e+02
-8.903819322586059570e-01 -2.490731189027428627e-03 -1.529655978083610535e-02 1.512163411825895309e-02 1.266968536376953125e+02
-9.019784331321716309e-01 -2.561528002843260765e-03 -1.454047765582799911e-02 1.530403736978769302e-02 1.274467620849609375e+02
-9.130114912986755371e-01 -2.631213981658220291e-03 -1.377527602016925812e-02 1.547662727534770966e-02 1.281966857910156250e+02
-9.234741926193237305e-01 -2.699013566598296165e-03 -1.300144474953413010e-02 1.563963480293750763e-02 1.289466094970703125e+02
-9.333599209785461426e-01 -2.765330485999584198e-03 -1.221946254372596741e-02 1.579272747039794922e-02 1.296965484619140625e+02
-9.426625370979309082e-01 -2.829681150615215302e-03 -1.142982579767704010e-02 1.593604683876037598e-02 1.304464874267578125e+02
-9.513761997222900391e-01 -2.892384538426995277e-03 -1.063302345573902130e-02 1.606933400034904480e-02 1.311964416503906250e+02
-9.594954252243041992e-01 -2.953027840703725815e-03 -9.829556569457054138e-03 1.619272492825984955e-02 1.319463958740234375e+02
-9.670151472091674805e-01 -3.012113273143768311e-03 -9.019920602440834045e-03 1.630585268139839172e-02 1.326963653564453125e+02
-9.739305973052978516e-01 -3.069312777370214462e-03 -8.204627782106399536e-03 1.640874892473220825e-02 1.334463348388671875e+02
-9.802374839782714844e-01 -3.124434500932693481e-03 -7.384190335869789124e-03 1.650145649909973145e-02 1.341963043212890625e+02
-9.859318137168884277e-01 -3.177593694999814034e-03 -6.559117697179317474e-03 1.658386923372745514e-02 1.349462890625000000e+02
-9.910100102424621582e-01 -3.228942397981882095e-03 -5.729924421757459641e-03 1.665581017732620239e-02 1.356962738037109375e+02
-9.954688549041748047e-01 -3.278327872976660728e-03 -4.897133912891149521e-03 1.671725325286388397e-02 1.364462585449218750e+02
-9.993056058883666992e-01 -3.325542900711297989e-03 -4.061271436512470245e-03 1.676826179027557373e-02 1.371962432861328125e+02
-1.002517819404602051e+00 -3.370736725628376007e-03 -3.222858300432562828e-03 1.680871844291687012e-02 1.379462432861328125e+02
-1.005103468894958496e+00 -3.413923317566514015e-03 -2.382422331720590591e-03 1.683854497969150543e-02 1.386962432861328125e+02
-1.007061004638671875e+00 -3.454815130680799484e-03 -1.540495082736015320e-03 1.685786433517932892e-02 1.394462432861328125e+02
-1.008389115333557129e+00 -3.493583528324961662e-03 -6.976018776185810566e-04 1.686657778918743134e-02 1.401962432861328125e+02
-1.009086966514587402e+00 -3.530010813847184181e-03 1.457270118407905102e-04 1.686480268836021423e-02 1.409462432861328125e+02
-1.009154200553894043e+00 -3.564317710697650909e-03 9.889671346172690392e-04 1.685242168605327606e-02 1.416962432861328125e+02
-1.008590698242187500e+00 -3.596324007958173752e-03 1.831588218919932842e-03 1.682952418923377991e-02 1.424462432861328125e+02
-1.007396817207336426e+00 -3.626099554821848869e-03 2.673064358532428741e-03 1.679608412086963654e-02 1.431962432861328125e+02
-1.005573272705078125e+00 -3.653878346085548401e-03 3.512868657708168030e-03 1.675193756818771362e-02 1.439462432861328125e+02
-1.003121376037597656e+00 -3.679269924759864807e-03 4.350465722382068634e-03 1.669727079570293427e-02 1.446962432861328125e+02
-1.000042557716369629e+00 -3.701933193951845169e-03 5.185329355299472809e-03 1.663238182663917542e-02 1.454462432861328125e+02
-9.963386654853820801e-01 -3.722347784787416458e-03 6.016948260366916656e-03 1.655711419880390167e-02 1.461962280273437500e+02
-9.920120835304260254e-01 -3.740872954949736595e-03 6.844804156571626663e-03 1.647123508155345917e-02 1.469462127685546875e+02
-9.870655536651611328e-01 -3.757275408133864403e-03 7.668365724384784698e-03 1.637479104101657867e-02 1.476961975097656250e+02
-9.815021753311157227e-01 -3.770828712731599808e-03 8.487105369567871094e-03 1.626825891435146332e-02 1.484461822509765625e+02
-9.753254652023315430e-01 -3.781721461564302444e-03 9.300518780946731567e-03 1.615174114704132080e-02 1.491961517333984375e+02
-9.685392379760742188e-01 -3.790935501456260681e-03 1.010810583829879761e-02 1.602472551167011261e-02 1.499461212158203125e+02
-9.611478447914123535e-01 -3.797248471528291702e-03 1.090934220701456070e-02 1.588789559900760651e-02 1.506960906982421875e+02
-9.531558752059936523e-01 -3.800777718424797058e-03 1.170373708009719849e-02 1.574144139885902405e-02 1.514460449218750000e+02
-9.445682764053344727e-01 -3.802740946412086487e-03 1.249080896377563477e-02 1.558475010097026825e-02 1.521959991455078125e+02
-9.353905320167541504e-01 -3.801690414547920227e-03 1.327004656195640564e-02 1.541864499449729919e-02 1.529459381103515625e+02
-9.256283640861511230e-01 -3.798602148890495300e-03 1.404097862541675568e-02 1.524277403950691223e-02 1.536958770751953125e+02
-9.152879118919372559e-01 -3.793490352109074593e-03 1.480311714112758636e-02 1.505711954087018967e-02 1.544458007812500000e+02
-9.043756127357482910e-01 -3.785634413361549377e-03 1.555597316473722458e-02 1.486217603087425232e-02 1.551957244873046875e+02
-8.928983807563781738e-01 -3.775636432692408562e-03 1.629908196628093719e-02 1.465777121484279633e-02 1.559456329345703125e+02
-8.808633685111999512e-01 -3.763469634577631950e-03 1.703197136521339417e-02 1.444397401064634323e-02 1.566955413818359375e+02
-8.682781457901000977e-01 -3.747587325051426888e-03 1.775416918098926544e-02 1.422193646430969238e-02 1.574454345703125000e+02
-8.551505804061889648e-01 -3.730295225977897644e-03 1.846526563167572021e-02 1.399067696183919907e-02 1.581953125000000000e+02
-8.414888978004455566e-01 -3.711240366101264954e-03 1.916479878127574921e-02 1.375026907771825790e-02 1.589451904296875000e+02
-8.273016810417175293e-01 -3.688429715111851692e-03 1.985231228172779083e-02 1.350206322968006134e-02 1.596950531005859375e+02
-8.125978112220764160e-01 -3.664252581074833870e-03 2.052741497755050659e-02 1.324506290256977081e-02 1.604449157714843750e+02
-7.973865270614624023e-01 -3.637487767264246941e-03 2.118966728448867798e-02 1.297997217625379562e-02 1.611947631835937500e+02
-7.816773056983947754e-01 -3.608590690419077873e-03 2.183866500854492188e-02 1.270675472915172577e-02 1.619445953369140625e+02
-7.654799818992614746e-01 -3.577886149287223816e-03 2.247400209307670593e-02 1.242531836032867432e-02 1.626944274902343750e+02
-7.488047480583190918e-01 -3.544253529980778694e-03 2.309526875615119934e-02 1.213647797703742981e-02 1.634442443847656250e+02
-7.316619753837585449e-01 -3.508622525259852409e-03 2.370209246873855591e-02 1.184002496302127838e-02 1.641940460205078125e+02
-7.140624523162841797e-01 -3.471136325970292091e-03 2.429409325122833252e-02 1.153598539531230927e-02 1.649438323974609375e+02
-6.960172057151794434e-01 -3.431748831644654274e-03 2.487089298665523529e-02 1.122447475790977478e-02 1.656936187744140625e+02
-6.775375008583068848e-01 -3.389109857380390167e-03 2.543211728334426880e-02 1.090655289590358734e-02 1.664433898925781250e+02
-6.586348414421081543e-01 -3.344626165926456451e-03 2.597744576632976532e-02 1.058184821158647537e-02 1.671931457519531250e+02
-6.393211483955383301e-01 -3.298495896160602570e-03 2.650653757154941559e-02 1.025035697966814041e-02 1.679429016113281250e+02
-6.196084618568420410e-01 -3.250534180551767349e-03 2.701905556023120880e-02 9.912277571856975555e-03 1.686926422119140625e+02
-5.995091199874877930e-01 -3.199745900928974152e-03 2.751467004418373108e-02 9.568460285663604736e-03 1.694423675537109375e+02
-5.790356397628784180e-01 -3.147076349705457687e-03 2.799309231340885162e-02 9.218765422701835632e-03 1.701920928955078125e+02
-5.582008361816406250e-01 -3.092854749411344528e-03 2.845402993261814117e-02 8.863170631229877472e-03 1.709418029785156250e+02
-5.370177626609802246e-01 -3.036289243027567863e-03 2.889718860387802124e-02 8.502336218953132629e-03 1.716914978027343750e+02
-5.154996514320373535e-01 -2.978974953293800354e-03 2.932230569422245026e-02 8.135541342198848724e-03 1.724411926269531250e+02
-4.936599731445312500e-01 -2.918201964348554611e-03 2.972908318042755127e-02 7.764532230794429779e-03 1.731908721923828125e+02
-4.715122878551483154e-01 -2.856635255739092827e-03 3.011731058359146118e-02 7.388270460069179535e-03 1.739405517578125000e+02
-4.490704834461212158e-01 -2.791936974972486496e-03 3.048672340810298920e-02 7.008303422480821609e-03 1.746902160644531250e+02
-4.263485074043273926e-01 -2.727139741182327271e-03 3.083713911473751068e-02 6.623261142522096634e-03 1.754398651123046875e+02
-4.033606052398681641e-01 -2.661346923559904099e-03 3.116830252110958099e-02 6.233456544578075409e-03 1.761895141601562500e+02
-3.801211714744567871e-01 -2.592988545075058937e-03 3.147997707128524780e-02 5.839995574206113815e-03 1.769391479492187500e+02
-3.566446602344512939e-01 -2.521903254091739655e-03 3.177197650074958801e-02 5.443580914288759232e-03 1.776887817382812500e+02
-3.329457044601440430e-01 -2.449785359203815460e-03 3.204415738582611084e-02 5.043706856667995453e-03 1.784384002685546875e+02
-3.090391159057617188e-01 -2.376857912167906761e-03 3.229634091258049011e-02 4.640315193682909012e-03 1.791880187988281250e+02
-2.849398553371429443e-01 -2.301959553733468056e-03 3.252835571765899658e-02 4.234247840940952301e-03 1.799376373291015625e+02
-2.606629133224487305e-01 -2.224858384579420090e-03 3.274006769061088562e-02 3.826131578534841537e-03 1.806872406005859375e+02
-2.362234294414520264e-01 -2.147272694855928421e-03 3.293137252330780029e-02 3.415333572775125504e-03 1.814368438720703125e+02
-2.116366624832153320e-01 -2.068183384835720062e-03 3.310213983058929443e-02 3.002546494826674461e-03 1.821864471435546875e+02
-1.869179457426071167e-01 -1.987555995583534241e-03 3.325226530432701111e-02 2.588151022791862488e-03 1.829360351562500000e+02
-1.620826721191406250e-01 -1.906556775793433189e-03 3.338167443871498108e-02 2.171717118471860886e-03 1.836856231689453125e+02
-1.371463388204574585e-01 -1.824345206841826439e-03 3.349025920033454895e-02 1.753819524310529232e-03 1.844352111816406250e+02
-1.121245026588439941e-01 -1.740549691021442413e-03 3.357794880867004395e-02 1.335017615929245949e-03 1.851847991943359375e+02
-8.703275024890899658e-02 -1.655496773310005665e-03 3.364469856023788452e-02 9.155386942438781261e-04 1.859343719482421875e+02
-6.188671290874481201e-02 -1.570358872413635254e-03 3.369047492742538452e-02 4.949205322191119194e-04 1.866839447021484375e+02
-3.670210763812065125e-02 -1.484144362621009350e-03 3.371522203087806702e-02 7.381269824691116810e-05 1.874335174560546875e+02
-1.149464771151542664e-02 -1.396481296978890896e-03 3.371891379356384277e-02 -3.472019161563366652e-04 1.881830902099609375e+02
1.371996290981769562e-02 -1.307554426603019238e-03 3.370155394077301025e-02 -7.677711546421051025e-04 1.889326629638671875e+02
3.892600536346435547e-02 -1.217730459757149220e-03 3.366316482424736023e-02 -1.187707413919270039e-03 1.896822357177734375e+02
6.410775333642959595e-02 -1.127140247263014317e-03 3.360377997159957886e-02 -1.606764039024710655e-03 1.904318084716796875e+02
8.924952149391174316e-02 -1.036048517562448978e-03 3.352344036102294922e-02 -2.024814952164888382e-03 1.911813812255859375e+02
1.143356189131736755e-01 -9.445534087717533112e-04 3.342219814658164978e-02 -2.441694727167487144e-03 1.919309539794921875e+02
1.393503993749618530e-01 -8.526143501512706280e-04 3.330011293292045593e-02 -2.857160521671175957e-03 1.926805419921875000e+02
1.642782688140869141e-01 -7.592950714752078056e-04 3.315725550055503845e-02 -3.270306391641497612e-03 1.934301300048828125e+02
1.891037076711654663e-01 -6.658823112957179546e-04 3.299374133348464966e-02 -3.681426867842674255e-03 1.941797180175781250e+02
2.138112485408782959e-01 -5.726662348024547100e-04 3.280967101454734802e-02 -4.090554546564817429e-03 1.949293060302734375e+02
2.383854687213897705e-01 -4.796293505933135748e-04 3.260514512658119202e-02 -4.497603513300418854e-03 1.956789093017578125e+02
2.628110349178314209e-01 -3.854972310364246368e-04 3.238026425242424011e-02 -4.901587497442960739e-03 1.964285125732421875e+02
2.870727181434631348e-01 -2.913599018938839436e-04 3.213518485426902771e-02 -5.302703939378261566e-03 1.971781158447265625e+02
3.111554086208343506e-01 -1.973816251847893000e-04 3.187004849314689636e-02 -5.700867157429456711e-03 1.979277343750000000e+02
3.350440263748168945e-01 -1.025528690661303699e-04 3.158500418066978455e-02 -6.095211021602153778e-03 1.986773529052734375e+02
3.587237000465393066e-01 -7.914473826531320810e-06 3.128024190664291382e-02 -6.485925521701574326e-03 1.994269714355468750e+02
3.821796476840972900e-01 8.644415356684476137e-05 3.095594607293605804e-02 -6.872884463518857956e-03 2.001766052246093750e+02
4.053972065448760986e-01 1.823118946049362421e-04 3.061230108141899109e-02 -7.254654541611671448e-03 2.009262390136718750e+02
4.283619523048400879e-01 2.766191028058528900e-04 3.024956770241260529e-02 -7.632547523826360703e-03 2.016758880615234375e+02
4.510594904422760010e-01 3.709128941409289837e-04 2.986793965101242065e-02 -8.005713112652301788e-03 2.024255371093750000e+02
4.734756648540496826e-01 4.646531306207180023e-04 2.946765348315238953e-02 -8.374209515750408173e-03 2.031752014160156250e+02
4.955964386463165283e-01 5.595362745225429535e-04 2.904894389212131500e-02 -8.736695162951946259e-03 2.039248809814453125e+02
5.174080729484558105e-01 6.535447319038212299e-04 2.861210890114307404e-02 -9.093801490962505341e-03 2.046745605468750000e+02
5.388969182968139648e-01 7.470167474821209908e-04 2.815741859376430511e-02 -9.445203468203544617e-03 2.054242553710937500e+02
5.600495338439941406e-01 8.392474846914410591e-04 2.768515795469284058e-02 -9.791178628802299500e-03 2.061739501953125000e+02
5.808526873588562012e-01 9.304127888754010201e-04 2.719559893012046814e-02 -1.013163477182388306e-02 2.069236602783203125e+02
6.012933850288391113e-01 1.022322452627122402e-03 2.668901719152927399e-02 -1.046525873243808746e-02 2.076733856201171875e+02
6.213588714599609375e-01 1.114112092182040215e-03 2.616575360298156738e-02 -1.079194061458110809e-02 2.084231109619140625e+02
6.410366296768188477e-01 1.203726162202656269e-03 2.562615647912025452e-02 -1.111268997192382812e-02 2.091728515625000000e+02
6.603143215179443359e-01 1.293417764827609062e-03 2.507052198052406311e-02 -1.142621878534555435e-02 2.099226074218750000e+02
6.791799068450927734e-01 1.382728572934865952e-03 2.449921146035194397e-02 -1.173232216387987137e-02 2.106723632812500000e+02
6.976215839385986328e-01 1.469652983359992504e-03 2.391259558498859406e-02 -1.203202642500400543e-02 2.114221343994140625e+02
7.156277894973754883e-01 1.556882867589592934e-03 2.331099472939968109e-02 -1.232376974076032639e-02 2.121719207763671875e+02
7.331872582435607910e-01 1.643407158553600311e-03 2.269480563700199127e-02 -1.260761264711618423e-02 2.129217224121093750e+02
7.502890229225158691e-01 1.729116425849497318e-03 2.206442505121231079e-02 -1.288331393152475357e-02 2.136715240478515625e+02
7.669224143028259277e-01 1.812941394746303558e-03 2.142025902867317200e-02 -1.315133180469274521e-02 2.144213409423828125e+02
7.830770015716552734e-01 1.895704655908048153e-03 2.076269313693046570e-02 -1.341117080301046371e-02 2.151711730957031250e+02
7.987426519393920898e-01 1.977204345166683197e-03 2.009213529527187347e-02 -1.366275269538164139e-02 2.159210052490234375e+02
8.139095902442932129e-01 2.057201927527785301e-03 1.940899714827537537e-02 -1.390608865767717361e-02 2.166708526611328125e+02
8.285682797431945801e-01 2.136258641257882118e-03 1.871369220316410065e-02 -1.414070185273885727e-02 2.174207153320312500e+02
8.427095413208007812e-01 2.214231994003057480e-03 1.800665631890296936e-02 -1.436639577150344849e-02 2.181705780029296875e+02
8.563244938850402832e-01 2.291049808263778687e-03 1.728833653032779694e-02 -1.458295900374650955e-02 2.189204559326171875e+02
8.694046139717102051e-01 2.366165863350033760e-03 1.655918918550014496e-02 -1.479052100330591202e-02 2.196703491210937500e+02
8.819417357444763184e-01 2.439977368339896202e-03 1.581966318190097809e-02 -1.498873438686132431e-02 2.204202423095703125e+02
8.939279913902282715e-01 2.512423787266016006e-03 1.507022604346275330e-02 -1.517742127180099487e-02 2.211701507568359375e+02
9.053558111190795898e-01 2.582737244665622711e-03 1.431135460734367371e-02 -1.535691320896148682e-02 2.219200592041015625e+02
9.162181019783020020e-01 2.651451621204614639e-03 1.354350894689559937e-02 -1.552689168602228165e-02 2.226699829101562500e+02
9.265080094337463379e-01 2.718994161114096642e-03 1.276716403663158417e-02 -1.568691991269588470e-02 2.234199066162109375e+02
9.362190365791320801e-01 2.784424461424350739e-03 1.198281813412904739e-02 -1.583735644817352295e-02 2.241698455810546875e+02
9.453451633453369141e-01 2.848694566637277603e-03 1.119094993919134140e-02 -1.597755588591098785e-02 2.249197845458984375e+02
9.538806080818176270e-01 2.910768380388617516e-03 1.039207167923450470e-02 -1.610792055726051331e-02 2.256697387695312500e+02
9.618200659751892090e-01 2.971447305753827095e-03 9.586676023900508881e-03 -1.622792333364486694e-02 2.264196929931640625e+02
9.691585302352905273e-01 3.029988845810294151e-03 8.775279857218265533e-03 -1.633782498538494110e-02 2.271696624755859375e+02
9.758914113044738770e-01 3.086307784542441368e-03 7.958388887345790863e-03 -1.643768697977066040e-02 2.279196319580078125e+02
9.820144772529602051e-01 3.140869084745645523e-03 7.136504631489515305e-03 -1.652721315622329712e-02 2.286696014404296875e+02
9.875238537788391113e-01 3.193450160324573517e-03 6.310143973678350449e-03 -1.660642214119434357e-02 2.294195861816406250e+02
9.924160838127136230e-01 3.244020976126194000e-03 5.479822866618633270e-03 -1.667526550590991974e-02 2.301695709228515625e+02
9.966881275177001953e-01 3.292840905487537384e-03 4.646059591323137283e-03 -1.673350296914577484e-02 2.309195556640625000e+02
1.000337243080139160e+00 3.339466638863086700e-03 3.809384535998106003e-03 -1.678128354251384735e-02 2.316695404052734375e+02
1.003361225128173828e+00 3.383986884728074074e-03 2.970320405438542366e-03 -1.681854389607906342e-02 2.324195404052734375e+02
1.005758166313171387e+00 3.426455194130539894e-03 2.129393164068460464e-03 -1.684520207345485687e-02 2.331695404052734375e+02
1.007526516914367676e+00 3.466472262516617775e-03 1.287132967263460159e-03 -1.686147972941398621e-02 2.339195404052734375e+02
1.008665204048156738e+00 3.504538675770163536e-03 4.440589691512286663e-04 -1.686710864305496216e-02 2.346695404052734375e+02
1.009173512458801270e+00 3.540335688740015030e-03 -3.992964630015194416e-04 -1.686221361160278320e-02 2.354195404052734375e+02
1.009051084518432617e+00 3.573896130546927452e-03 -1.242407131940126419e-03 -1.684678532183170319e-02 2.361695404052734375e+02
1.008297920227050781e+00 3.605452366173267365e-03 -2.084746491163969040e-03 -1.682066358625888824e-02 2.369195404052734375e+02
1.006914615631103516e+00 3.634754102677106857e-03 -2.925779670476913452e-03 -1.678393967449665070e-02 2.376695404052734375e+02
1.004902005195617676e+00 3.661689348518848419e-03 -3.764976747334003448e-03 -1.673669740557670593e-02 2.384195404052734375e+02
1.002261400222778320e+00 3.686219686642289162e-03 -4.601811524480581284e-03 -1.667901128530502319e-02 2.391695404052734375e+02
9.989943504333496094e-01 3.708358388394117355e-03 -5.435761995613574982e-03 -1.661093533039093018e-02 2.399195404052734375e+02
9.951029419898986816e-01 3.728521987795829773e-03 -6.266308948397636414e-03 -1.653224043548107147e-02 2.406695251464843750e+02
9.905896782875061035e-01 3.746247617527842522e-03 -7.092921063303947449e-03 -1.644316501915454865e-02 2.414195098876953125e+02
9.854573607444763184e-01 3.761447500437498093e-03 -7.915079593658447266e-03 -1.634385064244270325e-02 2.421694946289062500e+02
9.797092080116271973e-01 3.774053882807493210e-03 -8.732272312045097351e-03 -1.623446494340896606e-02 2.429194793701171875e+02
9.733487963676452637e-01 3.784200875088572502e-03 -9.543995372951030731e-03 -1.611506380140781403e-02 2.436694488525390625e+02
9.663801193237304688e-01 3.792924107983708382e-03 -1.034974865615367889e-02 -1.598502881824970245e-02 2.444194183349609375e+02
9.588075876235961914e-01 3.799032187089323997e-03 -1.114900037646293640e-02 -1.584492996335029602e-02 2.451693725585937500e+02
9.506359696388244629e-01 3.802364924922585487e-03 -1.194124668836593628e-02 -1.569504104554653168e-02 2.459193267822265625e+02
9.418703317642211914e-01 3.802922321483492851e-03 -1.272599864751100540e-02 -1.553559489548206329e-02 2.466692810058593750e+02
9.325162172317504883e-01 3.800986567512154579e-03 -1.350277848541736603e-02 -1.536663901060819626e-02 2.474192199707031250e+02
9.225794672966003418e-01 3.797563025727868080e-03 -1.427111029624938965e-02 -1.518762018531560898e-02 2.481691589355468750e+02
9.120663404464721680e-01 3.791563911363482475e-03 -1.503049116581678391e-02 -1.499909907579421997e-02 2.489190826416015625e+02
9.009834527969360352e-01 3.782634390518069267e-03 -1.578044518828392029e-02 -1.480151154100894928e-02 2.496690063476562500e+02
8.893377184867858887e-01 3.771039890125393867e-03 -1.652052067220211029e-02 -1.459500379860401154e-02 2.504189147949218750e+02
8.771364092826843262e-01 3.758190665394067764e-03 -1.725027151405811310e-02 -1.437883544713258743e-02 2.511688079833984375e+02
8.643872141838073730e-01 3.742767963558435440e-03 -1.796921342611312866e-02 -1.415367890149354935e-02 2.519187011718750000e+02
8.510981202125549316e-01 3.725805319845676422e-03 -1.867689751088619232e-02 -1.391902565956115723e-02 2.526685791015625000e+02
8.372775316238403320e-01 3.705665003508329391e-03 -1.937284879386425018e-02 -1.367587782442569733e-02 2.534184570312500000e+02
8.229340314865112305e-01 3.680934198200702667e-03 -2.005664259195327759e-02 -1.342568919062614441e-02 2.541683197021484375e+02
8.080765604972839355e-01 3.656444838270545006e-03 -2.072792686522006989e-02 -1.316606439650058746e-02 2.549181671142578125e+02
7.927145361900329590e-01 3.629602724686264992e-03 -2.138623036444187164e-02 -1.289810147136449814e-02 2.556680145263671875e+02
7.768574953079223633e-01 3.599642543122172356e-03 -2.203113585710525513e-02 -1.262253522872924805e-02 2.564178466796875000e+02
7.605153918266296387e-01 3.566981526091694832e-03 -2.266226336359977722e-02 -1.233956869691610336e-02 2.571676635742187500e+02
7.436984777450561523e-01 3.533391281962394714e-03 -2.327924221754074097e-02 -1.204832177609205246e-02 2.579174804687500000e+02
7.264172434806823730e-01 3.497316269204020500e-03 -2.388165891170501709e-02 -1.174962334334850311e-02 2.586672668457031250e+02
7.086825370788574219e-01 3.459903178736567497e-03 -2.446914091706275940e-02 -1.144296396523714066e-02 2.594170532226562500e+02
6.905054450035095215e-01 3.419438377022743225e-03 -2.504128962755203247e-02 -1.112943980842828751e-02 2.601668395996093750e+02
6.718973517417907715e-01 3.375940490514039993e-03 -2.559776231646537781e-02 -1.080956496298313141e-02 2.609165954589843750e+02
6.528698801994323730e-01 3.333133878186345100e-03 -2.613824047148227692e-02 -1.048126164823770523e-02 2.616663513183593750e+02
6.334350109100341797e-01 3.285491839051246643e-03 -2.666230313479900360e-02 -1.014762278646230698e-02 2.624161071777343750e+02
6.136048436164855957e-01 3.234427887946367264e-03 -2.716968394815921783e-02 -9.808869101107120514e-03 2.631658325195312500e+02
5.933917760848999023e-01 3.182861721143126488e-03 -2.766012772917747498e-02 -9.463706985116004944e-03 2.639155578613281250e+02
5.728083848953247070e-01 3.129356075078248978e-03 -2.813331224024295807e-02 -9.112871252000331879e-03 2.646652832031250000e+02
5.518676042556762695e-01 3.073818050324916840e-03 -2.858895622193813324e-02 -8.756671100854873657e-03 2.654149780273437500e+02
5.305824279785156250e-01 3.019796218723058701e-03 -2.902678959071636200e-02 -8.392894640564918518e-03 2.661646728515625000e+02
5.089663267135620117e-01 2.961328485980629921e-03 -2.944643422961235046e-02 -8.024727925658226013e-03 2.669143676757812500e+02
4.870327115058898926e-01 2.899528481066226959e-03 -2.984767034649848938e-02 -7.652541622519493103e-03 2.676640319824218750e+02
4.647952020168304443e-01 2.839217893779277802e-03 -3.023029677569866180e-02 -7.273745723068714142e-03 2.684136962890625000e+02
4.422678351402282715e-01 2.774457912892103195e-03 -3.059398382902145386e-02 -6.891586817800998688e-03 2.691633605957031250e+02
4.194645881652832031e-01 2.706785453483462334e-03 -3.093856386840343475e-02 -6.506208330392837524e-03 2.699130249023437500e+02
3.963996469974517822e-01 2.639352111145853996e-03 -3.126387298107147217e-02 -6.116117350757122040e-03 2.706626586914062500e+02
3.730874657630920410e-01 2.570320619270205498e-03 -3.156967833638191223e-02 -5.722205620259046555e-03 2.714122924804687500e+02
3.495425879955291748e-01 2.499224618077278137e-03 -3.185578808188438416e-02 -5.325061734765768051e-03 2.721619262695312500e+02
3.257796764373779297e-01 2.428382635116577148e-03 -3.212204203009605408e-02 -4.923502448946237564e-03 2.729115600585937500e+02
3.018136322498321533e-01 2.353326184675097466e-03 -3.236821666359901428e-02 -4.520295187830924988e-03 2.736611633300781250e+02
2.776593267917633057e-01 2.280391054227948189e-03 -3.259423002600669861e-02 -4.112233407795429230e-03 2.744107666015625000e+02
2.533319294452667236e-01 2.203405834734439850e-03 -3.279983997344970703e-02 -3.702643560245633125e-03 2.751603698730468750e+02
2.288465797901153564e-01 2.123960992321372032e-03 -3.298497200012207031e-02 -3.291626228019595146e-03 2.759099731445312500e+02
2.042184770107269287e-01 2.045125700533390045e-03 -3.314955160021781921e-02 -2.877723192796111107e-03 2.766595764160156250e+02
1.794630736112594604e-01 1.962854759767651558e-03 -3.329343721270561218e-02 -2.463391982018947601e-03 2.774091796875000000e+02
1.545957028865814209e-01 1.881475560367107391e-03 -3.341660648584365845e-02 -2.046674489974975586e-03 2.781587524414062500e+02
1.296319365501403809e-01 1.799226389266550541e-03 -3.351894021034240723e-02 -1.628356636501848698e-03 2.789083251953125000e+02
1.045873463153839111e-01 1.717611798085272312e-03 -3.360035642981529236e-02 -1.207549823448061943e-03 2.796578979492187500e+02
7.947765290737152100e-02 1.631816267035901546e-03 -3.366073220968246460e-02 -7.872750284150242805e-04 2.804074707031250000e+02
5.431841313838958740e-02 1.545976847410202026e-03 -3.370009735226631165e-02 -3.660208603832870722e-04 2.811570434570312500e+02
2.912537753582000732e-02 1.458858023397624493e-03 -3.371839970350265503e-02 5.539314588531851768e-05 2.819066162109375000e+02
3.914272412657737732e-03 1.368107157759368420e-03 -3.371563181281089783e-02 4.748950304929167032e-04 2.826561889648437500e+02
-2.129929512739181519e-02 1.278815092518925667e-03 -3.369188681244850159e-02 8.947545429691672325e-04 2.834057617187500000e+02
-4.649952799081802368e-02 1.187383197247982025e-03 -3.364714980125427246e-02 1.312933629378676414e-03 2.841553344726562500e+02
-7.167079299688339233e-02 1.098040607757866383e-03 -3.358150273561477661e-02 1.731599797494709492e-03 2.849049072265625000e+02
-9.679731726646423340e-02 1.006551552563905716e-03 -3.349492326378822327e-02 2.148481085896492004e-03 2.856544799804687500e+02
-1.218635141849517822e-01 9.167348034679889679e-04 -3.338750079274177551e-02 2.565446076914668083e-03 2.864040527343750000e+02
-1.468536853790283203e-01 8.244630880653858185e-04 -3.325922787189483643e-02 2.980133751407265663e-03 2.871536254882812500e+02
-1.717523038387298584e-01 7.335526170209050179e-04 -3.311021998524665833e-02 3.394275205209851265e-03 2.879031982421875000e+02
-1.965437680482864380e-01 6.399641861207783222e-04 -3.294050693511962891e-02 3.805425949394702911e-03 2.886528015136718750e+02
-2.212127000093460083e-01 5.456825019791722298e-04 -3.275023400783538818e-02 4.213899839669466019e-03 2.894024047851562500e+02
-2.457437217235565186e-01 4.495927423704415560e-04 -3.253953903913497925e-02 4.618494771420955658e-03 2.901520080566406250e+02
-2.701216042041778564e-01 3.563427599146962166e-04 -3.230861574411392212e-02 5.021630786359310150e-03 2.909016113281250000e+02
-2.943310439586639404e-01 2.619383158162236214e-04 -3.205753490328788757e-02 5.421318113803863525e-03 2.916512145996093750e+02
-3.183569908142089844e-01 1.697179977782070637e-04 -3.178646788001060486e-02 5.819295998662710190e-03 2.924008178710937500e+02
-3.421843349933624268e-01 7.540109800174832344e-05 -3.149550408124923706e-02 6.213139276951551437e-03 2.931504516601562500e+02
-3.657982945442199707e-01 -1.931888255057856441e-05 -3.118484653532505035e-02 6.603068206459283829e-03 2.939000854492187500e+02
-3.891841173171997070e-01 -1.159275852842256427e-04 -3.085469268262386322e-02 6.987627595663070679e-03 2.946497192382812500e+02
-4.123272597789764404e-01 -2.115881943609565496e-04 -3.050531074404716492e-02 7.367826532572507858e-03 2.953993530273437500e+02
-4.352132678031921387e-01 -3.040696610696613789e-04 -3.013691864907741547e-02 7.745251059532165527e-03 2.961490173339843750e+02
-4.578277468681335449e-01 -3.996218729298561811e-04 -2.974965609610080719e-02 8.116337470710277557e-03 2.968986816406250000e+02
-4.801566600799560547e-01 -4.946640692651271820e-04 -2.934383973479270935e-02 8.482165634632110596e-03 2.976483459472656250e+02
-5.021861195564270020e-01 -5.866325227543711662e-04 -2.891973219811916351e-02 8.844348601996898651e-03 2.983980102539062500e+02
-5.239022374153137207e-01 -6.794168148189783096e-04 -2.847751416265964508e-02 9.200895205140113831e-03 2.991477050781250000e+02
-5.452914237976074219e-01 -7.737426785752177238e-04 -2.801746875047683716e-02 9.550632908940315247e-03 2.998973999023437500e+02
-5.663404464721679688e-01 -8.655964047648012638e-04 -2.753993682563304901e-02 9.895417839288711548e-03 3.006470947265625000e+02
-5.870360732078552246e-01 -9.578837780281901360e-04 -2.704516611993312836e-02 1.023366488516330719e-02 3.013968200683593750e+02
-6.073653697967529297e-01 -1.050861785188317299e-03 -2.653348259627819061e-02 1.056459452956914902e-02 3.021465454101562500e+02
-6.273157000541687012e-01 -1.142351189628243446e-03 -2.600525319576263428e-02 1.088901050388813019e-02 3.028962707519531250e+02
-6.468745470046997070e-01 -1.231891568750143051e-03 -2.546080201864242554e-02 1.120727602392435074e-02 3.036460266113281250e+02
-6.660296320915222168e-01 -1.319967908784747124e-03 -2.490043826401233673e-02 1.151925977319478989e-02 3.043957824707031250e+02
-6.847690343856811523e-01 -1.408602227456867695e-03 -2.432447485625743866e-02 1.182357966899871826e-02 3.051455383300781250e+02
-7.030810117721557617e-01 -1.496154698543250561e-03 -2.373329550027847290e-02 1.212067808955907822e-02 3.058953247070312500e+02
-7.209541201591491699e-01 -1.583707169629633427e-03 -2.312726154923439026e-02 1.240964420139789581e-02 3.066451110839843750e+02
-7.383772134780883789e-01 -1.669525168836116791e-03 -2.250677905976772308e-02 1.269113551825284958e-02 3.073948974609375000e+02
-7.553393244743347168e-01 -1.753745833411812782e-03 -2.187222242355346680e-02 1.296510826796293259e-02 3.081447143554687500e+02
-7.718298435211181641e-01 -1.837725052610039711e-03 -2.122396789491176605e-02 1.323060505092144012e-02 3.088945312500000000e+02
-7.878385186195373535e-01 -1.920177601277828217e-03 -2.056243829429149628e-02 1.348802447319030762e-02 3.096443481445312500e+02
-8.033552765846252441e-01 -2.000852487981319427e-03 -1.988803781569004059e-02 1.373748574405908585e-02 3.103941955566406250e+02
-8.183703422546386719e-01 -2.081180224195122719e-03 -1.920116320252418518e-02 1.397800818085670471e-02 3.111440429687500000e+02
-8.328743577003479004e-01 -2.160219708457589149e-03 -1.850226335227489471e-02 1.420974917709827423e-02 3.118938903808593750e+02
-8.468582630157470703e-01 -2.237596316263079643e-03 -1.779177598655223846e-02 1.443278789520263672e-02 3.126437683105468750e+02
-8.603132367134094238e-01 -2.314188284799456596e-03 -1.707013696432113647e-02 1.464644353836774826e-02 3.133936462402343750e+02
-8.732309341430664062e-01 -2.389072673395276070e-03 -1.633781567215919495e-02 1.485097408294677734e-02 3.141435241699218750e+02
-8.856031894683837891e-01 -2.462721662595868111e-03 -1.559526659548282623e-02 1.504597347229719162e-02 3.148934326171875000e+02
-8.974223136901855469e-01 -2.534305443987250328e-03 -1.484296750277280807e-02 1.523177139461040497e-02 3.156433410644531250e+02
-9.086808562278747559e-01 -2.603865461423993111e-03 -1.408137939870357513e-02 1.540837809443473816e-02 3.163932495117187500e+02
-9.193717241287231445e-01 -2.671668073162436485e-03 -1.331096049398183823e-02 1.557563152164220810e-02 3.171431884765625000e+02
-9.294882416725158691e-01 -2.738649491220712662e-03 -1.253217924386262894e-02 1.573279686272144318e-02 3.178931274414062500e+02
-9.390240311622619629e-01 -2.804333809763193130e-03 -1.174553949385881424e-02 1.587978005409240723e-02 3.186430664062500000e+02
-9.479731917381286621e-01 -2.867568284273147583e-03 -1.095155067741870880e-02 1.601711474359035492e-02 3.193930053710937500e+02
-9.563300609588623047e-01 -2.928575966507196426e-03 -1.015069521963596344e-02 1.614477671682834625e-02 3.201429443359375000e+02
-9.640893936157226562e-01 -2.988372929394245148e-03 -9.343456476926803589e-03 1.626210846006870270e-02 3.208929138183593750e+02
-9.712463021278381348e-01 -3.046251367777585983e-03 -8.530351333320140839e-03 1.636928878724575043e-02 3.216428833007812500e+02
-9.777963161468505859e-01 -3.102333284914493561e-03 -7.711886893957853317e-03 1.646615937352180481e-02 3.223928527832031250e+02
-9.837352633476257324e-01 -3.156801452860236168e-03 -6.888579111546278000e-03 1.655246131122112274e-02 3.231428222656250000e+02
-9.890595078468322754e-01 -3.208898939192295074e-03 -6.060956045985221863e-03 1.662852615118026733e-02 3.238927917480468750e+02
-9.937656521797180176e-01 -3.258963115513324738e-03 -5.229529924690723419e-03 1.669418439269065857e-02 3.246427917480468750e+02
-9.978507161140441895e-01 -3.307309933006763458e-03 -4.394820891320705414e-03 1.674915850162506104e-02 3.253927917480468750e+02
-1.001312136650085449e+00 -3.353361971676349640e-03 -3.557363059371709824e-03 1.679367758333683014e-02 3.261427917480468750e+02
-1.004147768020629883e+00 -3.397213062271475792e-03 -2.717679133638739586e-03 1.682770252227783203e-02 3.268927917480468750e+02
-1.006355881690979004e+00 -3.438912564888596535e-03 -1.876293914392590523e-03 1.685119234025478363e-02 3.276427917480468750e+02
-1.007935047149658203e+00 -3.478415543213486671e-03 -1.033734297379851341e-03 1.686415262520313263e-02 3.283927917480468750e+02
-1.008884310722351074e+00 -3.515504533424973488e-03 -1.905266544781625271e-04 1.686672866344451904e-02 3.291427917480468750e+02
-1.009202957153320312e+00 -3.550601191818714142e-03 6.528098019771277905e-04 1.685869507491588593e-02 3.298927917480468750e+02
-1.008890867233276367e+00 -3.583774203434586525e-03 1.495744567364454269e-03 1.683991961181163788e-02 3.306427917480468750e+02
-1.007948279380798340e+00 -3.614455694332718849e-03 2.337740501388907433e-03 1.681068912148475647e-02 3.313927917480468750e+02
-1.006375670433044434e+00 -3.642986994236707687e-03 3.178274957463145256e-03 1.677085645496845245e-02 3.321427917480468750e+02
-1.004174113273620605e+00 -3.669055178761482239e-03 4.016817547380924225e-03 1.672060973942279816e-02 3.328927917480468750e+02
-1.001344919204711914e+00 -3.693071426823735237e-03 4.852848127484321594e-03 1.665974594652652740e-02 3.336427917480468750e+02
-9.978899359703063965e-01 -3.715093014761805534e-03 5.685835611075162888e-03 1.658816076815128326e-02 3.343927917480468750e+02
-9.938113093376159668e-01 -3.733902703970670700e-03 6.515243556350469589e-03 1.650662533938884735e-02 3.351427917480468750e+02
-9.891116023063659668e-01 -3.750793868675827980e-03 7.340574637055397034e-03 1.641459017992019653e-02 3.358927917480468750e+02
-9.837937355041503906e-01 -3.764581168070435524e-03 8.161304518580436707e-03 1.631279289722442627e-02 3.366427612304687500e+02
-9.778610467910766602e-01 -3.777627134695649147e-03 8.976943790912628174e-03 1.619990542531013489e-02 3.373927307128906250e+02
-9.713172912597656250e-01 -3.788304515182971954e-03 9.786939248442649841e-03 1.607655175030231476e-02 3.381427001953125000e+02
-9.641665816307067871e-01 -3.795267082750797272e-03 1.059076655656099319e-02 1.594373397529125214e-02 3.388926696777343750e+02
-9.564133882522583008e-01 -3.800256643444299698e-03 1.138795353472232819e-02 1.580078341066837311e-02 3.396426391601562500e+02
-9.480625987052917480e-01 -3.802727907896041870e-03 1.217799261212348938e-02 1.564803160727024078e-02 3.403925781250000000e+02
-9.391194581985473633e-01 -3.802449908107519150e-03 1.296039391309022903e-02 1.548578497022390366e-02 3.411425170898437500e+02
-9.295895695686340332e-01 -3.800695994868874550e-03 1.373468339443206787e-02 1.531339064240455627e-02 3.418924560546875000e+02
-9.194788932800292969e-01 -3.796367207542061806e-03 1.450035255402326584e-02 1.513140555471181870e-02 3.426423950195312500e+02
-9.087938070297241211e-01 -3.788988804444670677e-03 1.525692269206047058e-02 1.494034379720687866e-02 3.433923339843750000e+02
-8.975409865379333496e-01 -3.777874866500496864e-03 1.600394025444984436e-02 1.474106125533580780e-02 3.441422424316406250e+02
-8.857274055480957031e-01 -3.766924841329455376e-03 1.674099266529083252e-02 1.453145965933799744e-02 3.448921508789062500e+02
-8.733605742454528809e-01 -3.753857221454381943e-03 1.746756583452224731e-02 1.431237906217575073e-02 3.456420593261718750e+02
-8.604482412338256836e-01 -3.737787716090679169e-03 1.818318478763103485e-02 1.408448256552219391e-02 3.463919372558593750e+02
-8.469984531402587891e-01 -3.719972679391503334e-03 1.888740807771682739e-02 1.384725607931613922e-02 3.471418151855468750e+02
-8.330197334289550781e-01 -3.699160180985927582e-03 1.957977004349231720e-02 1.360151078552007675e-02 3.478916931152343750e+02
-8.185207843780517578e-01 -3.673547413200139999e-03 2.025984600186347961e-02 1.334891095757484436e-02 3.486415405273437500e+02
-8.035106062889099121e-01 -3.648330224677920341e-03 2.092729136347770691e-02 1.308689080178737640e-02 3.493913879394531250e+02
-7.879986763000488281e-01 -3.620833158493041992e-03 2.158163674175739288e-02 1.281655486673116684e-02 3.501412353515625000e+02
-7.719947099685668945e-01 -3.590510692447423935e-03 2.222246490418910980e-02 1.253845822066068649e-02 3.508910522460937500e+02
-7.555087208747863770e-01 -3.558791242539882660e-03 2.284938842058181763e-02 1.225198153406381607e-02 3.516408691406250000e+02
-7.385510802268981934e-01 -3.524146042764186859e-03 2.346198819577693939e-02 1.195808220654726028e-02 3.523906860351562500e+02
-7.211323380470275879e-01 -3.486300120130181313e-03 2.405989170074462891e-02 1.165740098804235458e-02 3.531404724121093750e+02
-7.032634019851684570e-01 -3.447352210059762001e-03 2.464276179671287537e-02 1.134903635829687119e-02 3.538902587890625000e+02
-6.849555373191833496e-01 -3.405945608392357826e-03 2.521021291613578796e-02 1.103377342224121094e-02 3.546400451660156250e+02
-6.662201285362243652e-01 -3.361541545018553734e-03 2.576190233230590820e-02 1.071232277899980545e-02 3.553898010253906250e+02
-6.470688581466674805e-01 -3.316432004794478416e-03 2.629751898348331451e-02 1.038362085819244385e-02 3.561395568847656250e+02
-6.275137662887573242e-01 -3.270781598985195160e-03 2.681669965386390686e-02 1.004727743566036224e-02 3.568893127441406250e+02
-6.075671315193176270e-01 -3.220204031094908714e-03 2.731906436383724213e-02 9.706039912998676300e-03 3.576390380859375000e+02
-5.872413516044616699e-01 -3.168164053931832314e-03 2.780436724424362183e-02 9.358739480376243591e-03 3.583887634277343750e+02
-5.665491223335266113e-01 -3.113877726718783379e-03 2.827230468392372131e-02 9.005988948047161102e-03 3.591384887695312500e+02
-5.455033779144287109e-01 -3.057289868593215942e-03 2.872260473668575287e-02 8.648187853395938873e-03 3.598881835937500000e+02
-5.241171717643737793e-01 -3.002633806318044662e-03 2.915501408278942108e-02 8.282750844955444336e-03 3.606378784179687500e+02
-5.024040937423706055e-01 -2.943377941846847534e-03 2.956915087997913361e-02 7.913125678896903992e-03 3.613875732421875000e+02
-4.803775548934936523e-01 -2.880897372961044312e-03 2.996480651199817657e-02 7.539563346654176712e-03 3.621372375488281250e+02
-4.580512940883636475e-01 -2.818196313455700874e-03 3.034178540110588074e-02 7.160727400332689285e-03 3.628869018554687500e+02
-4.354392886161804199e-01 -2.755542518571019173e-03 3.069982118904590607e-02 6.776134017854928970e-03 3.636365661621093750e+02
-4.125557541847229004e-01 -2.688108012080192566e-03 3.103862702846527100e-02 6.388779729604721069e-03 3.643862304687500000e+02
-3.894148468971252441e-01 -2.617935184389352798e-03 3.135806694626808167e-02 5.998600274324417114e-03 3.651358642578125000e+02
-3.660309910774230957e-01 -2.550441073253750801e-03 3.165799751877784729e-02 5.602472927421331406e-03 3.658854980468750000e+02
-3.424189090728759766e-01 -2.479033311828970909e-03 3.193812072277069092e-02 5.203761626034975052e-03 3.666351318359375000e+02
-3.185932636260986328e-01 -2.407089108601212502e-03 3.219830989837646484e-02 4.801187198609113693e-03 3.673847656250000000e+02
-2.945689857006072998e-01 -2.330830553546547890e-03 3.243836760520935059e-02 4.397326149046421051e-03 3.681343688964843750e+02
-2.703609466552734375e-01 -2.256852574646472931e-03 3.265823423862457275e-02 3.988848067820072174e-03 3.688839721679687500e+02
-2.459844052791595459e-01 -2.179217291995882988e-03 3.285767510533332825e-02 3.578878007829189301e-03 3.696335754394531250e+02
-2.214544862508773804e-01 -2.099311212077736855e-03 3.303661942481994629e-02 3.167535178363323212e-03 3.703831787109375000e+02
-1.967864334583282471e-01 -2.020334126427769661e-03 3.319499641656875610e-02 2.753209788352251053e-03 3.711327819824218750e+02
-1.719957143068313599e-01 -1.937981345690786839e-03 3.333265706896781921e-02 2.338430844247341156e-03 3.718823852539062500e+02
-1.470976918935775757e-01 -1.856486662290990353e-03 3.344957903027534485e-02 1.921285409480333328e-03 3.726319580078125000e+02
-1.221079528331756592e-01 -1.774062868207693100e-03 3.354564309120178223e-02 1.502589555457234383e-03 3.733815307617187500e+02
-9.704209119081497192e-02 -1.692283432930707932e-03 3.362077102065086365e-02 1.081428956240415573e-03 3.741311035156250000e+02
-7.191582769155502319e-02 -1.606157980859279633e-03 3.367484360933303833e-02 6.609465926885604858e-04 3.748806762695312500e+02
