-1.225644797086715698e-01
-1.540997773408889771e-01
-1.650539636611938477e-01
-1.566392332315444946e-01
-1.310149431228637695e-01
-5.276190862059593201e-02
3.993613645434379578e-02
7.887501269578933716e-02
1.068346947431564331e-01
1.185562312602996826e-01
1.168472319841384888e-01
1.062725931406021118e-01
9.093079715967178345e-02
7.410964369773864746e-02
5.758993327617645264e-02
4.176075011491775513e-02
2.623857930302619934e-02
1.048191357403993607e-02
-4.390933085232973099e-03
-1.544871088117361069e-02
-2.168005518615245819e-02
-2.370144240558147430e-02
-2.259865216910839081e-02
-1.950454525649547577e-02
-1.541681867092847824e-02
-1.111746300011873245e-02
-7.158367894589900970e-03
-3.880827222019433975e-03
-1.447324175387620926e-03
1.222488790517672896e-04
9.110743412747979164e-04
1.064777839928865433e-03
7.558256038464605808e-04
1.548766304040327668e-04
-5.877428920939564705e-04
-1.352312392555177212e-03
-2.053625648841261864e-03
-2.639414742588996887e-03
-3.085693577304482460e-03
-3.390982048586010933e-03
-3.569303313270211220e-03
-3.644081763923168182e-03
-3.642397699877619743e-03
-3.591292770579457283e-03
-3.514581825584173203e-03
-3.431405406445264816e-03
-3.355569206178188324e-03
-3.295676782727241516e-03
-3.255759133026003838e-03
-3.236195538192987442e-03
-3.234737087041139603e-03
-3.247832879424095154e-03
-3.271022113040089607e-03
-3.299958771094679832e-03
-3.330680774524807930e-03
-3.360145725309848785e-03
-3.386077238246798515e-03
-3.407019888982176781e-03
-3.422283334657549858e-03
-3.431724384427070618e-03
-3.435764461755752563e-03
-3.434903221204876900e-03
-3.429970238357782364e-03
-3.421594854444265366e-03
-3.410490695387125015e-03
-3.397012595087289810e-03
-3.381575224921107292e-03
-3.364544827491044998e-03
-3.346001263707876205e-03
-3.325912402942776680e-03
-3.304318524897098541e-03
-3.280984237790107727e-03
-3.255984978750348091e-03
-3.229161025956273079e-03
-3.200372913852334023e-03
-3.169649280607700348e-03
-3.136861603707075119e-03
-3.102098591625690460e-03
-3.065312048420310020e-03
-3.026491962373256683e-03
-2.985682804137468338e-03
-2.942956984043121338e-03
-2.898356178775429726e-03
-2.851790981367230415e-03
-2.803488168865442276e-03
-2.753486158326268196e-03
-2.701824996620416641e-03
-2.648508874699473381e-03
-2.593308687210083008e-03
-2.536629326641559601e-03
-2.478566253557801247e-03
-2.418706426396965981e-03
-2.357459161430597305e-03
-2.294797450304031372e-03
-2.230510814115405083e-03
-2.165093785151839256e-03
-2.098443219438195229e-03
-2.030142582952976227e-03
-1.960869180038571358e-03
-1.890110783278942108e-03
-1.818251912482082844e-03
-1.745499321259558201e-03
-1.671419828198850155e-03
-1.596334739588201046e-03
-1.520281191915273666e-03
-1.443328452296555042e-03
-1.365256495773792267e-03
-1.286589307710528374e-03
-1.207152497954666615e-03
-1.126829884015023708e-03
-1.046009943820536137e-03
-9.643715457059442997e-04
-8.821084629744291306e-04
-7.995201740413904190e-04
-7.161734392866492271e-04
-6.326091825030744076e-04
-5.485335714183747768e-04
-4.640748084057122469e-04
-3.794681688304990530e-04
-2.945142914541065693e-04
-2.094617957482114434e-04
-1.241765421582385898e-04
-3.887379716616123915e-05
4.640479164663702250e-05
1.316512789344415069e-04
2.169778454117476940e-04
3.021648153662681580e-04
3.870994842145591974e-04
4.716101102530956268e-04
5.559093551710247993e-04
6.399273988790810108e-04
7.238125544972717762e-04
8.068541064858436584e-04
8.895384380593895912e-04
9.717318462207913399e-04
1.053082291036844254e-03
1.133950892835855484e-03
1.214256160892546177e-03
1.293747220188379288e-03
1.372419530525803566e-03
1.449996721930801868e-03
1.526937005110085011e-03
1.602772041223943233e-03
1.677837688475847244e-03
1.751730451360344887e-03
1.824727514758706093e-03
1.896401867270469666e-03
1.966941403225064278e-03
2.036325167864561081e-03
2.104255137965083122e-03
2.170997438952326775e-03
2.236418193206191063e-03
2.300516935065388680e-03
2.362912055104970932e-03
2.424062695354223251e-03
2.483777236193418503e-03
2.541713882237672806e-03
2.598070306703448296e-03
2.652977593243122101e-03
2.706133062019944191e-03
2.757708309218287468e-03
2.807446988299489021e-03
2.855512546375393867e-03
2.901752246543765068e-03
2.946169581264257431e-03
2.988836262375116348e-03
3.029725980013608932e-03
3.068481571972370148e-03
3.105326322838664055e-03
3.140446264296770096e-03
3.173378529027104378e-03
3.204452339559793472e-03
3.233425086364150047e-03
3.260467434301972389e-03
3.285404527559876442e-03
3.308382350951433182e-03
3.329176921397447586e-03
3.347917227074503899e-03
3.364610020071268082e-03
3.379185451194643974e-03
3.391591599211096764e-03
3.401870373636484146e-03
3.410055302083492279e-03
3.416067222133278847e-03
3.419906366616487503e-03
3.421653062105178833e-03
3.421220928430557251e-03
3.418694715946912766e-03
3.413983155041933060e-03
3.407165640965104103e-03
3.398200729861855507e-03
3.387018572539091110e-03
3.373760497197508812e-03
3.358507761731743813e-03
3.341095987707376480e-03
3.321463940665125847e-03
3.299710573628544807e-03
3.276046598330140114e-03
3.250370966270565987e-03
3.222410334274172783e-03
3.192662959918379784e-03
3.160999156534671783e-03
3.127070609480142593e-03
3.091477090492844582e-03
3.053782042115926743e-03
3.014098620042204857e-03
2.972669433802366257e-03
2.929257927462458611e-03
2.883956767618656158e-03
2.837303094565868378e-03
2.788463607430458069e-03
2.737799892202019691e-03
2.685935702174901962e-03
2.631966257467865944e-03
2.576561877503991127e-03
2.519481349736452103e-03
2.460699062794446945e-03
2.400641562417149544e-03
2.338953083381056786e-03
2.275725360959768295e-03
2.211009385064244270e-03
2.145282225683331490e-03
2.078036777675151825e-03
2.009404590353369713e-03
1.939487527124583721e-03
1.868635183200240135e-03
1.796518452465534210e-03
1.723185298033058643e-03
1.648967852815985680e-03
1.573313726112246513e-03
1.497303950600326061e-03
1.419885433278977871e-03
1.342154340818524361e-03
1.262962003238499165e-03
1.182911684736609459e-03
1.102428766898810863e-03
1.021506381221115589e-03
9.396973182447254658e-04
8.571519283577799797e-04
7.742980960756540298e-04
6.911745877005159855e-04
6.072936230339109898e-04
5.232046241872012615e-04
4.388733650557696819e-04
3.539833414833992720e-04
2.689583634492009878e-04
1.838876924011856318e-04
9.871431393548846245e-05
1.315752433583838865e-05
-7.231382187455892563e-05
-1.576234499225392938e-04
-2.427747385809198022e-04
-3.277735086157917976e-04
-4.125463019590824842e-04
-4.970996524207293987e-04
-5.813840543851256371e-04
-6.653273012489080429e-04
-7.485621608793735504e-04
-8.315072045661509037e-04
-9.140683105215430260e-04
-9.961883770301938057e-04
-1.077416585758328438e-03
-1.158154103904962540e-03
-1.238281955011188984e-03
-1.317402347922325134e-03
-1.395874191075563431e-03
-1.473560929298400879e-03
-1.549805398099124432e-03
-1.625684439204633236e-03
-1.700351363979279995e-03
-1.774107920937240124e-03
-1.846279483288526535e-03
-1.917586545459926128e-03
-1.987651223316788673e-03
-2.056706929579377174e-03
-2.124614780768752098e-03
-2.190772211179137230e-03
-2.255536848679184914e-03
-2.319408347830176353e-03
-2.381435362622141838e-03
-2.441932680085301399e-03
-2.501443726941943169e-03
-2.558882115408778191e-03
-2.614775905385613441e-03
-2.668971661478281021e-03
-2.721755299717187881e-03
-2.772736130282282829e-03
-2.822034759446978569e-03
-2.869673073291778564e-03
-2.915414748713374138e-03
-2.959310775622725487e-03
-3.001312026754021645e-03
-3.041540272533893585e-03
-3.079779446125030518e-03
-3.116050502285361290e-03
-3.150562522932887077e-03
-3.183052409440279007e-03
-3.213410032913088799e-03
-3.241941798478364944e-03
-3.268215805292129517e-03
-3.292626934126019478e-03
-3.314787056297063828e-03
-3.334987908601760864e-03
-3.353170119225978851e-03
-3.369170939549803734e-03
-3.383091883733868599e-03
-3.394902683794498444e-03
-3.404497634619474411e-03
-3.412024583667516708e-03
-3.417398780584335327e-03
-3.420603461563587189e-03
-3.421767614781856537e-03
-3.420691937208175659e-03
-3.417522879317402840e-03
-3.412214107811450958e-03
-3.404690884053707123e-03
-3.395048202946782112e-03
-3.383295144885778427e-03
-3.369441488757729530e-03
-3.353492124006152153e-03
-3.335320390760898590e-03
-3.315114881843328476e-03
-3.292867913842201233e-03
-3.268616506829857826e-03
-3.242340870201587677e-03
-3.213727381080389023e-03
-3.183249849826097488e-03
-3.150852862745523453e-03
-3.116566687822341919e-03
-3.080350579693913460e-03
-3.041928866878151894e-03
-3.001749049872159958e-03
-2.959840465337038040e-03
-2.916142577305436134e-03
-2.870262134820222855e-03
-2.822763053700327873e-03
-2.773181069642305374e-03
-2.722166711464524269e-03
-2.670101588591933250e-03
-2.615388482809066772e-03
-2.559337997809052467e-03
-2.501937793567776680e-03
-2.443062374368309975e-03
-2.382237929850816727e-03
-2.320150844752788544e-03
-2.256287494674324989e-03
-2.191345440223813057e-03
-2.125225961208343506e-03
-2.056780736893415451e-03
-1.988169737160205841e-03
-1.918506226502358913e-03
-1.847131759859621525e-03
-1.774830161593854427e-03
-1.701511559076607227e-03
-1.626018784008920193e-03
-1.550591900013387203e-03
-1.474380143918097019e-03
-1.396051608026027679e-03
-1.318008988164365292e-03
-1.239275909028947353e-03
-1.159122679382562637e-03
-1.078470028005540371e-03
-9.973096894100308418e-04
-9.148945100605487823e-04
-8.329432457685470581e-04
-7.490306161344051361e-04
-6.658033817075192928e-04
-5.822377279400825500e-04
-4.976338823325932026e-04
-4.136557108722627163e-04
-3.285764250904321671e-04
-2.434214693494141102e-04
-1.575021160533651710e-04
-7.255951641127467155e-05
1.309356139245210215e-05
9.854652307694777846e-05
1.830581604735925794e-04
2.683609491214156151e-04
3.527210792526602745e-04
4.378379962872713804e-04
5.219120066612958908e-04
6.065779016353189945e-04
6.900866865180432796e-04
7.740297587588429451e-04
8.566568139940500259e-04
9.388974285684525967e-04
1.020041410811245441e-03
1.101620728150010109e-03
1.181891420856118202e-03
1.262341160327196121e-03
1.341236173175275326e-03
1.419460633769631386e-03
1.496214536018669605e-03
1.572429435327649117e-03
1.648524194024503231e-03
1.722283195704221725e-03
1.795369083993136883e-03
1.868179766461253166e-03
1.939241890795528889e-03
2.008637180551886559e-03
2.077608834952116013e-03
2.144781639799475670e-03
2.210289938375353813e-03
2.274748869240283966e-03
2.338058780878782272e-03
2.400044817477464676e-03
2.460086718201637268e-03
2.518832916393876076e-03
2.575684338808059692e-03
2.631239825859665871e-03
2.685254206880927086e-03
2.737282309681177139e-03
2.787814941257238388e-03
2.836770610883831978e-03
2.883637323975563049e-03
2.928799018263816833e-03
2.972228918224573135e-03
3.013569395989179611e-03
3.053156426176428795e-03
3.090701065957546234e-03
3.126487834379076958e-03
3.160410327836871147e-03
3.192389151081442833e-03
3.222120692953467369e-03
3.249788191169500351e-03
3.275664988905191422e-03
3.299565520137548447e-03
3.321182215586304665e-03
3.340811002999544144e-03
3.358307993039488792e-03
3.373597981408238411e-03
3.386917291209101677e-03
3.398072905838489532e-03
3.406987525522708893e-03
3.413857426494359970e-03
3.418586216866970062e-03
3.421166446059942245e-03
3.421615110710263252e-03
3.419998101890087128e-03
3.416161518543958664e-03
3.410113742575049400e-03
3.402034053578972816e-03
3.391755977645516396e-03
3.379419911652803421e-03
3.364869160577654839e-03
3.348118159919977188e-03
3.329569706693291664e-03
3.308715531602501869e-03
3.286093473434448242e-03
3.260829485952854156e-03
3.233650000765919685e-03
3.204827662557363510e-03
3.173728007823228836e-03
3.140735905617475510e-03
3.105895593762397766e-03
3.068797988817095757e-03
3.029924817383289337e-03
2.989343134686350822e-03
2.947309985756874084e-03
2.902555745095014572e-03
2.856162143871188164e-03
2.808163641020655632e-03
2.758105518296360970e-03
2.706550061702728271e-03
2.654046285897493362e-03
2.598844002932310104e-03
2.542313188314437866e-03
2.484353259205818176e-03
2.424495294690132141e-03
2.363407285884022713e-03
2.301095053553581238e-03
2.236935542896389961e-03
2.171607222408056259e-03
2.105201827362179756e-03
2.036992693319916725e-03
1.967142568901181221e-03
1.897089416161179543e-03
1.825399463996291161e-03
1.752771902829408646e-03
1.679208362475037575e-03
1.603347365744411945e-03
1.527675311081111431e-03
1.451197196729481220e-03
1.373226288706064224e-03
1.293970737606287003e-03
1.215019379742443562e-03
1.135389902628958225e-03
1.053636427968740463e-03
9.723812108859419823e-04
8.899146341718733311e-04
8.079135441221296787e-04
7.239608676172792912e-04
6.406468455679714680e-04
5.570183857344090939e-04
4.722937010228633881e-04
3.882165474351495504e-04
3.030562656931579113e-04
2.178380382247269154e-04
1.318517170147970319e-04
4.690608693636022508e-05
