0.000000000000000000e+00 0.000000000000000000e+00 3.333333507180213928e-02 0.000000000000000000e+00 0.000000000000000000e+00
2.499537169933319092e-02 -9.537831065244972706e-04 3.333333507180213928e-02 -6.739541422575712204e-04 7.495833635330200195e-01
4.994308203458786011e-02 -1.463359221816062927e-03 3.329963609576225281e-02 -1.394749502651393414e-03 1.499168276786804199e+00
7.484006881713867188e-02 -1.497006509453058243e-03 3.322989866137504578e-02 -1.987930852919816971e-03 2.248754978179931641e+00
9.968309849500656128e-02 -1.130805467255413532e-03 3.313050046563148499e-02 -2.336492761969566345e-03 2.998343467712402344e+00
1.244699209928512573e-01 -5.206549540162086487e-04 3.301367536187171936e-02 -2.401050413027405739e-03 3.747933864593505859e+00
1.491996645927429199e-01 1.410619588568806648e-04 3.289362415671348572e-02 -2.220344496890902519e-03 4.497526168823242188e+00
1.738724857568740845e-01 6.713265902362763882e-04 3.278260678052902222e-02 -1.894955639727413654e-03 5.247120380401611328e+00
1.984885931015014648e-01 9.371007326990365982e-04 3.268785774707794189e-02 -1.558093354105949402e-03 5.996716499328613281e+00
2.230469435453414917e-01 8.801043732091784477e-04 3.260995447635650635e-02 -1.342191710136830807e-03 6.746314525604248047e+00
2.475440502166748047e-01 5.225567147135734558e-04 3.254284337162971497e-02 -1.348883146420121193e-03 7.495914459228515625e+00
2.719729840755462646e-01 -4.599540261551737785e-05 3.247540071606636047e-02 -1.629014965146780014e-03 8.245516777038574219e+00
2.963229417800903320e-01 -6.944526685401797295e-04 3.239395096898078918e-02 -2.175255212932825089e-03 8.995121002197265625e+00
3.205794394016265869e-01 -1.283772173337638378e-03 3.228518739342689514e-02 -2.928851172327995300e-03 9.744729042053222656e+00
3.447249829769134521e-01 -1.698595355264842510e-03 3.213874623179435730e-02 -3.796947887167334557e-03 1.049433994293212891e+01
3.687400221824645996e-01 -1.870146254077553749e-03 3.194889798760414124e-02 -4.675476811826229095e-03 1.124395561218261719e+01
3.926041722297668457e-01 -1.787695102393627167e-03 3.171512484550476074e-02 -5.472923163324594498e-03 1.199357604980468750e+01
4.162971973419189453e-01 -1.494501368142664433e-03 3.144147992134094238e-02 -6.128152832388877869e-03 1.274320125579833984e+01
4.397997260093688965e-01 -1.073629246093332767e-03 3.113507293164730072e-02 -6.620463449507951736e-03 1.349283313751220703e+01
4.630936086177825928e-01 -6.256180349737405777e-04 3.080404922366142273e-02 -6.969401147216558456e-03 1.424247169494628906e+01
4.861617386341094971e-01 -2.445357386022806168e-04 3.045557998120784760e-02 -7.225680164992809296e-03 1.499211692810058594e+01
5.089876651763916016e-01 1.890730345621705055e-06 3.009429574012756348e-02 -7.456275168806314468e-03 1.574176979064941406e+01
5.315550565719604492e-01 8.483320561936125159e-05 2.972148172557353973e-02 -7.727133110165596008e-03 1.649143028259277344e+01
5.538471341133117676e-01 1.630164479138329625e-05 2.933512441813945770e-02 -8.088263683021068573e-03 1.724109840393066406e+01
5.758461356163024902e-01 -1.576444483362138271e-04 2.893071062862873077e-02 -8.563668467104434967e-03 1.799077606201171875e+01
5.975332856178283691e-01 -3.705917333718389273e-04 2.850252762436866760e-02 -9.148054756224155426e-03 1.874046325683593750e+01
6.188887357711791992e-01 -5.527323810383677483e-04 2.804512530565261841e-02 -9.810461662709712982e-03 1.949015998840332031e+01
6.398922204971313477e-01 -6.468026549555361271e-04 2.755460143089294434e-02 -1.050321105867624283e-02 2.023986625671386719e+01
6.605232357978820801e-01 -6.200908101163804531e-04 2.702944166958332062e-02 -1.117399986833333969e-02 2.098958206176757812e+01
6.807618737220764160e-01 -4.690585774369537830e-04 2.647074125707149506e-02 -1.177747827023267746e-02 2.173930931091308594e+01
7.005891799926757812e-01 -2.177147252950817347e-04 2.588186785578727722e-02 -1.228452194482088089e-02 2.248904800415039062e+01
7.199875116348266602e-01 9.043607860803604126e-05 2.526764199137687683e-02 -1.268681790679693222e-02 2.323879623413085938e+01
7.389407753944396973e-01 4.042791260872036219e-04 2.463330142199993134e-02 -1.299614273011684418e-02 2.398855590820312500e+01
7.574340701103210449e-01 6.755860522389411926e-04 2.398349344730377197e-02 -1.324047707021236420e-02 2.473832702636718750e+01
7.754537463188171387e-01 8.706944063305854797e-04 2.332147024571895599e-02 -1.345547102391719818e-02 2.548810958862304688e+01
7.929868102073669434e-01 9.760359534993767738e-04 2.264869585633277893e-02 -1.367583125829696655e-02 2.623790550231933594e+01
8.100206851959228516e-01 9.990067919716238976e-04 2.196490392088890076e-02 -1.392769813537597656e-02 2.698771286010742188e+01
8.265429735183715820e-01 9.642751538194715977e-04 2.126851864159107208e-02 -1.422360632568597794e-02 2.773753166198730469e+01
8.425413370132446289e-01 9.057955467142164707e-04 2.055733837187290192e-02 -1.456153672188520432e-02 2.848736190795898438e+01
8.580035567283630371e-01 8.592443191446363926e-04 1.982926204800605774e-02 -1.492639072239398956e-02 2.923720169067382812e+01
8.729174733161926270e-01 8.536385139450430870e-04 1.908294297754764557e-02 -1.529473531991243362e-02 2.998705291748046875e+01
8.872714638710021973e-01 9.051794186234474182e-04 1.831820607185363770e-02 -1.564109325408935547e-02 3.073691558837890625e+01
9.010546207427978516e-01 1.015740795992314816e-03 1.753615215420722961e-02 -1.594335585832595825e-02 3.148678970336914062e+01
9.142568111419677734e-01 1.172147109173238277e-03 1.673898473381996155e-02 -1.618841290473937988e-02 3.223667526245117188e+01
9.268690347671508789e-01 1.352512976154685020e-03 1.592956483364105225e-02 -1.637328788638114929e-02 3.298656845092773438e+01
9.388833045959472656e-01 1.530853100121021271e-03 1.511090062558650970e-02 -1.650535129010677338e-02 3.373647308349609375e+01
9.502925872802734375e-01 1.683474518358707428e-03 1.428563334047794342e-02 -1.659969054162502289e-02 3.448638534545898438e+01
9.610906243324279785e-01 1.793842180632054806e-03 1.345564890652894974e-02 -1.667521893978118896e-02 3.523630905151367188e+01
9.712717533111572266e-01 1.855696202255785465e-03 1.262188795953989029e-02 -1.675015874207019806e-02 3.598624038696289062e+01
9.808306694030761719e-01 1.873884582892060280e-03 1.178438030183315277e-02 -1.683787629008293152e-02 3.673617935180664062e+01
9.897624254226684570e-01 1.861534547060728073e-03 1.094248611479997635e-02 -1.694479770958423615e-02 3.748612594604492188e+01
9.980621933937072754e-01 1.836195122450590134e-03 1.009524613618850708e-02 -1.706996746361255646e-02 3.823608016967773438e+01
1.005725264549255371e+00 1.816257368773221970e-03 9.241747669875621796e-03 -1.720570772886276245e-02 3.898604202270507812e+01
1.012747287750244141e+00 1.816643285565078259e-03 8.381462655961513519e-03 -1.734008081257343292e-02 3.973600769042968750e+01
1.019124150276184082e+00 1.845658873207867146e-03 7.514458615332841873e-03 -1.746011152863502502e-02 4.048598098754882812e+01
1.024852275848388672e+00 1.903593074530363083e-03 6.641453132033348083e-03 -1.755503751337528229e-02 4.123595809936523438e+01
1.029928565025329590e+00 1.984115922823548317e-03 5.763701163232326508e-03 -1.761818118393421173e-02 4.198593902587890625e+01
1.034350514411926270e+00 2.075910102576017380e-03 4.882792010903358459e-03 -1.764829084277153015e-02 4.273592758178710938e+01
1.038116335868835449e+00 2.165799960494041443e-03 4.000377375632524490e-03 -1.764928922057151794e-02 4.348591995239257812e+01
1.041224956512451172e+00 2.241780981421470642e-03 3.117912914603948593e-03 -1.762901432812213898e-02 4.423591232299804688e+01
1.043675422668457031e+00 2.296118065714836121e-03 2.236462198197841644e-03 -1.759679615497589111e-02 4.498590850830078125e+01
1.045467615127563477e+00 2.325637266039848328e-03 1.356622437015175819e-03 -1.756184175610542297e-02 4.573590469360351562e+01
1.046601414680480957e+00 2.332973061129450798e-03 4.785303608514368534e-04 -1.753076538443565369e-02 4.648590469360351562e+01
1.047076940536499023e+00 2.324845874682068825e-03 -3.980079200118780136e-04 -1.750667765736579895e-02 4.723590469360351562e+01
1.046894669532775879e+00 2.310703275725245476e-03 -1.273341826163232327e-03 -1.748857647180557251e-02 4.798590469360351562e+01
1.046055197715759277e+00 2.299764426425099373e-03 -2.147770719602704048e-03 -1.747230067849159241e-02 4.873590469360351562e+01
1.044559359550476074e+00 2.299657091498374939e-03 -3.021385753527283669e-03 -1.745143346488475800e-02 4.948590469360351562e+01
1.042408347129821777e+00 2.314222976565361023e-03 -3.893957473337650299e-03 -1.741929724812507629e-02 5.023590087890625000e+01
1.039603590965270996e+00 2.343818079680204391e-03 -4.764922428876161575e-03 -1.737005449831485748e-02 5.098589706420898438e+01
1.036147117614746094e+00 2.384708262979984283e-03 -5.633424967527389526e-03 -1.730036735534667969e-02 5.173588943481445312e+01
1.032041311264038086e+00 2.430940512567758560e-03 -6.498443428426980972e-03 -1.720960997045040131e-02 5.248587799072265625e+01
1.027289032936096191e+00 2.475615590810775757e-03 -7.358924020081758499e-03 -1.709986291825771332e-02 5.323586273193359375e+01
1.021893620491027832e+00 2.512861043214797974e-03 -8.213916793465614319e-03 -1.697496511042118073e-02 5.398584365844726562e+01
1.015858888626098633e+00 2.538580447435379028e-03 -9.062664583325386047e-03 -1.683970354497432709e-02 5.473582077026367188e+01
1.009188890457153320e+00 2.551571233198046684e-03 -9.904650039970874786e-03 -1.669846102595329285e-02 5.548579025268554688e+01
1.001888155937194824e+00 2.552982419729232788e-03 -1.073957327753305435e-02 -1.655456796288490295e-02 5.623575592041015625e+01
9.939612746238708496e-01 2.546098781749606133e-03 -1.156730204820632935e-02 -1.640960015356540680e-02 5.698571395874023438e+01
9.854133129119873047e-01 2.535827457904815674e-03 -1.238778233528137207e-02 -1.626291498541831970e-02 5.773566436767578125e+01
9.762495160102844238e-01 2.526828553527593613e-03 -1.320092845708131790e-02 -1.611232012510299683e-02 5.848560714721679688e+01
9.664754271507263184e-01 2.523016883060336113e-03 -1.400654483586549759e-02 -1.595443300902843475e-02 5.923554229736328125e+01
9.560970067977905273e-01 2.526301192119717598e-03 -1.480426639318466187e-02 -1.578578352928161621e-02 5.998546981811523438e+01
9.451205134391784668e-01 2.536462387070059776e-03 -1.559355575591325760e-02 -1.560358703136444092e-02 6.073538970947265625e+01
9.335526227951049805e-01 2.551931189373135567e-03 -1.637373492121696472e-02 -1.540596410632133484e-02 6.148530197143554688e+01
9.214004278182983398e-01 2.569107804447412491e-03 -1.714403368532657623e-02 -1.519292965531349182e-02 6.223520278930664062e+01
9.086714982986450195e-01 2.584652043879032135e-03 -1.790367998182773590e-02 -1.496556401252746582e-02 6.298509597778320312e+01
8.953736424446105957e-01 2.595199737697839737e-03 -1.865195855498313904e-02 -1.472617499530315399e-02 6.373497772216796875e+01
8.815152049064636230e-01 2.598831895738840103e-03 -1.938826777040958405e-02 -1.447731163352727890e-02 6.448484802246093750e+01
8.671048283576965332e-01 2.594929188489913940e-03 -2.011213265359401703e-02 -1.422139070928096771e-02 6.523471069335937500e+01
8.521514534950256348e-01 2.584440167993307114e-03 -2.082320302724838257e-02 -1.396004296839237213e-02 6.598455810546875000e+01
8.366643786430358887e-01 2.569193951785564423e-03 -2.152120508253574371e-02 -1.369401719421148300e-02 6.673439788818359375e+01
8.206531405448913574e-01 2.551244804635643959e-03 -2.220590598881244659e-02 -1.342330779880285263e-02 6.748423004150390625e+01
8.041276335716247559e-01 2.533200895413756371e-03 -2.287707105278968811e-02 -1.314680185168981552e-02 6.823404693603515625e+01
7.870979309082031250e-01 2.516986103728413582e-03 -2.353441156446933746e-02 -1.286291796714067459e-02 6.898385620117187500e+01
7.695745825767517090e-01 2.503556432202458382e-03 -2.417755685746669769e-02 -1.257002539932727814e-02 6.973365020751953125e+01
7.515683174133300781e-01 2.492625731974840164e-03 -2.480605803430080414e-02 -1.226696092635393143e-02 7.048343658447265625e+01
7.330902814865112305e-01 2.483456395566463470e-03 -2.541940659284591675e-02 -1.195293013006448746e-02 7.123320770263671875e+01
7.141519188880920410e-01 2.474200446158647537e-03 -2.601705305278301239e-02 -1.162814255803823471e-02 7.198297119140625000e+01
6.947649717330932617e-01 2.463214565068483353e-03 -2.659846097230911255e-02 -1.129331998527050018e-02 7.273271942138671875e+01
6.749415993690490723e-01 2.448537619784474373e-03 -2.716312743723392487e-02 -1.095000095665454865e-02 7.348246002197265625e+01
6.546941399574279785e-01 2.429600572213530540e-03 -2.771062776446342468e-02 -1.059949584305286407e-02 7.423218536376953125e+01
6.340352892875671387e-01 2.406065585091710091e-03 -2.824060246348381042e-02 -1.024320628494024277e-02 7.498190307617187500e+01
6.129779219627380371e-01 2.378201112151145935e-03 -2.875276282429695129e-02 -9.882287122309207916e-03 7.573160552978515625e+01
5.915352106094360352e-01 2.347144065424799919e-03 -2.924687787890434265e-02 -9.517233818769454956e-03 7.648130035400390625e+01
5.697205066680908203e-01 2.314064186066389084e-03 -2.972273901104927063e-02 -9.148149751126766205e-03 7.723097991943359375e+01
5.475473999977111816e-01 2.280520973727107048e-03 -3.018014691770076752e-02 -8.774460293352603912e-03 7.798065185546875000e+01
5.250297188758850098e-01 2.247099066153168678e-03 -3.061887063086032867e-02 -8.395714685320854187e-03 7.873031616210937500e+01
5.021814703941345215e-01 2.214322565123438835e-03 -3.103865683078765869e-02 -8.011280559003353119e-03 7.947996520996093750e+01
4.790168702602386475e-01 2.182333497330546379e-03 -3.143922239542007446e-02 -7.620587013661861420e-03 8.022960662841796875e+01
4.555504024028778076e-01 2.150581451132893562e-03 -3.182025253772735596e-02 -7.223477587103843689e-03 8.097924041748046875e+01
4.317966997623443604e-01 2.118200762197375298e-03 -3.218142688274383545e-02 -6.820202339440584183e-03 8.172886657714843750e+01
4.077706634998321533e-01 2.084307605400681496e-03 -3.252243623137474060e-02 -6.411335431039333344e-03 8.247848510742187500e+01
3.834872841835021973e-01 2.047867514193058014e-03 -3.284300118684768677e-02 -5.997890140861272812e-03 8.322808837890625000e+01
3.589617908000946045e-01 2.008449751883745193e-03 -3.314289450645446777e-02 -5.580855533480644226e-03 8.397768402099609375e+01
3.342095315456390381e-01 1.966245938092470169e-03 -3.342193737626075745e-02 -5.160975269973278046e-03 8.472727203369140625e+01
3.092460036277770996e-01 1.921628136187791824e-03 -3.367998450994491577e-02 -4.738830495625734329e-03 8.547686004638671875e+01
2.840868234634399414e-01 1.874945359304547310e-03 -3.391692787408828735e-02 -4.314917139708995819e-03 8.622644042968750000e+01
2.587476968765258789e-01 1.826863735914230347e-03 -3.413267433643341064e-02 -3.889406798407435417e-03 8.697601318359375000e+01
2.332444489002227783e-01 1.778205856680870056e-03 -3.432714566588401794e-02 -3.462136490270495415e-03 8.772557830810546875e+01
2.075930088758468628e-01 1.729352748952805996e-03 -3.450025245547294617e-02 -3.032962325960397720e-03 8.847513580322265625e+01
1.818093657493591309e-01 1.680579385720193386e-03 -3.465190157294273376e-02 -2.601677086204290390e-03 8.922469329833984375e+01
1.559096127748489380e-01 1.631689025089144707e-03 -3.478198498487472534e-02 -2.168301725760102272e-03 8.997424316406250000e+01
1.299099177122116089e-01 1.582667697221040726e-03 -3.489039838314056396e-02 -1.732797012664377689e-03 9.072379302978515625e+01
1.038265153765678406e-01 1.532952534034848213e-03 -3.497703745961189270e-02 -1.295514171943068504e-03 9.147334289550781250e+01
7.767568528652191162e-02 1.482083811424672604e-03 -3.504181280732154846e-02 -8.569422061555087566e-04 9.222288513183593750e+01
5.147376284003257751e-02 1.429985277354717255e-03 -3.508466109633445740e-02 -4.174799541942775249e-04 9.297242736816406250e+01
2.523711882531642914e-02 1.376176136545836926e-03 -3.510553389787673950e-02 2.214402775280177593e-05 9.372196960449218750e+01
-1.017861068248748779e-03 1.320575247518718243e-03 -3.510442748665809631e-02 4.612849734257906675e-04 9.447151184082031250e+01
-2.727478556334972382e-02 1.263635931536555290e-03 -3.508136421442031860e-02 8.996194228529930115e-04 9.522105407714843750e+01
-5.351727083325386047e-02 1.205303007736802101e-03 -3.503638505935668945e-02 1.336608082056045532e-03 9.597059631347656250e+01
-7.972895354032516479e-02 1.146126538515090942e-03 -3.496955335140228271e-02 1.772096613422036171e-03 9.672013854980468750e+01
-1.058935075998306274e-01 1.086526783183217049e-03 -3.488094732165336609e-02 2.206023083999752998e-03 9.746968078613281250e+01
-1.319946199655532837e-01 1.026900135912001133e-03 -3.477064520120620728e-02 2.638452686369419098e-03 9.821922302246093750e+01
-1.580160409212112427e-01 9.676052723079919815e-04 -3.463872149586677551e-02 3.069564467296004295e-03 9.896877288818359375e+01
-1.839415431022644043e-01 9.082429460249841213e-04 -3.448524326086044312e-02 3.499133978039026260e-03 9.971832275390625000e+01
-2.097549587488174438e-01 8.489204919897019863e-04 -3.431028500199317932e-02 3.927147015929222107e-03 1.004678802490234375e+02
-2.354402095079421997e-01 7.889923290349543095e-04 -3.411392867565155029e-02 4.353095311671495438e-03 1.012174377441406250e+02
-2.609812617301940918e-01 7.281199796125292778e-04 -3.389627486467361450e-02 4.776440560817718506e-03 1.019670028686523438e+02
-2.863622307777404785e-01 6.665070541203022003e-04 -3.365745395421981812e-02 5.196886137127876282e-03 1.027165756225585938e+02
-3.115672469139099121e-01 6.038916180841624737e-04 -3.339761123061180115e-02 5.613865330815315247e-03 1.034661483764648438e+02
-3.365806341171264648e-01 5.408142460510134697e-04 -3.311691805720329285e-02 6.027261260896921158e-03 1.042157287597656250e+02
-3.613867461681365967e-01 4.767515347339212894e-04 -3.281555324792861938e-02 6.436390336602926254e-03 1.049653167724609375e+02
-3.859701752662658691e-01 4.124351544305682182e-04 -3.249373286962509155e-02 6.841240916401147842e-03 1.057149124145507812e+02
-4.103155732154846191e-01 3.481153980828821659e-04 -3.215166926383972168e-02 7.241718005388975143e-03 1.064645156860351562e+02
-4.344077706336975098e-01 2.838813234120607376e-04 -3.178958222270011902e-02 7.637692615389823914e-03 1.072141265869140625e+02
-4.582317471504211426e-01 2.197862195316702127e-04 -3.140769898891448975e-02 8.029038086533546448e-03 1.079637451171875000e+02
-4.817726612091064453e-01 1.558017393108457327e-04 -3.100624680519104004e-02 8.415582589805126190e-03 1.087133789062500000e+02
-5.050158500671386719e-01 9.192865400109440088e-05 -3.058546781539916992e-02 8.797156624495983124e-03 1.094630203247070312e+02
-5.279467701911926270e-01 2.810250589391216636e-05 -3.014560975134372711e-02 9.173537604510784149e-03 1.102126693725585938e+02
-5.505511760711669922e-01 -3.599483898142352700e-05 -2.968693338334560394e-02 9.544291533529758453e-03 1.109623260498046875e+02
-5.728148818016052246e-01 -1.001279451884329319e-04 -2.920971810817718506e-02 9.909247048199176788e-03 1.117119979858398438e+02
-5.947240591049194336e-01 -1.645188458496704698e-04 -2.871425636112689972e-02 1.026798319071531296e-02 1.124616775512695312e+02
-6.162649989128112793e-01 -2.287510433234274387e-04 -2.820085734128952026e-02 1.062043290585279465e-02 1.132113647460937500e+02
-6.374242901802062988e-01 -2.932008064817637205e-04 -2.766983583569526672e-02 1.096611376851797104e-02 1.139610671997070312e+02
-6.581887006759643555e-01 -3.576848539523780346e-04 -2.712153084576129913e-02 1.130478363484144211e-02 1.147107772827148438e+02
-6.785452365875244141e-01 -4.217129026073962450e-04 -2.655629254877567291e-02 1.163646951317787170e-02 1.154605026245117188e+02
-6.984812021255493164e-01 -4.853535210713744164e-04 -2.597446925938129425e-02 1.196097768843173981e-02 1.162102355957031250e+02
-7.179841399192810059e-01 -5.487266462296247482e-04 -2.537642046809196472e-02 1.227804366499185562e-02 1.169599838256835938e+02
-7.370418310165405273e-01 -6.114948191680014133e-04 -2.476251870393753052e-02 1.258767489343881607e-02 1.177097396850585938e+02
-7.556424140930175781e-01 -6.738591473549604416e-04 -2.413313463330268860e-02 1.288961060345172882e-02 1.184595108032226562e+02
-7.737742066383361816e-01 -7.359627052210271358e-04 -2.348865382373332977e-02 1.318355370312929153e-02 1.192092895507812500e+02
-7.914258837699890137e-01 -7.976535125635564327e-04 -2.282947674393653870e-02 1.346935238689184189e-02 1.199590835571289062e+02
-8.085863590240478516e-01 -8.589695789851248264e-04 -2.215600945055484772e-02 1.374676357954740524e-02 1.207088851928710938e+02
-8.252449631690979004e-01 -9.197029867209494114e-04 -2.146867103874683380e-02 1.401569508016109467e-02 1.214587020874023438e+02
-8.413912057876586914e-01 -9.800177067518234253e-04 -2.076788619160652161e-02 1.427586004137992859e-02 1.222085266113281250e+02
-8.570150136947631836e-01 -1.039809314534068108e-03 -2.005409263074398041e-02 1.452709175646305084e-02 1.229583663940429688e+02
-8.721065521240234375e-01 -1.098907319828867912e-03 -1.932773739099502563e-02 1.476929802447557449e-02 1.237082138061523438e+02
-8.866564035415649414e-01 -1.157409278675913811e-03 -1.858927309513092041e-02 1.500224974006414413e-02 1.244580688476562500e+02
-9.006553888320922852e-01 -1.215263037011027336e-03 -1.783915981650352478e-02 1.522578485310077667e-02 1.252079391479492188e+02
-9.140948057174682617e-01 -1.272073015570640564e-03 -1.707787066698074341e-02 1.543998904526233673e-02 1.259578170776367188e+02
-9.269661903381347656e-01 -1.328271231614053249e-03 -1.630587130784988403e-02 1.564450375735759735e-02 1.267077102661132812e+02
-9.392614364624023438e-01 -1.383652095682919025e-03 -1.552364602684974670e-02 1.583926007151603699e-02 1.274576110839843750e+02
-9.509728550910949707e-01 -1.437981729395687580e-03 -1.473168283700942993e-02 1.602427102625370026e-02 1.282075195312500000e+02
-9.620931148529052734e-01 -1.491465023718774319e-03 -1.393046975135803223e-02 1.619932428002357483e-02 1.289574432373046875e+02
-9.726151823997497559e-01 -1.544092898257076740e-03 -1.312050316482782364e-02 1.636427640914916992e-02 1.297073669433593750e+02
-9.825325012207031250e-01 -1.595907262526452541e-03 -1.230228971689939499e-02 1.651894487440586090e-02 1.304573059082031250e+02
-9.918387532234191895e-01 -1.646566786803305149e-03 -1.147634256631135941e-02 1.666339300572872162e-02 1.312072448730468750e+02
-1.000528097152709961e+00 -1.696276362054049969e-03 -1.064317300915718079e-02 1.679742522537708282e-02 1.319571990966796875e+02
-1.008595108985900879e+00 -1.745076151564717293e-03 -9.803301654756069183e-03 1.692087389528751373e-02 1.327071533203125000e+02
-1.016034722328186035e+00 -1.792899915017187595e-03 -8.957257494330406189e-03 1.703363284468650818e-02 1.334571228027343750e+02
-1.022842168807983398e+00 -1.839743228629231453e-03 -8.105576038360595703e-03 1.713556423783302307e-02 1.342070922851562500e+02
-1.029013276100158691e+00 -1.885284204035997391e-03 -7.248797919601202011e-03 1.722674816846847534e-02 1.349570617675781250e+02
-1.034544110298156738e+00 -1.929518301039934158e-03 -6.387460511177778244e-03 1.730716042220592499e-02 1.357070465087890625e+02
-1.039431095123291016e+00 -1.972546800971031189e-03 -5.522102583199739456e-03 1.737670227885246277e-02 1.364570312500000000e+02
-1.043671250343322754e+00 -2.014307305216789246e-03 -4.653267562389373779e-03 1.743534766137599945e-02 1.372070159912109375e+02
-1.047261953353881836e+00 -2.054901095107197762e-03 -3.781500272452831268e-03 1.748297549784183502e-02 1.379570007324218750e+02
-1.050200819969177246e+00 -2.093988237902522087e-03 -2.907351590692996979e-03 1.751973852515220642e-02 1.387070007324218750e+02
-1.052486062049865723e+00 -2.131597371771931648e-03 -2.031364711001515388e-03 1.754564978182315826e-02 1.394570007324218750e+02
-1.054116129875183105e+00 -2.168094739317893982e-03 -1.154082128778100014e-03 1.756047643721103668e-02 1.402070007324218750e+02
-1.055090069770812988e+00 -2.203152747824788094e-03 -2.760582719929516315e-04 1.756433956325054169e-02 1.409570007324218750e+02
-1.055407285690307617e+00 -2.236607251688838005e-03 6.021587178111076355e-04 1.755736209452152252e-02 1.417070007324218750e+02
-1.055067539215087891e+00 -2.268972573801875114e-03 1.480026869103312492e-03 1.753924787044525146e-02 1.424570007324218750e+02
-1.054070949554443359e+00 -2.300004241988062859e-03 2.356989309191703796e-03 1.751004904508590698e-02 1.432070007324218750e+02
-1.052418231964111328e+00 -2.329717157408595085e-03 3.232491668313741684e-03 1.746971718966960907e-02 1.439570007324218750e+02
-1.050110340118408203e+00 -2.357978606596589088e-03 4.105977714061737061e-03 1.741830818355083466e-02 1.447070007324218750e+02
-1.047148704528808594e+00 -2.384721767157316208e-03 4.976893309503793716e-03 1.735587231814861298e-02 1.454570007324218750e+02
-1.043535232543945312e+00 -2.409731969237327576e-03 5.844687111675739288e-03 1.728259585797786713e-02 1.462069854736328125e+02
-1.039272189140319824e+00 -2.433153567835688591e-03 6.708817090839147568e-03 1.719848811626434326e-02 1.469569702148437500e+02
-1.034362316131591797e+00 -2.455098554491996765e-03 7.568741682916879654e-03 1.710353605449199677e-02 1.477069549560546875e+02
-1.028808593750000000e+00 -2.475454937666654587e-03 8.423918858170509338e-03 1.699784584343433380e-02 1.484569396972656250e+02
-1.022614479064941406e+00 -2.494166372343897820e-03 9.273811243474483490e-03 1.688152551651000977e-02 1.492069091796875000e+02
-1.015783905982971191e+00 -2.511156722903251648e-03 1.011788751929998398e-02 1.675472222268581390e-02 1.499568786621093750e+02
-1.008321166038513184e+00 -2.526583848521113396e-03 1.095562335103750229e-02 1.661745086312294006e-02 1.507068481445312500e+02
-1.000230908393859863e+00 -2.540563466027379036e-03 1.178649626672267914e-02 1.646970771253108978e-02 1.514568023681640625e+02
-9.915182590484619141e-01 -2.552866702899336815e-03 1.260998193174600601e-02 1.631168276071548462e-02 1.522067565917968750e+02
-9.821886420249938965e-01 -2.563542686402797699e-03 1.342556625604629517e-02 1.614346355199813843e-02 1.529566955566406250e+02
-9.722479581832885742e-01 -2.572834957391023636e-03 1.423273980617523193e-02 1.596498861908912659e-02 1.537066345214843750e+02
-9.617024064064025879e-01 -2.580553060397505760e-03 1.503098942339420319e-02 1.577641442418098450e-02 1.544565582275390625e+02
-9.505586028099060059e-01 -2.586594782769680023e-03 1.581981033086776733e-02 1.557790767401456833e-02 1.552064819335937500e+02
-9.388235807418823242e-01 -2.590947318822145462e-03 1.659870520234107971e-02 1.536961458623409271e-02 1.559563903808593750e+02
-9.265046715736389160e-01 -2.593674929812550545e-03 1.736718602478504181e-02 1.515164226293563843e-02 1.567062835693359375e+02
-9.136096239089965820e-01 -2.594797639176249504e-03 1.812476851046085358e-02 1.492410525679588318e-02 1.574561767578125000e+02
-9.001464843750000000e-01 -2.593963872641324997e-03 1.887097395956516266e-02 1.468738820403814316e-02 1.582060546875000000e+02
-8.861237764358520508e-01 -2.591509604826569557e-03 1.960534416139125824e-02 1.444152090698480606e-02 1.589559173583984375e+02
-8.715502619743347168e-01 -2.587296999990940094e-03 2.032742090523242950e-02 1.418675854802131653e-02 1.597057800292968750e+02
-8.564350605010986328e-01 -2.581528853625059128e-03 2.103675901889801025e-02 1.392317283898591995e-02 1.604556274414062500e+02
-8.407877087593078613e-01 -2.574296668171882629e-03 2.173291705548763275e-02 1.365084666758775711e-02 1.612054595947265625e+02
-8.246179819107055664e-01 -2.565367147326469421e-03 2.241545915603637695e-02 1.337006594985723495e-02 1.619552917480468750e+02
-8.079360127449035645e-01 -2.554879756644368172e-03 2.308396250009536743e-02 1.308094710111618042e-02 1.627051086425781250e+02
-7.907522916793823242e-01 -2.542927628383040428e-03 2.373800985515117645e-02 1.278359908610582352e-02 1.634549102783203125e+02
-7.730775475502014160e-01 -2.529245335608720779e-03 2.437718957662582397e-02 1.247835345566272736e-02 1.642046966552734375e+02
-7.549228668212890625e-01 -2.514227991923689842e-03 2.500110678374767303e-02 1.216518227010965347e-02 1.649544830322265625e+02
-7.362996339797973633e-01 -2.497684676200151443e-03 2.560936659574508667e-02 1.184433605521917343e-02 1.657042541503906250e+02
-7.172195315361022949e-01 -2.479479881003499031e-03 2.620158344507217407e-02 1.151610072702169418e-02 1.664540100097656250e+02
-6.976945400238037109e-01 -2.459484850987792015e-03 2.677738852798938751e-02 1.118082087486982346e-02 1.672037506103515625e+02
-6.777368187904357910e-01 -2.437992952764034271e-03 2.733642980456352234e-02 1.083860173821449280e-02 1.679534912109375000e+02
-6.573588848114013672e-01 -2.414919203147292137e-03 2.787835896015167236e-02 1.048971898853778839e-02 1.687032165527343750e+02
-6.365735530853271484e-01 -2.390544628724455833e-03 2.840284444391727448e-02 1.013422943651676178e-02 1.694529266357421875e+02
-6.153937578201293945e-01 -2.364380517974495888e-03 2.890955656766891479e-02 9.772643446922302246e-03 1.702026214599609375e+02
-5.938327908515930176e-01 -2.336758887395262718e-03 2.939818799495697021e-02 9.405080229043960571e-03 1.709523162841796875e+02
-5.719041228294372559e-01 -2.307778457179665565e-03 2.986844256520271301e-02 9.031714871525764465e-03 1.717019958496093750e+02
-5.496214628219604492e-01 -2.277394291013479233e-03 3.032002784311771393e-02 8.652798831462860107e-03 1.724516601562500000e+02
-5.269987583160400391e-01 -2.245724201202392578e-03 3.075266815721988678e-02 8.268494158983230591e-03 1.732013244628906250e+02
-5.040501356124877930e-01 -2.212652936577796936e-03 3.116609342396259308e-02 7.879096083343029022e-03 1.739509735107421875e+02
-4.807899296283721924e-01 -2.178278286010026932e-03 3.156004846096038818e-02 7.484798785299062729e-03 1.747006072998046875e+02
-4.572326838970184326e-01 -2.142552752047777176e-03 3.193428739905357361e-02 7.085877470672130585e-03 1.754502410888671875e+02
-4.333931207656860352e-01 -2.105525694787502289e-03 3.228858113288879395e-02 6.682565435767173767e-03 1.761998596191406250e+02
-4.092861115932464600e-01 -2.067391062155365944e-03 3.262270987033843994e-02 6.274987012147903442e-03 1.769494781494140625e+02
-3.849267363548278809e-01 -2.027662238106131554e-03 3.293645754456520081e-02 5.863687023520469666e-03 1.776990814208984375e+02
-3.603301942348480225e-01 -1.987027237191796303e-03 3.322964161634445190e-02 5.448571871966123581e-03 1.784486846923828125e+02
-3.355118334293365479e-01 -1.944761606864631176e-03 3.350206837058067322e-02 5.030303262174129486e-03 1.791982727050781250e+02
-3.104871511459350586e-01 -1.901512499898672104e-03 3.375358507037162781e-02 4.608854185789823532e-03 1.799478607177734375e+02
-2.852717936038970947e-01 -1.856714719906449318e-03 3.398402780294418335e-02 4.184828605502843857e-03 1.806974334716796875e+02
-2.598814666271209717e-01 -1.810894813388586044e-03 3.419326990842819214e-02 3.758282167837023735e-03 1.814470062255859375e+02
-2.343319952487945557e-01 -1.763843116350471973e-03 3.438118472695350647e-02 3.329609520733356476e-03 1.821965637207031250e+02
-2.086393237113952637e-01 -1.715917605906724930e-03 3.454766422510147095e-02 2.898894250392913818e-03 1.829461212158203125e+02
-1.828194707632064819e-01 -1.667424920015037060e-03 3.469260782003402710e-02 2.466135891154408455e-03 1.836956787109375000e+02
-1.568885594606399536e-01 -1.617828267626464367e-03 3.481591492891311646e-02 2.031823387369513512e-03 1.844452362060546875e+02
-1.308627426624298096e-01 -1.566963037475943565e-03 3.491750732064247131e-02 1.596389454789459705e-03 1.851947784423828125e+02
-1.047582328319549561e-01 -1.515300362370908260e-03 3.499732539057731628e-02 1.159894280135631561e-03 1.859443206787109375e+02
-7.859131693840026855e-02 -1.462898566387593746e-03 3.505532070994377136e-02 7.225280860438942909e-04 1.866938629150390625e+02
-5.237830802798271179e-02 -1.409130636602640152e-03 3.509144857525825500e-02 2.849538868758827448e-04 1.874434051513671875e+02
-2.613553591072559357e-02 -1.354624750092625618e-03 3.510569781064987183e-02 -1.528062857687473297e-04 1.881929473876953125e+02
1.206379383802413940e-04 -1.299253315664827824e-03 3.509805724024772644e-02 -5.904135759919881821e-04 1.889424896240234375e+02
2.637385576963424683e-02 -1.242810511030256748e-03 3.506853803992271423e-02 -1.027414575219154358e-03 1.896920318603515625e+02
5.260776728391647339e-02 -1.185888773761689663e-03 3.501716628670692444e-02 -1.463829423300921917e-03 1.904415740966796875e+02
7.880602031946182251e-02 -1.128335134126245975e-03 3.494397550821304321e-02 -1.899358001537621021e-03 1.911911163330078125e+02
1.049522906541824341e-01 -1.070180325768887997e-03 3.484900668263435364e-02 -2.333763753995299339e-03 1.919406585693359375e+02
1.310302764177322388e-01 -1.011249725706875324e-03 3.473231941461563110e-02 -2.766666235402226448e-03 1.926902008056640625e+02
1.570237427949905396e-01 -9.517432190477848053e-04 3.459398448467254639e-02 -3.197872312739491463e-03 1.934397430419921875e+02
1.829164922237396240e-01 -8.915866492316126823e-04 3.443409129977226257e-02 -3.627055790275335312e-03 1.941893005371093750e+02
2.086924016475677490e-01 -8.311615092679858208e-04 3.425273671746253967e-02 -4.054173827171325684e-03 1.949388580322265625e+02
2.343353927135467529e-01 -7.698722765780985355e-04 3.405002877116203308e-02 -4.478621762245893478e-03 1.956884155273437500e+02
2.598295211791992188e-01 -7.083576638251543045e-04 3.382609784603118896e-02 -4.900436848402023315e-03 1.964379882812500000e+02
2.851588726043701172e-01 -6.462291348725557327e-04 3.358107432723045349e-02 -5.319152027368545532e-03 1.971875610351562500e+02
3.103076517581939697e-01 -5.838711513206362724e-04 3.331511840224266052e-02 -5.734692327678203583e-03 1.979371337890625000e+02
3.352601826190948486e-01 -5.208086804486811161e-04 3.302838280797004700e-02 -6.146505475044250488e-03 1.986867218017578125e+02
3.600009381771087646e-01 -4.575040657073259354e-04 3.272105753421783447e-02 -6.554512307047843933e-03 1.994363098144531250e+02
3.845144808292388916e-01 -3.940113238058984280e-04 3.239333257079124451e-02 -6.958502810448408127e-03 2.001859130859375000e+02
4.087855517864227295e-01 -3.303353150840848684e-04 3.204540908336639404e-02 -7.358239963650703430e-03 2.009355163574218750e+02
4.327989816665649414e-01 -2.664018829818814993e-04 3.167749568819999695e-02 -7.753424812108278275e-03 2.016851348876953125e+02
4.565398097038269043e-01 -2.022385888267308474e-04 3.128982335329055786e-02 -8.143790066242218018e-03 2.024347534179687500e+02
4.799932539463043213e-01 -1.380488538416102529e-04 3.088263422250747681e-02 -8.529191836714744568e-03 2.031843872070312500e+02
5.031446218490600586e-01 -7.359611481660977006e-05 3.045617416501045227e-02 -8.909238502383232117e-03 2.039340362548828125e+02
5.259795188903808594e-01 -9.264818800147622824e-06 3.001071140170097351e-02 -9.283876977860927582e-03 2.046836853027343750e+02
5.484837293624877930e-01 5.498228711076080799e-05 2.954651787877082825e-02 -9.652890264987945557e-03 2.054333496093750000e+02
5.706431269645690918e-01 1.194186334032565355e-04 2.906387299299240112e-02 -1.001586858183145523e-02 2.061830291748046875e+02
5.924439430236816406e-01 1.839615288190543652e-04 2.856308035552501678e-02 -1.037254184484481812e-02 2.069327087402343750e+02
6.138725280761718750e-01 2.482861164025962353e-04 2.804445289075374603e-02 -1.072282902896404266e-02 2.076824035644531250e+02
6.349155306816101074e-01 3.123365167994052172e-04 2.750831097364425659e-02 -1.106656715273857117e-02 2.084321136474609375e+02
6.555597782135009766e-01 3.761939588002860546e-04 2.695498242974281311e-02 -1.140350848436355591e-02 2.091818237304687500e+02
6.757923960685729980e-01 4.397600714582949877e-04 2.638480626046657562e-02 -1.173349376767873764e-02 2.099315490722656250e+02
6.956006884574890137e-01 5.031749606132507324e-04 2.579813078045845032e-02 -1.205621939152479172e-02 2.106812896728515625e+02
7.149723172187805176e-01 5.664229393005371094e-04 2.519531920552253723e-02 -1.237143389880657196e-02 2.114310455322265625e+02
7.338951230049133301e-01 6.293736514635384083e-04 2.457674778997898102e-02 -1.267895661294460297e-02 2.121808013916015625e+02
7.523573040962219238e-01 6.920665618963539600e-04 2.394280023872852325e-02 -1.297852676361799240e-02 2.129305725097656250e+02
7.703472971916198730e-01 7.542789098806679249e-04 2.329387329518795013e-02 -1.327004190534353256e-02 2.136803588867187500e+02
7.878538370132446289e-01 8.162722224369645119e-04 2.263037115335464478e-02 -1.355312950909137726e-02 2.144301605224609375e+02
8.048659563064575195e-01 8.774519083090126514e-04 2.195271477103233337e-02 -1.382791530340909958e-02 2.151799621582031250e+02
8.213730454444885254e-01 9.380765259265899658e-04 2.126131951808929443e-02 -1.409413479268550873e-02 2.159297790527343750e+02
8.373647332191467285e-01 9.981266921386122704e-04 2.055661194026470184e-02 -1.435161568224430084e-02 2.166796112060546875e+02
8.528310060501098633e-01 1.057650893926620483e-03 1.983903162181377411e-02 -1.460013911128044128e-02 2.174294586181640625e+02
8.677621483802795410e-01 1.116395695134997368e-03 1.910902559757232666e-02 -1.483967062085866928e-02 2.181793060302734375e+02
8.821488618850708008e-01 1.174396253190934658e-03 1.836704276502132416e-02 -1.507005747407674789e-02 2.189291687011718750e+02
8.959820866584777832e-01 1.231861067935824394e-03 1.761353947222232819e-02 -1.529100630432367325e-02 2.196790466308593750e+02
9.092531204223632812e-01 1.288649393245577812e-03 1.684898883104324341e-02 -1.550238486379384995e-02 2.204289245605468750e+02
9.219536781311035156e-01 1.344578689895570278e-03 1.607386954128742218e-02 -1.570413261651992798e-02 2.211788177490234375e+02
9.340757727622985840e-01 1.399682485498487949e-03 1.528866309672594070e-02 -1.589609682559967041e-02 2.219287261962890625e+02
9.456117749214172363e-01 1.454047160223126411e-03 1.449385844171047211e-02 -1.607806794345378876e-02 2.226786346435546875e+02
9.565544724464416504e-01 1.507436507381498814e-03 1.368995476514101028e-02 -1.625002548098564148e-02 2.234285583496093750e+02
9.668970108032226562e-01 1.559939235448837280e-03 1.287745311856269836e-02 -1.641179807484149933e-02 2.241784820556640625e+02
9.766328334808349609e-01 1.611571758985519409e-03 1.205686293542385101e-02 -1.656322926282882690e-02 2.249284210205078125e+02
9.857558608055114746e-01 1.661995076574385166e-03 1.122870109975337982e-02 -1.670440100133419037e-02 2.256783599853515625e+02
9.942603111267089844e-01 1.711704651825129986e-03 1.039348077028989792e-02 -1.683492213487625122e-02 2.264283142089843750e+02
1.002140879631042480e+00 1.760136452503502369e-03 9.551734663546085358e-03 -1.695496588945388794e-02 2.271782684326171875e+02
1.009392619132995605e+00 1.807292690500617027e-03 8.703986182808876038e-03 -1.706450432538986206e-02 2.279282379150390625e+02
1.016010880470275879e+00 1.853386405855417252e-03 7.850760594010353088e-03 -1.716336049139499664e-02 2.286782073974609375e+02
1.021991610527038574e+00 1.898377435281872749e-03 6.992592476308345795e-03 -1.725145056843757629e-02 2.294281768798828125e+02
1.027330875396728516e+00 1.942107919603586197e-03 6.130020134150981903e-03 -1.732878945767879486e-02 2.301781616210937500e+02
1.032025456428527832e+00 1.984598580747842789e-03 5.263580475002527237e-03 -1.739531755447387695e-02 2.309281463623046875e+02
1.036072373390197754e+00 2.026105765253305435e-03 4.393814597278833389e-03 -1.745079830288887024e-02 2.316781311035156250e+02
1.039469003677368164e+00 2.066182438284158707e-03 3.521274775266647339e-03 -1.749539747834205627e-02 2.324281158447265625e+02
1.042213320732116699e+00 2.105101244524121284e-03 2.646504901349544525e-03 -1.752892695367336273e-02 2.331781158447265625e+02
1.044303417205810547e+00 2.142655197530984879e-03 1.770058530382812023e-03 -1.755143702030181885e-02 2.339281158447265625e+02
1.045738101005554199e+00 2.178806811571121216e-03 8.924866560846567154e-04 -1.756293699145317078e-02 2.346781158447265625e+02
1.046516418457031250e+00 2.213697880506515503e-03 1.433980651199817657e-05 -1.756331510841846466e-02 2.354281158447265625e+02
1.046637892723083496e+00 2.247232943773269653e-03 -8.638259605504572392e-04 -1.755258068442344666e-02 2.361781158447265625e+02
1.046102404594421387e+00 2.278997795656323433e-03 -1.741454936563968658e-03 -1.753099448978900909e-02 2.369281158447265625e+02
1.044910311698913574e+00 2.309397561475634575e-03 -2.618004567921161652e-03 -1.749839819967746735e-02 2.376781158447265625e+02
1.043062329292297363e+00 2.338185207918286324e-03 -3.492924384772777557e-03 -1.745494641363620758e-02 2.384281158447265625e+02
1.040559530258178711e+00 2.365691354498267174e-03 -4.365671891719102859e-03 -1.740047335624694824e-02 2.391781158447265625e+02
1.037403583526611328e+00 2.391899470239877701e-03 -5.235695745795965195e-03 -1.733494363725185394e-02 2.399281158447265625e+02
1.033596396446228027e+00 2.416487783193588257e-03 -6.102442741394042969e-03 -1.725853793323040009e-02 2.406781005859375000e+02
1.029140472412109375e+00 2.439603907987475395e-03 -6.965369451791048050e-03 -1.717122830450534821e-02 2.414280853271484375e+02
1.024038434028625488e+00 2.461018273606896400e-03 -7.823931053280830383e-03 -1.707319356501102448e-02 2.421780700683593750e+02
1.018293619155883789e+00 2.481097588315606117e-03 -8.677590638399124146e-03 -1.696428842842578888e-02 2.429280548095703125e+02
1.011909604072570801e+00 2.499512396752834320e-03 -9.525804780423641205e-03 -1.684471778571605682e-02 2.436780242919921875e+02
1.004890322685241699e+00 2.516207750886678696e-03 -1.036804076284170151e-02 -1.671462133526802063e-02 2.444279937744140625e+02
9.972402453422546387e-01 2.531159669160842896e-03 -1.120377145707607269e-02 -1.657413877546787262e-02 2.451779479980468750e+02
9.889641404151916504e-01 2.544612390920519829e-03 -1.203247811645269394e-02 -1.642323844134807587e-02 2.459279022216796875e+02
9.800671935081481934e-01 2.556340303272008896e-03 -1.285364013165235519e-02 -1.626213453710079193e-02 2.466778564453125000e+02
9.705550074577331543e-01 2.566695911809802055e-03 -1.366674713790416718e-02 -1.609071902930736542e-02 2.474277954101562500e+02
9.604336023330688477e-01 2.575276652351021767e-03 -1.447128318250179291e-02 -1.590929180383682251e-02 2.481777343750000000e+02
9.497092962265014648e-01 2.582211745902895927e-03 -1.526674814522266388e-02 -1.571793109178543091e-02 2.489276580810546875e+02
9.383887648582458496e-01 2.587697701528668404e-03 -1.605264469981193542e-02 -1.551662385463714600e-02 2.496775665283203125e+02
9.264791607856750488e-01 2.591731492429971695e-03 -1.682847552001476288e-02 -1.530543155968189240e-02 2.504274749755859375e+02
9.139879941940307617e-01 2.593874232843518257e-03 -1.759374700486660004e-02 -1.508472859859466553e-02 2.511773681640625000e+02
9.009230136871337891e-01 2.594462828710675240e-03 -1.834798417985439301e-02 -1.485450752079486847e-02 2.519272613525390625e+02
8.872925043106079102e-01 2.593406243249773979e-03 -1.909071020781993866e-02 -1.461495179682970047e-02 2.526771392822265625e+02
8.731049895286560059e-01 2.590516814962029457e-03 -1.982145756483078003e-02 -1.436634734272956848e-02 2.534270019531250000e+02
8.583693504333496094e-01 2.585934009402990341e-03 -2.053977549076080322e-02 -1.410883106291294098e-02 2.541768646240234375e+02
8.430948853492736816e-01 2.579653868451714516e-03 -2.124521695077419281e-02 -1.384259667247533798e-02 2.549267120361328125e+02
8.272911310195922852e-01 2.571743680164217949e-03 -2.193734608590602875e-02 -1.356780156493186951e-02 2.556765441894531250e+02
8.109679818153381348e-01 2.562277717515826225e-03 -2.261573635041713715e-02 -1.328457798808813095e-02 2.564263610839843750e+02
7.941356897354125977e-01 2.551230834797024727e-03 -2.327996492385864258e-02 -1.299311127513647079e-02 2.571761779785156250e+02
7.768048048019409180e-01 2.538841916248202324e-03 -2.392962016165256500e-02 -1.269341725856065750e-02 2.579259643554687500e+02
7.589862346649169922e-01 2.525038318708539009e-03 -2.456429041922092438e-02 -1.238565146923065186e-02 2.586757507324218750e+02
7.406910657882690430e-01 2.509601414203643799e-03 -2.518357336521148682e-02 -1.207010075449943542e-02 2.594255371093750000e+02
7.219308018684387207e-01 2.492226660251617432e-03 -2.578707784414291382e-02 -1.174720749258995056e-02 2.601752929687500000e+02
7.027171850204467773e-01 2.473490778356790543e-03 -2.637443877756595612e-02 -1.141691301017999649e-02 2.609250488281250000e+02
6.830622553825378418e-01 2.453128341585397720e-03 -2.694528363645076752e-02 -1.107955258339643478e-02 2.616748046875000000e+02
6.629783511161804199e-01 2.431114902719855309e-03 -2.749926038086414337e-02 -1.073539629578590393e-02 2.624245300292968750e+02
6.424779891967773438e-01 2.407538238912820816e-03 -2.803603000938892365e-02 -1.038465928286314011e-02 2.631742553710937500e+02
6.215740442276000977e-01 2.382593695074319839e-03 -2.855526283383369446e-02 -1.002745889127254486e-02 2.639239501953125000e+02
6.002795696258544922e-01 2.356162760406732559e-03 -2.905663661658763885e-02 -9.664068929851055145e-03 2.646736450195312500e+02
5.786079168319702148e-01 2.328319242224097252e-03 -2.953984029591083527e-02 -9.294684045016765594e-03 2.654233398437500000e+02
5.565726161003112793e-01 2.298882696777582169e-03 -3.000457398593425751e-02 -8.919660933315753937e-03 2.661730041503906250e+02
5.341874361038208008e-01 2.268444048240780830e-03 -3.045055642724037170e-02 -8.538889698684215546e-03 2.669226684570312500e+02
5.114664435386657715e-01 2.236352069303393364e-03 -3.087750077247619629e-02 -8.152927272021770477e-03 2.676723327636718750e+02
4.884237647056579590e-01 2.202713862061500549e-03 -3.128514811396598816e-02 -7.762047927826642990e-03 2.684219665527343750e+02
4.650738239288330078e-01 2.168138045817613602e-03 -3.167324885725975037e-02 -7.366144564002752304e-03 2.691716003417968750e+02
4.414312243461608887e-01 2.131862333044409752e-03 -3.204155713319778442e-02 -6.965863052755594254e-03 2.699212341308593750e+02
4.175107181072235107e-01 2.094379160553216934e-03 -3.238984942436218262e-02 -6.561256945133209229e-03 2.706708374023437500e+02
3.933272361755371094e-01 2.055554185062646866e-03 -3.271791338920593262e-02 -6.152653135359287262e-03 2.714204406738281250e+02
3.688958883285522461e-01 2.015571342781186104e-03 -3.302554786205291748e-02 -5.740213673561811447e-03 2.721700439453125000e+02
3.442319631576538086e-01 1.974041340872645378e-03 -3.331255912780761719e-02 -5.324451252818107605e-03 2.729196472167968750e+02
3.193508088588714600e-01 1.931291073560714722e-03 -3.357878327369689941e-02 -4.905527923256158829e-03 2.736692199707031250e+02
2.942679524421691895e-01 1.887551276013255119e-03 -3.382406011223793030e-02 -4.483569413423538208e-03 2.744187927246093750e+02
2.689990699291229248e-01 1.842935336753726006e-03 -3.404823690652847290e-02 -4.058708436787128448e-03 2.751683654785156250e+02
2.435599118471145630e-01 1.797309145331382751e-03 -3.425117209553718567e-02 -3.631218569353222847e-03 2.759179382324218750e+02
2.179663628339767456e-01 1.750602736137807369e-03 -3.443273156881332397e-02 -3.201387589797377586e-03 2.766675109863281250e+02
1.922343969345092773e-01 1.702234498225152493e-03 -3.459279984235763550e-02 -2.769901184365153313e-03 2.774170837402343750e+02
1.663800328969955444e-01 1.652885228395462036e-03 -3.473129495978355408e-02 -2.336784265935420990e-03 2.781666259765625000e+02
1.404193937778472900e-01 1.602471806108951569e-03 -3.484813496470451355e-02 -1.902366988360881805e-03 2.789161682128906250e+02
1.143686547875404358e-01 1.551268273033201694e-03 -3.494325280189514160e-02 -1.466769957914948463e-03 2.796657104492187500e+02
8.824406564235687256e-02 1.499093952588737011e-03 -3.501659259200096130e-02 -1.030344865284860134e-03 2.804152526855468750e+02
6.206189841032028198e-02 1.446314156055450439e-03 -3.506810963153839111e-02 -5.931358318775892258e-04 2.811647949218750000e+02
3.583847731351852417e-02 1.392813399434089661e-03 -3.509776666760444641e-02 -1.554012123961001635e-04 2.819143371582031250e+02
9.590152651071548462e-03 1.338170492090284824e-03 -3.510553762316703796e-02 2.823332033585757017e-04 2.826638793945312500e+02
-1.666672714054584503e-02 1.282808952964842319e-03 -3.509142249822616577e-02 7.199696265161037445e-04 2.834134216308593750e+02
-4.291579127311706543e-02 1.226250198669731617e-03 -3.505542501807212830e-02 1.156915561296045780e-03 2.841629638671875000e+02
-6.914070248603820801e-02 1.169177819974720478e-03 -3.499757871031761169e-02 1.593208173289895058e-03 2.849125061035156250e+02
-9.532510489225387573e-02 1.111380523070693016e-03 -3.491791710257530212e-02 2.028491115197539330e-03 2.856620483398437500e+02
-1.214526891708374023e-01 1.052809413522481918e-03 -3.481649234890937805e-02 2.462434116750955582e-03 2.864115905761718750e+02
-1.475071758031845093e-01 9.936753194779157639e-04 -3.469337150454521179e-02 2.894859528169035912e-03 2.871611328125000000e+02
-1.734723299741744995e-01 9.339533280581235886e-04 -3.454862907528877258e-02 3.325488418340682983e-03 2.879106750488281250e+02
-1.993319839239120483e-01 8.737976895645260811e-04 -3.438235446810722351e-02 3.754148259758949280e-03 2.886602172851562500e+02
-2.250699996948242188e-01 8.132581715472042561e-04 -3.419464826583862305e-02 4.180638119578361511e-03 2.894097900390625000e+02
-2.506703436374664307e-01 7.517651538364589214e-04 -3.398561477661132812e-02 4.604329355061054230e-03 2.901593627929687500e+02
-2.761170864105224609e-01 6.899618310853838921e-04 -3.375539928674697876e-02 5.025223363190889359e-03 2.909089355468750000e+02
-3.013943433761596680e-01 6.273192120715975761e-04 -3.350413963198661804e-02 5.442718975245952606e-03 2.916585083007812500e+02
-3.264864087104797363e-01 5.646400968544185162e-04 -3.323200345039367676e-02 5.856944248080253601e-03 2.924080810546875000e+02
-3.513776063919067383e-01 5.016786162741482258e-04 -3.293915465474128723e-02 6.267571821808815002e-03 2.931576538085937500e+02
-3.760524392127990723e-01 4.386757500469684601e-04 -3.262577578425407410e-02 6.674519274383783340e-03 2.939072570800781250e+02
-4.004954993724822998e-01 3.752932825591415167e-04 -3.229204937815666199e-02 7.077373098582029343e-03 2.946568603515625000e+02
-4.246915876865386963e-01 3.116005100309848785e-04 -3.193818032741546631e-02 7.475874852389097214e-03 2.954064636230468750e+02
-4.486255943775177002e-01 2.476469671819359064e-04 -3.156438842415809631e-02 7.869761437177658081e-03 2.961560668945312500e+02
-4.722825884819030762e-01 1.836326846387237310e-04 -3.117090091109275818e-02 8.258885703980922699e-03 2.969057006835937500e+02
-4.956477880477905273e-01 1.193721691379323602e-04 -3.075795620679855347e-02 8.642888627946376801e-03 2.976553344726562500e+02
-5.187066793441772461e-01 5.492166383191943169e-05 -3.032581135630607605e-02 9.021501988172531128e-03 2.984049682617187500e+02
-5.414447784423828125e-01 -9.469978976994752884e-06 -2.987473644316196442e-02 9.394602850079536438e-03 2.991546325683593750e+02
-5.638479590415954590e-01 -7.396369619527831674e-05 -2.940500713884830475e-02 9.761858731508255005e-03 2.999042968750000000e+02
-5.859022140502929688e-01 -1.384559145662933588e-04 -2.891691401600837708e-02 1.012305263429880142e-02 3.006539611816406250e+02
-6.075937747955322266e-01 -2.028624585364013910e-04 -2.841076068580150604e-02 1.047798059880733490e-02 3.014036560058593750e+02
-6.289091110229492188e-01 -2.674798597581684589e-04 -2.788686193525791168e-02 1.082619186490774155e-02 3.021533508300781250e+02
-6.498349308967590332e-01 -3.317344235256314278e-04 -2.734555304050445557e-02 1.116772275418043137e-02 3.029030456542968750e+02
-6.703581213951110840e-01 -3.954540297854691744e-04 -2.678716741502285004e-02 1.150253135710954666e-02 3.036527709960937500e+02
-6.904658675193786621e-01 -4.590358003042638302e-04 -2.621204033493995667e-02 1.183023024350404739e-02 3.044024963378906250e+02
-7.101455926895141602e-01 -5.222949548624455929e-04 -2.562052942812442780e-02 1.215068623423576355e-02 3.051522521972656250e+02
-7.293850183486938477e-01 -5.854073096998035908e-04 -2.501299604773521423e-02 1.246356964111328125e-02 3.059020080566406250e+02
-7.481720447540283203e-01 -6.482008029706776142e-04 -2.438981831073760986e-02 1.276872213929891586e-02 3.066517639160156250e+02
-7.664949893951416016e-01 -7.108348654583096504e-04 -2.375138178467750549e-02 1.306580286473035812e-02 3.074015502929687500e+02
-7.843424081802368164e-01 -7.727611227892339230e-04 -2.309809252619743347e-02 1.335490029305219650e-02 3.081513366699218750e+02
-8.017030954360961914e-01 -8.342731161974370480e-04 -2.243034727871417999e-02 1.363570243120193481e-02 3.089011230468750000e+02
-8.185661435127258301e-01 -8.953991928137838840e-04 -2.174856141209602356e-02 1.390796806663274765e-02 3.096509399414062500e+02
-8.349210619926452637e-01 -9.559098398312926292e-04 -2.105316333472728729e-02 1.417161617428064346e-02 3.104007568359375000e+02
-8.507575392723083496e-01 -1.015550224110484123e-03 -2.034458331763744354e-02 1.442665979266166687e-02 3.111506042480468750e+02
-8.660656809806823730e-01 -1.074961153790354729e-03 -1.962324976921081543e-02 1.467257272452116013e-02 3.119004516601562500e+02
-8.808358907699584961e-01 -1.133734360337257385e-03 -1.888962090015411377e-02 1.490931678563356400e-02 3.126502990722656250e+02
-8.950589299201965332e-01 -1.191696850582957268e-03 -1.814415492117404938e-02 1.513683144003152847e-02 3.134001770019531250e+02
-9.087258577346801758e-01 -1.249024644494056702e-03 -1.738731376826763153e-02 1.535486243665218353e-02 3.141500549316406250e+02
-9.218281507492065430e-01 -1.305436715483665466e-03 -1.661957055330276489e-02 1.556341163814067841e-02 3.148999328613281250e+02
-9.343575239181518555e-01 -1.361194648779928684e-03 -1.584140025079250336e-02 1.576218940317630768e-02 3.156498413085937500e+02
-9.463061094284057617e-01 -1.415966078639030457e-03 -1.505329087376594543e-02 1.595122553408145905e-02 3.163997497558593750e+02
-9.576664566993713379e-01 -1.469839015044271946e-03 -1.425572950392961502e-02 1.613036729395389557e-02 3.171496582031250000e+02
-9.684313535690307617e-01 -1.523166545666754246e-03 -1.344921067357063293e-02 1.629923470318317413e-02 3.178995666503906250e+02
-9.785941243171691895e-01 -1.575461472384631634e-03 -1.263424940407276154e-02 1.645790599286556244e-02 3.186495056152343750e+02
-9.881483316421508789e-01 -1.626683515496551991e-03 -1.181135419756174088e-02 1.660631410777568817e-02 3.193994445800781250e+02
-9.970879554748535156e-01 -1.676721614785492420e-03 -1.098103821277618408e-02 1.674444787204265594e-02 3.201493835449218750e+02
-1.005407452583312988e+00 -1.725922222249209881e-03 -1.014381553977727890e-02 1.687201857566833496e-02 3.208993225097656250e+02
-1.013101458549499512e+00 -1.773932250216603279e-03 -9.300214238464832306e-03 1.698909327387809753e-02 3.216492919921875000e+02
-1.020165205001831055e+00 -1.820887322537600994e-03 -8.450759574770927429e-03 1.709552109241485596e-02 3.223992614746093750e+02
-1.026594281196594238e+00 -1.866833539679646492e-03 -7.595983333885669708e-03 1.719115860760211945e-02 3.231492309570312500e+02
-1.032384514808654785e+00 -1.911578699946403503e-03 -6.736425217241048813e-03 1.727600768208503723e-02 3.238992004394531250e+02
-1.037532329559326172e+00 -1.955091487616300583e-03 -5.872624926269054413e-03 1.735002547502517700e-02 3.246491699218750000e+02
-1.042034506797790527e+00 -1.997330226004123688e-03 -5.005123559385538101e-03 1.741318590939044952e-02 3.253991699218750000e+02
-1.045888185501098633e+00 -2.038403879851102829e-03 -4.134464077651500702e-03 1.746536418795585632e-02 3.261491699218750000e+02
-1.049090981483459473e+00 -2.078245161101222038e-03 -3.261195961385965347e-03 1.750651933252811432e-02 3.268991699218750000e+02
-1.051640748977661133e+00 -2.116545569151639938e-03 -2.385870087891817093e-03 1.753680408000946045e-02 3.276491699218750000e+02
-1.053535938262939453e+00 -2.153621055185794830e-03 -1.509029883891344070e-03 1.755604147911071777e-02 3.283991699218750000e+02
-1.054775357246398926e+00 -2.189373364672064781e-03 -6.312277982942759991e-04 1.756422966718673706e-02 3.291491699218750000e+02
-1.055358290672302246e+00 -2.223719144240021706e-03 2.469837199896574020e-04 1.756138913333415985e-02 3.298991699218750000e+02
-1.055284261703491211e+00 -2.256647683680057526e-03 1.125053269788622856e-03 1.754752546548843384e-02 3.306491699218750000e+02
-1.054553270339965820e+00 -2.288066782057285309e-03 2.002429682761430740e-03 1.752269454300403595e-02 3.313991699218750000e+02
-1.053165793418884277e+00 -2.318116370588541031e-03 2.878564409911632538e-03 1.748683117330074310e-02 3.321491699218750000e+02
-1.051122784614562988e+00 -2.346543362364172935e-03 3.752905875444412231e-03 1.744009368121623993e-02 3.328991699218750000e+02
-1.048425436019897461e+00 -2.373649971559643745e-03 4.624910652637481689e-03 1.738234236836433411e-02 3.336491699218750000e+02
-1.045075416564941406e+00 -2.399242715910077095e-03 5.494027864187955856e-03 1.731367595493793488e-02 3.343991699218750000e+02
-1.041074872016906738e+00 -2.423525555059313774e-03 6.359711755067110062e-03 1.723398640751838684e-02 3.351491699218750000e+02
-1.036426305770874023e+00 -2.446152968332171440e-03 7.221410982310771942e-03 1.714348047971725464e-02 3.358991699218750000e+02
-1.031132578849792480e+00 -2.466983394697308540e-03 8.078585378825664520e-03 1.704234443604946136e-02 3.366491394042968750e+02
-1.025197029113769531e+00 -2.486424986273050308e-03 8.930702693760395050e-03 1.693043857812881470e-02 3.373991088867187500e+02
-1.018623352050781250e+00 -2.504358533769845963e-03 9.777224622666835785e-03 1.680784299969673157e-02 3.381490783691406250e+02
-1.011415719985961914e+00 -2.520726062357425690e-03 1.061761658638715744e-02 1.667464338243007660e-02 3.388990478515625000e+02
-1.003578662872314453e+00 -2.535557840019464493e-03 1.145134866237640381e-02 1.653088815510272980e-02 3.396490173339843750e+02
-9.951171278953552246e-01 -2.548757940530776978e-03 1.227789279073476791e-02 1.637670584022998810e-02 3.403989562988281250e+02
-9.860363602638244629e-01 -2.560216234996914864e-03 1.309672836214303970e-02 1.621227152645587921e-02 3.411488952636718750e+02
-9.763420820236206055e-01 -2.569972071796655655e-03 1.390734221786260605e-02 1.603770256042480469e-02 3.418988342285156250e+02
-9.660403728485107422e-01 -2.577975392341613770e-03 1.470922771841287613e-02 1.585317403078079224e-02 3.426487731933593750e+02
-9.551377296447753906e-01 -2.584347967058420181e-03 1.550188660621643066e-02 1.565876230597496033e-02 3.433986816406250000e+02
-9.436410069465637207e-01 -2.589167095720767975e-03 1.628482528030872345e-02 1.545453816652297974e-02 3.441485900878906250e+02
-9.315573573112487793e-01 -2.592156175523996353e-03 1.705755293369293213e-02 1.524079777300357819e-02 3.448984985351562500e+02
-9.188944101333618164e-01 -2.593630691990256310e-03 1.781959272921085358e-02 1.501752994954586029e-02 3.456483764648437500e+02
-9.056600928306579590e-01 -2.593879587948322296e-03 1.857046969234943390e-02 1.478462945669889450e-02 3.463982543945312500e+02
-8.918626904487609863e-01 -2.592243487015366554e-03 1.930970139801502228e-02 1.454256195574998856e-02 3.471481323242187500e+02
-8.775109052658081055e-01 -2.589016687124967575e-03 2.003682963550090790e-02 1.429136376827955246e-02 3.478980102539062500e+02
-8.626137375831604004e-01 -2.584142610430717468e-03 2.075139805674552917e-02 1.403122209012508392e-02 3.486478576660156250e+02
-8.471804857254028320e-01 -2.577709034085273743e-03 2.145295962691307068e-02 1.376225054264068604e-02 3.493977050781250000e+02
-8.312208652496337891e-01 -2.569564851000905037e-03 2.214107289910316467e-02 1.348470617085695267e-02 3.501475219726562500e+02
-8.147448897361755371e-01 -2.559779910370707512e-03 2.281530760228633881e-02 1.319875381886959076e-02 3.508973388671875000e+02
-7.977628707885742188e-01 -2.548267366364598274e-03 2.347524464130401611e-02 1.290465146303176880e-02 3.516471557617187500e+02
-7.802854180335998535e-01 -2.535211620852351189e-03 2.412047795951366425e-02 1.260250993072986603e-02 3.523969421386718750e+02
-7.623235583305358887e-01 -2.520738169550895691e-03 2.475060336291790009e-02 1.229242142289876938e-02 3.531467285156250000e+02
-7.438884973526000977e-01 -2.504778327420353889e-03 2.536522410809993744e-02 1.197457686066627502e-02 3.538965148925781250e+02
-7.249917984008789062e-01 -2.486931160092353821e-03 2.596395276486873627e-02 1.164943352341651917e-02 3.546462707519531250e+02
-7.056453227996826172e-01 -2.467555226758122444e-03 2.654642425477504730e-02 1.131707243621349335e-02 3.553960266113281250e+02
-6.858611702919006348e-01 -2.446663100272417068e-03 2.711227722465991974e-02 1.097769755870103836e-02 3.561457519531250000e+02
-6.656517386436462402e-01 -2.424166770651936531e-03 2.766116149723529816e-02 1.063159108161926270e-02 3.568954772949218750e+02
-6.450296640396118164e-01 -2.400300232693552971e-03 2.819274179637432098e-02 1.027884893119335175e-02 3.576452026367187500e+02
-6.240078806877136230e-01 -2.374736592173576355e-03 2.870668470859527588e-02 9.919888339936733246e-03 3.583948974609375000e+02
-6.025995016098022461e-01 -2.347968053072690964e-03 2.920267917215824127e-02 9.554677642881870270e-03 3.591445922851562500e+02
-5.808179378509521484e-01 -2.319767605513334274e-03 2.968041226267814636e-02 9.183524176478385925e-03 3.598942871093750000e+02
-5.586768388748168945e-01 -2.289974130690097809e-03 3.013958781957626343e-02 8.806779049336910248e-03 3.606439514160156250e+02
-5.361900329589843750e-01 -2.258967841044068336e-03 3.057992644608020782e-02 8.424483239650726318e-03 3.613936157226562500e+02
-5.133715867996215820e-01 -2.226440003141760826e-03 3.100115060806274414e-02 8.037035353481769562e-03 3.621432800292968750e+02
-4.902357161045074463e-01 -2.192456042394042015e-03 3.140300139784812927e-02 7.644692435860633850e-03 3.628929138183593750e+02
-4.667969048023223877e-01 -2.157352631911635399e-03 3.178523480892181396e-02 7.247510831803083420e-03 3.636425476074218750e+02
-4.430698156356811523e-01 -2.120718127116560936e-03 3.214760869741439819e-02 6.845958996564149857e-03 3.643921813964843750e+02
-4.190692305564880371e-01 -2.082705963402986526e-03 3.248990699648857117e-02 6.440272554755210876e-03 3.651417846679687500e+02
-3.948101699352264404e-01 -2.043652348220348358e-03 3.281192108988761902e-02 6.030512973666191101e-03 3.658913879394531250e+02
-3.703077733516693115e-01 -2.003192668780684471e-03 3.311344608664512634e-02 5.617124028503894806e-03 3.666409912109375000e+02
-3.455773293972015381e-01 -1.961581176146864891e-03 3.339430317282676697e-02 5.200256593525409698e-03 3.673905944824218750e+02
-3.206342756748199463e-01 -1.918654306791722775e-03 3.365431725978851318e-02 4.780276678502559662e-03 3.681401672363281250e+02
-2.954941689968109131e-01 -1.874904148280620575e-03 3.389333188533782959e-02 4.357159603387117386e-03 3.688897399902343750e+02
-2.701727151870727539e-01 -1.829910790547728539e-03 3.411119058728218079e-02 3.931352868676185608e-03 3.696393127441406250e+02
-2.446857243776321411e-01 -1.783809741027653217e-03 3.430775925517082214e-02 3.503076499328017235e-03 3.703888854980468750e+02
-2.190490961074829102e-01 -1.736176316626369953e-03 3.448291122913360596e-02 3.072908846661448479e-03 3.711384582519531250e+02
-1.932787895202636719e-01 -1.687732874415814877e-03 3.463655710220336914e-02 2.640791703015565872e-03 3.718880004882812500e+02
-1.673908978700637817e-01 -1.638147165067493916e-03 3.476859629154205322e-02 2.207157434895634651e-03 3.726375427246093750e+02
-1.414015591144561768e-01 -1.587699051015079021e-03 3.487895429134368896e-02 1.772140385583043098e-03 3.733870849609375000e+02
-1.153269857168197632e-01 -1.536222407594323158e-03 3.496756032109260559e-02 1.336097717285156250e-03 3.741366271972656250e+02
-8.918342739343643188e-02 -1.483764499425888062e-03 3.503436595201492310e-02 8.993103401735424995e-04 3.748861694335937500e+02
