-2.349600981688126922e-04
-3.654134925454854965e-04
-4.429781984072178602e-04
-4.581420798785984516e-04
-4.181528929620981216e-04
-3.435783437453210354e-04
-2.625379420351237059e-04
-2.034386998275294900e-04
-1.885671663330867887e-04
-2.296106686117127538e-04
-3.260740777477622032e-04
-4.662852152250707150e-04
-6.310762255452573299e-04
-7.986086420714855194e-04
-9.492485551163554192e-04
-1.069748424924910069e-03
-1.155202859081327915e-03
-1.209354959428310394e-03
-1.242732512764632702e-03
-1.269513391889631748e-03
-1.303956261835992336e-03
-1.357045723125338554e-03
-1.434393110685050488e-03
-1.535399118438363075e-03
-1.653913059271872044e-03
-1.780087128281593323e-03
-1.902847434394061565e-03
-2.012504497542977333e-03
-2.102624392136931419e-03
-2.171185333281755447e-03
-2.220513764768838882e-03
-2.256209496408700943e-03
-2.285920549184083939e-03
-2.317062113434076309e-03
-2.355342963710427284e-03
-2.403652528300881386e-03
-2.461672062054276466e-03
-2.526445081457495689e-03
-2.593067707493901253e-03
-2.656072610989212990e-03
-2.710778266191482544e-03
-2.754044719040393829e-03
-2.785267541185021400e-03
-2.805763622745871544e-03
-2.818640321493148804e-03
-2.827838063240051270e-03
-2.837248146533966064e-03
-2.849832875654101372e-03
-2.866982482373714447e-03
-2.888539806008338928e-03
-2.913015428930521011e-03
-2.937901997938752174e-03
-2.960410434752702713e-03
-2.978159114718437195e-03
-2.989721484482288361e-03
-2.994702430441975594e-03
-2.993863774463534355e-03
-2.988800406455993652e-03
-2.981543308123946190e-03
-2.973941154778003693e-03
-2.967530628666281700e-03
-2.962965518236160278e-03
-2.960143145173788071e-03
-2.958153607323765755e-03
-2.955725416541099548e-03
-2.951366594061255455e-03
-2.943899249657988548e-03
-2.932486124336719513e-03
-2.917011501267552376e-03
-2.897856524214148521e-03
-2.875860547646880150e-03
-2.851988887414336205e-03
-2.827222691848874092e-03
-2.802231116220355034e-03
-2.777390182018280029e-03
-2.752649364992976189e-03
-2.727503189817070961e-03
-2.701300429180264473e-03
-2.673255745321512222e-03
-2.642765641212463379e-03
-2.609481103718280792e-03
-2.573246601969003677e-03
-2.534406259655952454e-03
-2.493333071470260620e-03
-2.450638683512806892e-03
-2.406798303127288818e-03
-2.362197032198309898e-03
-2.316969679668545723e-03
-2.271085279062390327e-03
-2.224406693130731583e-03
-2.176546957343816757e-03
-2.127154497429728508e-03
-2.075942931696772575e-03
-2.022800734266638756e-03
-1.967659685760736465e-03
-1.910734805278480053e-03
-1.852239714935421944e-03
-1.792583032511174679e-03
-1.731945085339248180e-03
-1.670578960329294205e-03
-1.608635764569044113e-03
-1.546081854030489922e-03
-1.482864143326878548e-03
-1.418763305991888046e-03
-1.353725558146834373e-03
-1.287611201405525208e-03
-1.220334321260452271e-03
-1.151942880824208260e-03
-1.082552247680723667e-03
-1.012317719869315624e-03
-9.414895321242511272e-04
-8.702309569343924522e-04
-7.986238342709839344e-04
-7.267373148351907730e-04
-6.546400254592299461e-04
-5.823029205203056335e-04
-5.096382810734212399e-04
-4.366255307104438543e-04
-3.632177249528467655e-04
-2.894596545957028866e-04
-2.153337118215858936e-04
-1.409694959875196218e-04
-6.647442933171987534e-05
8.100136255961842835e-06
8.257168519776314497e-05
1.568461011629551649e-04
2.309262054041028023e-04
3.046819474548101425e-04
3.781561972573399544e-04
4.513551539275795221e-04
5.243124905973672867e-04
5.970789352431893349e-04
6.695444462820887566e-04
7.417440647259354591e-04
8.135028183460235596e-04
8.847245480865240097e-04
9.554024436511099339e-04
1.025391626171767712e-03
1.094753621146082878e-03
1.163270208053290844e-03
1.231060712598264217e-03
1.298093353398144245e-03
1.364341122098267078e-03
1.429781666956841946e-03
1.494378899224102497e-03
1.558104064315557480e-03
1.620909781195223331e-03
1.682685222476720810e-03
1.743447734043002129e-03
1.803081599064171314e-03
1.861638971604406834e-03
1.918963273055851460e-03
1.975056948140263557e-03
2.029973082244396210e-03
2.083638682961463928e-03
2.135996473953127861e-03
2.187095815315842628e-03
2.236846135929226875e-03
2.285189460963010788e-03
2.332125557586550713e-03
2.377597847953438759e-03
2.421617740765213966e-03
2.464101184159517288e-03
2.505041658878326416e-03
2.544437069445848465e-03
2.582224784418940544e-03
2.618387341499328613e-03
2.652985509485006332e-03
2.685878658667206764e-03
2.717106370255351067e-03
2.746685873717069626e-03
2.774541033431887627e-03
2.800659975036978722e-03
2.825004514306783676e-03
2.847629832103848457e-03
2.868454903364181519e-03
2.887458540499210358e-03
2.904631663113832474e-03
2.919946797192096710e-03
2.933456795290112495e-03
2.945137908682227135e-03
2.954960102215409279e-03
2.962932689115405083e-03
2.969018183648586273e-03
2.973290858790278435e-03
2.975728129968047142e-03
2.976246876642107964e-03
2.974930219352245331e-03
2.971800044178962708e-03
2.966731553897261620e-03
2.959794597700238228e-03
2.950964495539665222e-03
2.940268255770206451e-03
2.927714027464389801e-03
2.913357689976692200e-03
2.897168509662151337e-03
2.879141364246606827e-03
2.859315136447548866e-03
2.837707987055182457e-03
2.814352512359619141e-03
2.789227757602930069e-03
2.762328367680311203e-03
2.733723726123571396e-03
2.703407546505331993e-03
2.671344205737113953e-03
2.637598663568496704e-03
2.602202119305729866e-03
2.565174829214811325e-03
2.526527503505349159e-03
2.486282261088490486e-03
2.444550860673189163e-03
2.401276025921106339e-03
2.356540877372026443e-03
2.310325158759951591e-03
2.262644469738006592e-03
2.213583560660481453e-03
2.163131488487124443e-03
2.111305948346853256e-03
2.058202866464853287e-03
2.003753092139959335e-03
1.948048360645771027e-03
1.891144667752087116e-03
1.833109650760889053e-03
1.773918163962662220e-03
1.713648205623030663e-03
1.652270206250250340e-03
1.589950989000499249e-03
1.526641426607966423e-03
1.462380983866751194e-03
1.397225540131330490e-03
1.331186853349208832e-03
1.264338265173137188e-03
1.196695608086884022e-03
1.128318603150546551e-03
1.059240079484879971e-03
9.894615504890680313e-04
9.191502467729151249e-04
8.481759577989578247e-04
7.767865317873656750e-04
7.048535044305026531e-04
6.325923022814095020e-04
5.599141004495322704e-04
4.869463155046105385e-04
4.136475909035652876e-04
3.400025307200849056e-04
2.661817416083067656e-04
1.922484661918133497e-04
1.181460320367477834e-04
4.393008930492214859e-05
-3.020255280716810375e-05
-1.043629090418107808e-04
-1.784368650987744331e-04
-2.523271541576832533e-04
-3.261220117565244436e-04
-3.997131716459989548e-04
-4.730721411760896444e-04
-5.461084074340760708e-04
-6.188230472616851330e-04
-6.911370437592267990e-04
-7.630937034264206886e-04
-8.344902307726442814e-04
-9.054475231096148491e-04
-9.757964871823787689e-04
-1.045594457536935806e-03
-1.114662387408316135e-03
-1.183071755804121494e-03
-1.250763540156185627e-03
-1.317692687734961510e-03
-1.383797614835202694e-03
-1.449038391001522541e-03
-1.513412804342806339e-03
-1.576810260303318501e-03
-1.639282447285950184e-03
-1.700763124972581863e-03
-1.761148683726787567e-03
-1.820417703129351139e-03
-1.878591137938201427e-03
-1.935626147314906120e-03
-1.991465222090482712e-03
-2.046098234131932259e-03
-2.099447418004274368e-03
-2.151479013264179230e-03
-2.202175790444016457e-03
-2.251479076221585274e-03
-2.299399580806493759e-03
-2.345826243981719017e-03
-2.390869427472352982e-03
-2.434414112940430641e-03
-2.476448193192481995e-03
-2.516925800591707230e-03
-2.555874409154057503e-03
-2.593246754258871078e-03
-2.628968097269535065e-03
-2.663044957444071770e-03
-2.695479895919561386e-03
-2.726229839026927948e-03
-2.755250083282589912e-03
-2.782571129500865936e-03
-2.808136167004704475e-03
-2.831921912729740143e-03
-2.853984711691737175e-03
-2.874173922464251518e-03
-2.892619697377085686e-03
-2.909280825406312943e-03
-2.924101427197456360e-03
-2.937084063887596130e-03
-2.948248060420155525e-03
-2.957571530714631081e-03
-2.964980900287628174e-03
-2.970576984807848930e-03
-2.974265487864613533e-03
-2.976097399368882179e-03
-2.976065268740057945e-03
-2.974130911752581596e-03
-2.970315283164381981e-03
-2.964709652587771416e-03
-2.957210876047611237e-03
-2.947902074083685875e-03
-2.936697797849774361e-03
-2.923614112660288811e-03
-2.908721799030900002e-03
-2.891977084800601006e-03
-2.873449353501200676e-03
-2.853054553270339966e-03
-2.830891171470284462e-03
-2.806970383971929550e-03
-2.781316405162215233e-03
-2.753892913460731506e-03
-2.724780235439538956e-03
-2.693902002647519112e-03
-2.661382546648383141e-03
-2.627195557579398155e-03
-2.591322408989071846e-03
-2.553786151111125946e-03
-2.514707157388329506e-03
-2.474015345796942711e-03
-2.431775676086544991e-03
-2.388055669143795967e-03
-2.342851366847753525e-03
-2.296206075698137283e-03
-2.248139353469014168e-03
-2.198669593781232834e-03
-2.147837309166789055e-03
-2.095615025609731674e-03
-2.042053733021020889e-03
-1.987226540222764015e-03
-1.931234961375594139e-03
-1.873979927040636539e-03
-1.815588911995291710e-03
-1.756095793098211288e-03
-1.695526880212128162e-03
-1.633884385228157043e-03
-1.571243396028876305e-03
-1.507621840573847294e-03
-1.443110173568129539e-03
-1.377605251036584377e-03
-1.311321393586695194e-03
-1.244253595359623432e-03
-1.176316174678504467e-03
-1.107753254473209381e-03
-1.038467395119369030e-03
-9.685631375759840012e-04
-8.980387356132268906e-04
-8.270431426353752613e-04
-7.555414340458810329e-04
-6.835480453446507454e-04
-6.110868416726589203e-04
-5.382294766604900360e-04
-4.650270275305956602e-04
-3.916669520549476147e-04
-3.180351341143250465e-04
-2.442420809529721737e-04
-1.702706649666652083e-04
-9.622189099900424480e-05
-2.204800330218859017e-05
5.216875433688983321e-05
1.262914738617837429e-04
2.003802510444074869e-04
2.742461801972240210e-04
3.480083250906318426e-04
4.215358931105583906e-04
4.947775742039084435e-04
5.677306326106190681e-04
6.403297302313148975e-04
7.125646225176751614e-04
7.843964267522096634e-04
8.556414395570755005e-04
9.264135733246803284e-04
9.965025819838047028e-04
1.066060853190720081e-03
1.134951249696314335e-03
1.203203806653618813e-03
1.270689419470727444e-03
1.337391440756618977e-03
1.403265399858355522e-03
1.468306290917098522e-03
1.532415626570582390e-03
1.595564419403672218e-03
1.657757209613919258e-03
1.718901097774505615e-03
1.778979552909731865e-03
1.837959978729486465e-03
1.895722351036965847e-03
1.952360384166240692e-03
2.007851842790842056e-03
2.062069717794656754e-03
2.115037292242050171e-03
2.166663762181997299e-03
2.216952154412865639e-03
2.265812130644917488e-03
2.313336124643683434e-03
2.359399106353521347e-03
2.403973136097192764e-03
2.447073347866535187e-03
2.488719299435615540e-03
2.528722863644361496e-03
2.567167859524488449e-03
2.604038687422871590e-03
2.639257581904530525e-03
2.672870876267552376e-03
2.704777754843235016e-03
2.735039684921503067e-03
2.763598458841443062e-03
2.790348837152123451e-03
2.815386978909373283e-03
2.838674699887633324e-03
2.860220847651362419e-03
2.879925537854433060e-03
2.897865371778607368e-03
2.913973992690443993e-03
2.928230445832014084e-03
2.940659644082188606e-03
2.951247850432991982e-03
2.959991572424769402e-03
2.966853789985179901e-03
2.971841488033533096e-03
2.975016832351684570e-03
2.976288553327322006e-03
2.975689014419913292e-03
2.973225899040699005e-03
2.968896646052598953e-03
2.962720813229680061e-03
2.954664872959256172e-03
2.944796578958630562e-03
2.933038165792822838e-03
2.919449005275964737e-03
2.903974149376153946e-03
2.886704634875059128e-03
2.867669099941849709e-03
2.846783958375453949e-03
2.824103459715843201e-03
2.799643902108073235e-03
2.773405285552144051e-03
2.745423931628465652e-03
2.715738723054528236e-03
2.684358507394790649e-03
2.651323564350605011e-03
2.616628771647810936e-03
2.580285770818591118e-03
2.542384201660752296e-03
2.502867719158530235e-03
2.461701864376664162e-03
2.419066848233342171e-03
2.374893287196755409e-03
2.329239156097173691e-03
2.282110042870044708e-03
2.233575796708464622e-03
2.183647593483328819e-03
2.132385969161987305e-03
2.079783007502555847e-03
2.025851048529148102e-03
1.970639917999505997e-03
1.914275693707168102e-03
1.856703660450875759e-03
1.797981210984289646e-03
1.738168881274759769e-03
1.677250606007874012e-03
1.615354209206998348e-03
1.552394125610589981e-03
1.488482579588890076e-03
1.423687441274523735e-03
1.357959816232323647e-03
1.291431020945310593e-03
1.224119914695620537e-03
1.155999256297945976e-03
1.087222597561776638e-03
1.017787959426641464e-03
9.476745035499334335e-04
8.770259446464478970e-04
8.058155071921646595e-04
7.341434829868376255e-04
6.619355408474802971e-04
5.893524503335356712e-04
5.163902533240616322e-04
4.432114947121590376e-04
3.696918720379471779e-04
2.959926787298172712e-04
2.220831665908917785e-04
1.480639621149748564e-04
7.396862929454073310e-05
