0.000000000000000000e+00 0.000000000000000000e+00 3.333333507180213928e-02 0.000000000000000000e+00 0.000000000000000000e+00
2.499537169933319092e-02 -6.412794755306094885e-05 3.333333507180213928e-02 -4.531355079961940646e-05 7.495833635330200195e-01
4.998753964900970459e-02 -1.060189169947989285e-04 3.333107009530067444e-02 -9.916753333527594805e-05 1.499166727066040039e+00
7.497591525316238403e-02 -2.338363556191325188e-04 3.332611173391342163e-02 -2.306544629391282797e-04 2.248750209808349609e+00
9.995418787002563477e-02 -4.292092635296285152e-04 3.331457823514938354e-02 -4.600391839630901814e-04 2.998334169387817383e+00
1.249140501022338867e-01 -6.483945180661976337e-04 3.329157456755638123e-02 -7.841814076527953148e-04 3.747918844223022461e+00
1.498457193374633789e-01 -8.549626218155026436e-04 3.325236588716506958e-02 -1.189793343655765057e-03 4.497504234313964844e+00
1.747376769781112671e-01 -1.026179292239248753e-03 3.319287672638893127e-02 -1.660037902183830738e-03 5.247091293334960938e+00
1.995764821767807007e-01 -1.151268254034221172e-03 3.310987353324890137e-02 -2.177895512431859970e-03 5.996679782867431641e+00
2.243468165397644043e-01 -1.227881293743848801e-03 3.300097957253456116e-02 -2.727810293436050415e-03 6.746270656585693359e+00
2.490316927433013916e-01 -1.258805277757346630e-03 3.286458924412727356e-02 -3.296352922916412354e-03 7.495864391326904297e+00
2.736127972602844238e-01 -1.249519293196499348e-03 3.269977122545242310e-02 -3.872369881719350815e-03 8.245461463928222656e+00
2.980708181858062744e-01 -1.206724671646952629e-03 3.250615298748016357e-02 -4.446979612112045288e-03 8.995062828063964844e+00
3.223858475685119629e-01 -1.137248706072568893e-03 3.228380531072616577e-02 -5.013322457671165466e-03 9.744668960571289062e+00
3.465376496315002441e-01 -1.047646161168813705e-03 3.203313797712326050e-02 -5.566412582993507385e-03 1.049427986145019531e+01
3.705060482025146484e-01 -9.436379186809062958e-04 3.175481781363487244e-02 -6.102728191763162613e-03 1.124389648437500000e+01
3.942709863185882568e-01 -8.303000358864665031e-04 3.144968301057815552e-02 -6.620122119784355164e-03 1.199351978302001953e+01
4.178128540515899658e-01 -7.117519853636622429e-04 3.111867606639862061e-02 -7.117436733096837997e-03 1.274314975738525391e+01
4.411125183105468750e-01 -5.912742344662547112e-04 3.076280467212200165e-02 -7.594301365315914154e-03 1.349278736114501953e+01
4.641514420509338379e-01 -4.715124960057437420e-04 3.038308955729007721e-02 -8.051016367971897125e-03 1.424243354797363281e+01
4.869116842746734619e-01 -3.544243809301406145e-04 2.998053841292858124e-02 -8.488327264785766602e-03 1.499208831787109375e+01
5.093759894371032715e-01 -2.413111506029963493e-04 2.955612167716026306e-02 -8.907227776944637299e-03 1.574175167083740234e+01
5.315278172492980957e-01 -1.330937084276229143e-04 2.911075949668884277e-02 -9.308937937021255493e-03 1.649142456054687500e+01
5.533511638641357422e-01 -3.018405550392344594e-05 2.864531241357326508e-02 -9.694692678749561310e-03 1.724110794067382812e+01
5.748307108879089355e-01 6.714586197631433606e-05 2.816057763993740082e-02 -1.006582193076610565e-02 1.799080085754394531e+01
5.959517359733581543e-01 1.590212050359696150e-04 2.765728719532489777e-02 -1.042352989315986633e-02 1.874050331115722656e+01
6.166999936103820801e-01 2.456893562339246273e-04 2.713610976934432983e-02 -1.076894346624612808e-02 1.949021530151367188e+01
6.370618343353271484e-01 3.274669288657605648e-04 2.659766189754009247e-02 -1.110310573130846024e-02 2.023993873596191406e+01
6.570240855216979980e-01 4.048948467243462801e-04 2.604250609874725342e-02 -1.142683532088994980e-02 2.098967361450195312e+01
6.765739917755126953e-01 4.783039330504834652e-04 2.547116391360759735e-02 -1.174094900488853455e-02 2.173941802978515625e+01
6.956992149353027344e-01 5.482648848555982113e-04 2.488411590456962585e-02 -1.204601489007472992e-02 2.248917388916015625e+01
7.143877744674682617e-01 6.151636480353772640e-04 2.428181469440460205e-02 -1.234255917370319366e-02 2.323894119262695312e+01
7.326281070709228516e-01 6.795657100155949593e-04 2.366468682885169983e-02 -1.263087149709463120e-02 2.398871994018554688e+01
7.504089474678039551e-01 7.418317254632711411e-04 2.303314395248889923e-02 -1.291119772940874100e-02 2.473850822448730469e+01
7.677193880081176758e-01 8.021799148991703987e-04 2.238758467137813568e-02 -1.318377535790205002e-02 2.548830795288085938e+01
7.845487594604492188e-01 8.611482917331159115e-04 2.172839641571044922e-02 -1.344854757189750671e-02 2.623811912536621094e+01
8.008868098258972168e-01 9.188366238959133625e-04 2.105596847832202911e-02 -1.370558049529790878e-02 2.698794174194335938e+01
8.167235255241394043e-01 9.755973587743937969e-04 2.037069015204906464e-02 -1.395472791045904160e-02 2.773777389526367188e+01
8.320492506027221680e-01 1.031478983350098133e-03 1.967295445501804352e-02 -1.419592835009098053e-02 2.848761749267578125e+01
8.468545675277709961e-01 1.086646108888089657e-03 1.896315813064575195e-02 -1.442902162671089172e-02 2.923747062683105469e+01
8.611304163932800293e-01 1.141156069934368134e-03 1.824170723557472229e-02 -1.465385686606168747e-02 2.998733520507812500e+01
8.748679757118225098e-01 1.195068471133708954e-03 1.750901527702808380e-02 -1.487025339156389236e-02 3.073720932006835938e+01
8.880587816238403320e-01 1.248416840098798275e-03 1.676550321280956268e-02 -1.507802121341228485e-02 3.148709297180175781e+01
9.006947278976440430e-01 1.301343552768230438e-03 1.601160131394863129e-02 -1.527687534689903259e-02 3.223698806762695312e+01
9.127679467201232910e-01 1.353640691377222538e-03 1.524775754660367966e-02 -1.546671241521835327e-02 3.298689270019531250e+01
9.242709875106811523e-01 1.405397662892937660e-03 1.447442173957824707e-02 -1.564728654921054840e-02 3.373680496215820312e+01
9.351966977119445801e-01 1.456567551940679550e-03 1.369205769151449203e-02 -1.581840962171554565e-02 3.448672485351562500e+01
9.455382227897644043e-01 1.506985630840063095e-03 1.290113758295774460e-02 -1.597997918725013733e-02 3.523665237426757812e+01
9.552891254425048828e-01 1.556762261316180229e-03 1.210213825106620789e-02 -1.613175310194492340e-02 3.598658752441406250e+01
9.644433259963989258e-01 1.605781144462525845e-03 1.129555050283670425e-02 -1.627360098063945770e-02 3.673653030395507812e+01
9.729951024055480957e-01 1.653970801271498203e-03 1.048187073320150375e-02 -1.640539243817329407e-02 3.748648071289062500e+01
9.809390306472778320e-01 1.701314002275466919e-03 9.661600925028324127e-03 -1.652698032557964325e-02 3.823643875122070312e+01
9.882701635360717773e-01 1.747713191434741020e-03 8.835252374410629272e-03 -1.663827151060104370e-02 3.898640441894531250e+01
9.949839115142822266e-01 1.793140079826116562e-03 8.003339171409606934e-03 -1.673915237188339233e-02 3.973637390136718750e+01
1.001075983047485352e+00 1.837456133216619492e-03 7.166381459683179855e-03 -1.682959124445915222e-02 4.048635101318359375e+01
1.006542563438415527e+00 1.880776835605502129e-03 6.324901711195707321e-03 -1.690942794084548950e-02 4.123633193969726562e+01
1.011380195617675781e+00 1.922912895679473877e-03 5.479430314153432846e-03 -1.697866432368755341e-02 4.198631668090820312e+01
1.015585899353027344e+00 1.963938819244503975e-03 4.630497191101312637e-03 -1.703718677163124084e-02 4.273630523681640625e+01
1.019156932830810547e+00 2.003666711971163750e-03 3.778637852519750595e-03 -1.708503067493438721e-02 4.348629760742187500e+01
1.022091031074523926e+00 2.042195061221718788e-03 2.924386411905288696e-03 -1.712210103869438171e-02 4.423628997802734375e+01
1.024386405944824219e+00 2.079486614093184471e-03 2.068281406536698341e-03 -1.714835688471794128e-02 4.498628616333007812e+01
1.026041626930236816e+00 2.115432638674974442e-03 1.210863469168543816e-03 -1.716381497681140900e-02 4.573628616333007812e+01
1.027055501937866211e+00 2.149945124983787537e-03 3.526727086864411831e-04 -1.716852374374866486e-02 4.648628616333007812e+01
1.027427554130554199e+00 2.183161210268735886e-03 -5.057535017840564251e-04 -1.716240122914314270e-02 4.723628616333007812e+01
1.027157425880432129e+00 2.214912557974457741e-03 -1.363873598165810108e-03 -1.714552752673625946e-02 4.798628616333007812e+01
1.026245236396789551e+00 2.245316980406641960e-03 -2.221149858087301254e-03 -1.711784861981868744e-02 4.873628616333007812e+01
1.024691581726074219e+00 2.274384722113609314e-03 -3.077042289078235626e-03 -1.707933656871318817e-02 4.948628616333007812e+01
1.022497534751892090e+00 2.301962347701191902e-03 -3.931009210646152496e-03 -1.703007891774177551e-02 5.023628234863281250e+01
1.019664406776428223e+00 2.328020054847002029e-03 -4.782513249665498734e-03 -1.697013154625892639e-02 5.098627853393554688e+01
1.016193985939025879e+00 2.352480310946702957e-03 -5.631019826978445053e-03 -1.689959503710269928e-02 5.173627090454101562e+01
1.012088418006896973e+00 2.375514479354023933e-03 -6.475999485701322556e-03 -1.681842841207981110e-02 5.248625946044921875e+01
1.007350206375122070e+00 2.397072035819292068e-03 -7.316920906305313110e-03 -1.672668382525444031e-02 5.323624420166015625e+01
1.001982450485229492e+00 2.417185576632618904e-03 -8.153255097568035126e-03 -1.662437990307807922e-02 5.398622512817382812e+01
9.959884285926818848e-01 2.435730770230293274e-03 -8.984474465250968933e-03 -1.651163026690483093e-02 5.473620223999023438e+01
9.893719553947448730e-01 2.452650340273976326e-03 -9.810055606067180634e-03 -1.638855040073394775e-02 5.548617172241210938e+01
9.821371436119079590e-01 2.467986661940813065e-03 -1.062948349863290787e-02 -1.625521108508110046e-02 5.623613739013671875e+01
9.742885828018188477e-01 2.481762086972594261e-03 -1.144224405288696289e-02 -1.611168682575225830e-02 5.698609542846679688e+01
9.658311605453491211e-01 2.494029467925429344e-03 -1.224782876670360565e-02 -1.595802791416645050e-02 5.773604965209960938e+01
9.567701816558837891e-01 2.504674950614571571e-03 -1.304573006927967072e-02 -1.579438336193561554e-02 5.848599624633789062e+01
9.471113681793212891e-01 2.513646148145198822e-03 -1.383544877171516418e-02 -1.562090683728456497e-02 5.923593521118164062e+01
9.368607997894287109e-01 2.521131653338670731e-03 -1.461649406701326370e-02 -1.543760765343904495e-02 5.998586654663085938e+01
9.260248541831970215e-01 2.526955679059028625e-03 -1.538837421685457230e-02 -1.524468511343002319e-02 6.073578643798828125e+01
9.146103858947753906e-01 2.531279344111680984e-03 -1.615060865879058838e-02 -1.504217367619276047e-02 6.148569869995117188e+01
9.026244878768920898e-01 2.534000203013420105e-03 -1.690271683037281036e-02 -1.483024004846811295e-02 6.223560333251953125e+01
8.900747299194335938e-01 2.535050734877586365e-03 -1.764422841370105743e-02 -1.460906676948070526e-02 6.298549652099609375e+01
8.769689798355102539e-01 2.534477738663554192e-03 -1.837468147277832031e-02 -1.437879074364900589e-02 6.373538208007812500e+01
8.633154630661010742e-01 2.532311948016285896e-03 -1.909362152218818665e-02 -1.413954701274633408e-02 6.448526000976562500e+01
8.491227030754089355e-01 2.528593409806489944e-03 -1.980059966444969177e-02 -1.389146223664283752e-02 6.523512268066406250e+01
8.343996405601501465e-01 2.523263217881321907e-03 -2.049517259001731873e-02 -1.363472454249858856e-02 6.598497772216796875e+01
8.191554546356201172e-01 2.516416832804679871e-03 -2.117690816521644592e-02 -1.336944289505481720e-02 6.673482513427734375e+01
8.033997416496276855e-01 2.507944125682115555e-03 -2.184537984430789948e-02 -1.309584360569715500e-02 6.748465728759765625e+01
7.871423959732055664e-01 2.497923793271183968e-03 -2.250017225742340088e-02 -1.281406637281179428e-02 6.823448181152343750e+01
7.703935503959655762e-01 2.486259210854768753e-03 -2.314087562263011932e-02 -1.252435520291328430e-02 6.898429107666015625e+01
7.531636953353881836e-01 2.473141765221953392e-03 -2.376709319651126862e-02 -1.222679577767848969e-02 6.973409271240234375e+01
7.354636788368225098e-01 2.458395669236779213e-03 -2.437843382358551025e-02 -1.192167028784751892e-02 7.048388671875000000e+01
7.173045277595520020e-01 2.442015567794442177e-03 -2.497451752424240112e-02 -1.160921342670917511e-02 7.123366546630859375e+01
6.986976265907287598e-01 2.424181904643774033e-03 -2.555497735738754272e-02 -1.128954440355300903e-02 7.198343658447265625e+01
6.796546578407287598e-01 2.405024133622646332e-03 -2.611945383250713348e-02 -1.096275728195905685e-02 7.273319244384765625e+01
6.601874828338623047e-01 2.384194638580083847e-03 -2.666759118437767029e-02 -1.062924601137638092e-02 7.348294067382812500e+01
6.403083205223083496e-01 2.362030558288097382e-03 -2.719905413687229156e-02 -1.028905808925628662e-02 7.423267364501953125e+01
6.200296282768249512e-01 2.338251331821084023e-03 -2.771350741386413574e-02 -9.942561388015747070e-03 7.498239898681640625e+01
5.993640422821044922e-01 2.313116798177361488e-03 -2.821063622832298279e-02 -9.589857421815395355e-03 7.573211669921875000e+01
5.783244967460632324e-01 2.286448841914534569e-03 -2.869012951850891113e-02 -9.231271222233772278e-03 7.648181915283203125e+01
5.569241046905517578e-01 2.258497290313243866e-03 -2.915169298648834229e-02 -8.866900578141212463e-03 7.723151397705078125e+01
5.351763367652893066e-01 2.229095902293920517e-03 -2.959503792226314545e-02 -8.497057482600212097e-03 7.798120117187500000e+01
5.130947232246398926e-01 2.198164816945791245e-03 -3.001989051699638367e-02 -8.122064173221588135e-03 7.873087310791015625e+01
4.906930327415466309e-01 2.166178775951266289e-03 -3.042599372565746307e-02 -7.741890847682952881e-03 7.948053741455078125e+01
4.679853022098541260e-01 2.132682828232645988e-03 -3.081308864057064056e-02 -7.357001304626464844e-03 8.023019409179687500e+01
4.449857175350189209e-01 2.097779884934425354e-03 -3.118093870580196381e-02 -6.967641413211822510e-03 8.097984313964843750e+01
4.217086434364318848e-01 2.061733277514576912e-03 -3.152932226657867432e-02 -6.573920138180255890e-03 8.172948455810546875e+01
3.981685936450958252e-01 2.024216577410697937e-03 -3.185801953077316284e-02 -6.176276132464408875e-03 8.247911834716796875e+01
3.743802905082702637e-01 1.985677983611822128e-03 -3.216683492064476013e-02 -5.774733610451221466e-03 8.322874450683593750e+01
3.503585457801818848e-01 1.945923548191785812e-03 -3.245557099580764771e-02 -5.369615275412797928e-03 8.397836303710937500e+01
3.261183798313140869e-01 1.904772128909826279e-03 -3.272405266761779785e-02 -4.961318336427211761e-03 8.472797393798828125e+01
3.016749024391174316e-01 1.862695673480629921e-03 -3.297211974859237671e-02 -4.549855832010507584e-03 8.547757720947265625e+01
2.770433723926544189e-01 1.819501281715929508e-03 -3.319961205124855042e-02 -4.135549068450927734e-03 8.622717285156250000e+01
2.522391676902770996e-01 1.775178941898047924e-03 -3.340638801455497742e-02 -3.718670690432190895e-03 8.697676086425781250e+01
2.272777408361434937e-01 1.729783834889531136e-03 -3.359232097864151001e-02 -3.299463540315628052e-03 8.772634887695312500e+01
2.021746784448623657e-01 1.683144131675362587e-03 -3.375729545950889587e-02 -2.878320869058370590e-03 8.847592926025390625e+01
1.769456267356872559e-01 1.635480206459760666e-03 -3.390121087431907654e-02 -2.455436158925294876e-03 8.922550201416015625e+01
1.516063213348388672e-01 1.586952363140881062e-03 -3.402398154139518738e-02 -2.030976582318544388e-03 8.997507476806640625e+01
1.261725574731826782e-01 1.537304255180060863e-03 -3.412552922964096069e-02 -1.605356810614466667e-03 9.072463989257812500e+01
1.006601974368095398e-01 1.486869179643690586e-03 -3.420579805970191956e-02 -1.178680453449487686e-03 9.147420501708984375e+01
7.508514821529388428e-02 1.435602898709475994e-03 -3.426473215222358704e-02 -7.512070587836205959e-04 9.222377014160156250e+01
4.946336150169372559e-02 1.383168855682015419e-03 -3.430229425430297852e-02 -3.234292089473456144e-04 9.297333526611328125e+01
2.381080389022827148e-02 1.329858088865876198e-03 -3.431846573948860168e-02 1.044659875333309174e-04 9.372289276123046875e+01
-1.856541261076927185e-03 1.275922288186848164e-03 -3.431324288249015808e-02 5.323562072589993477e-04 9.447245025634765625e+01
-2.752266451716423035e-02 1.221238984726369381e-03 -3.428662568330764771e-02 9.599374607205390930e-04 9.522200775146484375e+01
-5.317157134413719177e-02 1.165957888588309288e-03 -3.423862904310226440e-02 1.387042109854519367e-03 9.597156524658203125e+01
-7.878725975751876831e-02 1.109707867726683617e-03 -3.416927531361579895e-02 1.813179580494761467e-03 9.672113037109375000e+01
-1.043537780642509460e-01 1.052615698426961899e-03 -3.407861664891242981e-02 2.238060813397169113e-03 9.747069549560546875e+01
-1.298551857471466064e-01 9.949936065822839737e-04 -3.396671265363693237e-02 2.661559497937560081e-03 9.822026062011718750e+01
-1.552755981683731079e-01 9.370130137540400028e-04 -3.383363410830497742e-02 3.083552699536085129e-03 9.896983337402343750e+01
-1.805991530418395996e-01 8.781962678767740726e-04 -3.367945551872253418e-02 3.503513522446155548e-03 9.971940612792968750e+01
-2.058100849390029907e-01 8.189244545064866543e-04 -3.350428119301795959e-02 3.921332769095897675e-03 1.004689788818359375e+02
-2.308926731348037720e-01 7.592766196466982365e-04 -3.330821543931961060e-02 4.336815327405929565e-03 1.012185592651367188e+02
-2.558312714099884033e-01 6.990882102400064468e-04 -3.309137374162673950e-02 4.749613814055919647e-03 1.019681472778320312e+02
-2.806103229522705078e-01 6.383343134075403214e-04 -3.285389393568038940e-02 5.159407854080200195e-03 1.027177352905273438e+02
-3.052144050598144531e-01 5.773718003183603287e-04 -3.259592503309249878e-02 5.566122010350227356e-03 1.034673309326171875e+02
-3.296281695365905762e-01 5.159972934052348137e-04 -3.231761977076530457e-02 5.969407036900520325e-03 1.042169342041015625e+02
-3.538363873958587646e-01 4.542435344774276018e-04 -3.201914951205253601e-02 6.368995178490877151e-03 1.049665451049804688e+02
-3.778239488601684570e-01 3.921678871847689152e-04 -3.170070052146911621e-02 6.764635443687438965e-03 1.057161636352539062e+02
-4.015758931636810303e-01 3.297051880508661270e-04 -3.136247023940086365e-02 7.155999541282653809e-03 1.064657897949218750e+02
-4.250774085521697998e-01 2.671873662620782852e-04 -3.100467100739479065e-02 7.543001789599657059e-03 1.072154235839843750e+02
-4.483138322830200195e-01 2.045749279204756021e-04 -3.062752075493335724e-02 7.925406098365783691e-03 1.079650650024414062e+02
-4.712706506252288818e-01 1.417013409081846476e-04 -3.023125045001506805e-02 8.302862755954265594e-03 1.087147140502929688e+02
-4.939335584640502930e-01 7.884824299253523350e-05 -2.981610782444477081e-02 8.675266988575458527e-03 1.094643707275390625e+02
-5.162883996963500977e-01 1.583868288435041904e-05 -2.938234433531761169e-02 9.042279794812202454e-03 1.102140350341796875e+02
-5.383211970329284668e-01 -4.716715193353593349e-05 -2.893023006618022919e-02 9.403727017343044281e-03 1.109637145996093750e+02
-5.600181818008422852e-01 -1.103033719118684530e-04 -2.846004441380500793e-02 9.759272448718547821e-03 1.117134017944335938e+02
-5.813658237457275391e-01 -1.731892552925273776e-04 -2.797208167612552643e-02 1.010888256132602692e-02 1.124630966186523438e+02
-6.023508310317993164e-01 -2.360937651246786118e-04 -2.746663801372051239e-02 1.045219600200653076e-02 1.132128067016601562e+02
-6.229600310325622559e-01 -2.989297208841890097e-04 -2.694402821362018585e-02 1.078899484127759933e-02 1.139625244140625000e+02
-6.431805491447448730e-01 -3.616867179516702890e-04 -2.640457823872566223e-02 1.111902389675378799e-02 1.147122497558593750e+02
-6.629997491836547852e-01 -4.240093403495848179e-04 -2.584862709045410156e-02 1.144226733595132828e-02 1.154619903564453125e+02
-6.824052333831787109e-01 -4.861568741034716368e-04 -2.527651377022266388e-02 1.175839640200138092e-02 1.162117385864257812e+02
-7.013849020004272461e-01 -5.480704712681472301e-04 -2.468859404325485229e-02 1.206720247864723206e-02 1.169615020751953125e+02
-7.199268341064453125e-01 -6.096063298173248768e-04 -2.408523485064506531e-02 1.236854773014783859e-02 1.177112731933593750e+02
-7.380194664001464844e-01 -6.708530709147453308e-04 -2.346680685877799988e-02 1.266217231750488281e-02 1.184610519409179688e+02
-7.556514739990234375e-01 -7.315358379855751991e-04 -2.283369749784469604e-02 1.294803246855735779e-02 1.192108459472656250e+02
-7.728118300437927246e-01 -7.919771596789360046e-04 -2.218629606068134308e-02 1.322575565427541733e-02 1.199606475830078125e+02
-7.894897460937500000e-01 -8.518768590874969959e-04 -2.152500860393047333e-02 1.349527854472398758e-02 1.207104644775390625e+02
-8.056748509407043457e-01 -9.114196873269975185e-04 -2.085024490952491760e-02 1.375629939138889313e-02 1.214602890014648438e+02
-8.213569521903991699e-01 -9.701682720333337784e-04 -2.016242966055870056e-02 1.400887500494718552e-02 1.222101287841796875e+02
-8.365262746810913086e-01 -1.028491416946053505e-03 -1.946198567748069763e-02 1.425264775753021240e-02 1.229599761962890625e+02
-8.511732816696166992e-01 -1.086060539819300175e-03 -1.874935254454612732e-02 1.448760926723480225e-02 1.237098312377929688e+02
-8.652887940406799316e-01 -1.142962137237191200e-03 -1.802497170865535736e-02 1.471357140690088272e-02 1.244597015380859375e+02
-8.788639307022094727e-01 -1.199311576783657074e-03 -1.728929392993450165e-02 1.493028644472360611e-02 1.252095794677734375e+02
-8.918902277946472168e-01 -1.254868344403803349e-03 -1.654277928173542023e-02 1.513770408928394318e-02 1.259594650268554688e+02
-9.043594598770141602e-01 -1.309723244048655033e-03 -1.578589342534542084e-02 1.533562596887350082e-02 1.267093582153320312e+02
-9.162638783454895020e-01 -1.363798044621944427e-03 -1.501911226660013199e-02 1.552392635494470596e-02 1.274592666625976562e+02
-9.275959730148315430e-01 -1.416923711076378822e-03 -1.424291636794805527e-02 1.570257171988487244e-02 1.282091827392578125e+02
-9.383486509323120117e-01 -1.469188020564615726e-03 -1.345778815448284149e-02 1.587139815092086792e-02 1.289591064453125000e+02
-9.485151171684265137e-01 -1.520510646514594555e-03 -1.266421843320131302e-02 1.603032462298870087e-02 1.297090301513671875e+02
-9.580890536308288574e-01 -1.570925000123679638e-03 -1.186270266771316528e-02 1.617921330034732819e-02 1.304589691162109375e+02
-9.670644402503967285e-01 -1.620379742234945297e-03 -1.105374190956354141e-02 1.631796732544898987e-02 1.312089080810546875e+02
-9.754356145858764648e-01 -1.668835291638970375e-03 -1.023784372955560684e-02 1.644649729132652283e-02 1.319588623046875000e+02
-9.831972718238830566e-01 -1.716229133307933807e-03 -9.415518492460250854e-03 1.656473800539970398e-02 1.327088165283203125e+02
-9.903446435928344727e-01 -1.762599335052073002e-03 -8.587281219661235809e-03 1.667257025837898254e-02 1.334587860107421875e+02
-9.968731403350830078e-01 -1.807855674996972084e-03 -7.753652520477771759e-03 1.676994748413562775e-02 1.342087554931640625e+02
-1.002778768539428711e+00 -1.851986977271735668e-03 -6.915155332535505295e-03 1.685679703950881958e-02 1.349587249755859375e+02
-1.008057713508605957e+00 -1.894851680845022202e-03 -6.072315387427806854e-03 1.693313941359519958e-02 1.357087097167968750e+02
-1.012706637382507324e+00 -1.936610671691596508e-03 -5.225658416748046875e-03 1.699882932007312775e-02 1.364586944580078125e+02
-1.016722679138183594e+00 -1.977137289941310883e-03 -4.375717137008905411e-03 1.705386117100715637e-02 1.372086791992187500e+02
-1.020103335380554199e+00 -2.016482409089803696e-03 -3.523024031892418861e-03 1.709814928472042084e-02 1.379586791992187500e+02
-1.022846460342407227e+00 -2.054449170827865601e-03 -2.668116474524140358e-03 1.713176257908344269e-02 1.387086791992187500e+02
-1.024950265884399414e+00 -2.091128379106521606e-03 -1.811528345569968224e-03 1.715463586151599884e-02 1.394586791992187500e+02
-1.026413440704345703e+00 -2.126536564901471138e-03 -9.537965524941682816e-04 1.716672256588935852e-02 1.402086791992187500e+02
-1.027235150337219238e+00 -2.160588745027780533e-03 -9.546038927510380745e-05 1.716804131865501404e-02 1.409586791992187500e+02
-1.027414798736572266e+00 -2.193335443735122681e-03 7.629416650161147118e-04 1.715853996574878693e-02 1.417086791992187500e+02
-1.026952266693115234e+00 -2.224619034677743912e-03 1.620868686586618423e-03 1.713830046355724335e-02 1.424586791992187500e+02
-1.025847792625427246e+00 -2.254522638395428658e-03 2.477783709764480591e-03 1.710728742182254791e-02 1.432086791992187500e+02
-1.024102210998535156e+00 -2.283012261614203453e-03 3.333148080855607986e-03 1.706552132964134216e-02 1.439586791992187500e+02
-1.021716475486755371e+00 -2.309959614649415016e-03 4.186423961073160172e-03 1.701309904456138611e-02 1.447086791992187500e+02
-1.018692135810852051e+00 -2.335614990442991257e-03 5.037079099565744400e-03 1.694990135729312897e-02 1.454586791992187500e+02
-1.015031099319458008e+00 -2.359644509851932526e-03 5.884574260562658310e-03 1.687613129615783691e-02 1.462086639404296875e+02
-1.010735630989074707e+00 -2.382261445745825768e-03 6.728380918502807617e-03 1.679172553122043610e-02 1.469586486816406250e+02
-1.005808472633361816e+00 -2.403340535238385201e-03 7.567967288196086884e-03 1.669678650796413422e-02 1.477086334228515625e+02
-1.000252723693847656e+00 -2.422963967546820641e-03 8.402806706726551056e-03 1.659131795167922974e-02 1.484586181640625000e+02
-9.940718412399291992e-01 -2.440814860165119171e-03 9.232372976839542389e-03 1.647557318210601807e-02 1.492085876464843750e+02
-9.872696995735168457e-01 -2.457218710333108902e-03 1.005615200847387314e-02 1.634948141872882843e-02 1.499585571289062500e+02
-9.798505902290344238e-01 -2.472243504598736763e-03 1.087362598627805710e-02 1.621302962303161621e-02 1.507085266113281250e+02
-9.718191623687744141e-01 -2.485365374013781548e-03 1.168427709490060806e-02 1.606660336256027222e-02 1.514584808349609375e+02
-9.631804227828979492e-01 -2.497080713510513306e-03 1.248760707676410675e-02 1.591006666421890259e-02 1.522084350585937500e+02
-9.539397954940795898e-01 -2.507356461137533188e-03 1.328311022371053696e-02 1.574347913265228271e-02 1.529583740234375000e+02
-9.441031217575073242e-01 -2.515961881726980209e-03 1.407028455287218094e-02 1.556705497205257416e-02 1.537083129882812500e+02
-9.336765408515930176e-01 -2.523057162761688232e-03 1.484863739460706711e-02 1.538081932812929153e-02 1.544582366943359375e+02
-9.226666092872619629e-01 -2.528378274291753769e-03 1.561767794191837311e-02 1.518504414707422256e-02 1.552081604003906250e+02
-9.110802412033081055e-01 -2.532242098823189735e-03 1.637692935764789581e-02 1.497969776391983032e-02 1.559580688476562500e+02
-8.989247083663940430e-01 -2.534322207793593407e-03 1.712591387331485748e-02 1.476508844643831253e-02 1.567079772949218750e+02
-8.862075805664062500e-01 -2.534866100177168846e-03 1.786416769027709961e-02 1.454124879091978073e-02 1.574578704833984375e+02
-8.729369044303894043e-01 -2.533787162974476814e-03 1.859123073518276215e-02 1.430836133658885956e-02 1.582077484130859375e+02
-8.591209650039672852e-01 -2.531437901780009270e-03 1.930664852261543274e-02 1.406634040176868439e-02 1.589576263427734375e+02
-8.447684049606323242e-01 -2.527255099266767502e-03 2.000996470451354980e-02 1.381561718881130219e-02 1.597074890136718750e+02
-8.298882842063903809e-01 -2.521580783650279045e-03 2.070074528455734253e-02 1.355620007961988449e-02 1.604573364257812500e+02
-8.144899010658264160e-01 -2.514281542971730232e-03 2.137855440378189087e-02 1.328831724822521210e-02 1.612071838378906250e+02
-7.985829114913940430e-01 -2.504941541701555252e-03 2.204297110438346863e-02 1.301245018839836121e-02 1.619570159912109375e+02
-7.821772098541259766e-01 -2.494383370503783226e-03 2.269359305500984192e-02 1.272837352007627487e-02 1.627068328857421875e+02
-7.652831673622131348e-01 -2.482525072991847992e-03 2.333001233637332916e-02 1.243620458990335464e-02 1.634566497802734375e+02
-7.479113340377807617e-01 -2.468817401677370071e-03 2.395182289183139801e-02 1.213642768561840057e-02 1.642064514160156250e+02
-7.300726175308227539e-01 -2.453605644404888153e-03 2.455864474177360535e-02 1.182910241186618805e-02 1.649562377929687500e+02
-7.117781043052673340e-01 -2.437212038785219193e-03 2.515009976923465729e-02 1.151419244706630707e-02 1.657060089111328125e+02
-6.930393576622009277e-01 -2.419056370854377747e-03 2.572580985724925995e-02 1.119218394160270691e-02 1.664557800292968750e+02
-6.738680601119995117e-01 -2.399026881903409958e-03 2.628541924059391022e-02 1.086345594376325607e-02 1.672055358886718750e+02
-6.542761921882629395e-01 -2.377610886469483376e-03 2.682859264314174652e-02 1.052801869809627533e-02 1.679552764892578125e+02
-6.342759728431701660e-01 -2.355239819735288620e-03 2.735499292612075806e-02 1.018575485795736313e-02 1.687050170898437500e+02
-6.138799786567687988e-01 -2.330807037651538849e-03 2.786428108811378479e-02 9.837479330599308014e-03 1.694547424316406250e+02
-5.931009650230407715e-01 -2.304959576576948166e-03 2.835615538060665131e-02 9.483187459409236908e-03 1.702044525146484375e+02
-5.719519257545471191e-01 -2.278277650475502014e-03 2.883031405508518219e-02 9.122697636485099792e-03 1.709541473388671875e+02
-5.504460334777832031e-01 -2.249877434223890305e-03 2.928644977509975433e-02 8.756654337048530579e-03 1.717038421630859375e+02
-5.285967588424682617e-01 -2.220084890723228455e-03 2.972428314387798309e-02 8.385180495679378510e-03 1.724535217285156250e+02
-5.064178109169006348e-01 -2.188741695135831833e-03 3.014354221522808075e-02 8.008634671568870544e-03 1.732032012939453125e+02
-4.839229583740234375e-01 -2.156117465347051620e-03 3.054397366940975189e-02 7.627144455909729004e-03 1.739528656005859375e+02
-4.611262977123260498e-01 -2.122343517839908600e-03 3.092533163726329803e-02 7.240848150104284286e-03 1.747025146484375000e+02
-4.380420744419097900e-01 -2.087026601657271385e-03 3.128737583756446838e-02 6.850212812423706055e-03 1.754521636962890625e+02
-4.146846830844879150e-01 -2.050593728199601173e-03 3.162988647818565369e-02 6.455284543335437775e-03 1.762017974853515625e+02
-3.910686969757080078e-01 -2.013033954426646233e-03 3.195264935493469238e-02 6.056273821741342545e-03 1.769514312744140625e+02
-3.672088980674743652e-01 -1.974020153284072876e-03 3.225546330213546753e-02 5.653625354170799255e-03 1.777010498046875000e+02
-3.431201577186584473e-01 -1.933931955136358738e-03 3.253814578056335449e-02 5.247418303042650223e-03 1.784506683349609375e+02
-3.188174962997436523e-01 -1.892132684588432312e-03 3.280051797628402710e-02 4.838322289288043976e-03 1.792002716064453125e+02
-2.943160831928253174e-01 -1.849790336564183235e-03 3.304243460297584534e-02 4.425982013344764709e-03 1.799498748779296875e+02
-2.696312069892883301e-01 -1.806244719773530960e-03 3.326373547315597534e-02 4.010912962257862091e-03 1.806994628906250000e+02
-2.447782754898071289e-01 -1.761738327331840992e-03 3.346428275108337402e-02 3.593243425711989403e-03 1.814490509033203125e+02
-2.197727859020233154e-01 -1.715961378067731857e-03 3.364394605159759521e-02 3.173413919284939766e-03 1.821986389160156250e+02
-1.946303397417068481e-01 -1.668912474997341633e-03 3.380261734127998352e-02 2.751774154603481293e-03 1.829482116699218750e+02
-1.693665981292724609e-01 -1.621112693101167679e-03 3.394020721316337585e-02 2.328320406377315521e-03 1.836977844238281250e+02
-1.439973413944244385e-01 -1.572233159095048904e-03 3.405662253499031067e-02 1.903467462398111820e-03 1.844473571777343750e+02
-1.185383796691894531e-01 -1.522565493360161781e-03 3.415179625153541565e-02 1.477324403822422028e-03 1.851969299316406250e+02
-9.300559759140014648e-02 -1.471515279263257980e-03 3.422566130757331848e-02 1.050530117936432362e-03 1.859465026855468750e+02
-6.741489470005035400e-02 -1.419502310454845428e-03 3.427818790078163147e-02 6.232402520254254341e-04 1.866960601806640625e+02
-4.178222268819808960e-02 -1.367049058899283409e-03 3.430934995412826538e-02 1.953994506038725376e-04 1.874456176757812500e+02
-1.612357050180435181e-02 -1.313793007284402847e-03 3.431912139058113098e-02 -2.326066605746746063e-04 1.881951751708984375e+02
9.545069187879562378e-03 -1.259682117961347103e-03 3.430749103426933289e-02 -6.604691734537482262e-04 1.889447326660156250e+02
3.520769625902175903e-02 -1.204741070978343487e-03 3.427446633577346802e-02 -1.087902113795280457e-03 1.896942901611328125e+02
6.084831058979034424e-02 -1.149024232290685177e-03 3.422006964683532715e-02 -1.514636678621172905e-03 1.904438476562500000e+02
8.645093441009521484e-02 -1.092632184736430645e-03 3.414433822035789490e-02 -1.940444111824035645e-03 1.911934051513671875e+02
1.119996085762977600e-01 -1.035926630720496178e-03 3.404731675982475281e-02 -2.365305321291089058e-03 1.919429626464843750e+02
1.374783962965011597e-01 -9.781750850379467010e-04 3.392904996871948242e-02 -2.788552781566977501e-03 1.926925354003906250e+02
1.628714203834533691e-01 -9.194289450533688068e-04 3.378962352871894836e-02 -3.209789516404271126e-03 1.934421081542968750e+02
1.881628632545471191e-01 -8.603147580288350582e-04 3.362913429737091064e-02 -3.629026003181934357e-03 1.941916809082031250e+02
2.133369743824005127e-01 -8.008801960386335850e-04 3.344768285751342773e-02 -4.046081565320491791e-03 1.949412536621093750e+02
2.383780330419540405e-01 -7.411369588226079941e-04 3.324537724256515503e-02 -4.460758995264768600e-03 1.956908416748046875e+02
2.632704377174377441e-01 -6.806859164498746395e-04 3.302234038710594177e-02 -4.872566089034080505e-03 1.964404296875000000e+02
2.879986763000488281e-01 -6.199383642524480820e-04 3.277871385216712952e-02 -5.281424149870872498e-03 1.971900177001953125e+02
3.125473260879516602e-01 -5.589747452177107334e-04 3.251464292407035828e-02 -5.687158554792404175e-03 1.979396209716796875e+02
3.369010686874389648e-01 -4.973923205398023129e-04 3.223028406500816345e-02 -6.089275702834129333e-03 1.986892242431640625e+02
3.610447347164154053e-01 -4.356433928478509188e-04 3.192581981420516968e-02 -6.487723439931869507e-03 1.994388427734375000e+02
3.849632740020751953e-01 -3.734366327989846468e-04 3.160143271088600159e-02 -6.882079411298036575e-03 2.001884613037109375e+02
4.086417555809020996e-01 -3.111475380137562752e-04 3.125732764601707458e-02 -7.272272836416959763e-03 2.009380798339843750e+02
4.320653975009918213e-01 -2.485190634615719318e-04 3.089371323585510254e-02 -7.657913025468587875e-03 2.016877136230468750e+02
4.552195668220520020e-01 -1.858857576735317707e-04 3.051081672310829163e-02 -8.038922213017940521e-03 2.024373626708984375e+02
4.780898392200469971e-01 -1.229846093337982893e-04 3.010887093842029572e-02 -8.414911106228828430e-03 2.031870117187500000e+02
5.006619095802307129e-01 -6.014492100803181529e-05 2.968812547624111176e-02 -8.785801939666271210e-03 2.039366760253906250e+02
5.229217410087585449e-01 3.178312908858060837e-06 2.924883551895618439e-02 -9.151010774075984955e-03 2.046863403320312500e+02
5.448554158210754395e-01 6.601800123462453485e-05 2.879128418862819672e-02 -9.510804899036884308e-03 2.054360198974609375e+02
5.664491653442382812e-01 1.289232459384948015e-04 2.831574343144893646e-02 -9.864728897809982300e-03 2.061857147216796875e+02
5.876895785331726074e-01 1.922293449752032757e-04 2.782250754535198212e-02 -1.021226774901151657e-02 2.069354095458984375e+02
6.085633635520935059e-01 2.549259806983172894e-04 2.731189504265785217e-02 -1.055371854454278946e-02 2.076851196289062500e+02
6.290574669837951660e-01 3.177403414156287909e-04 2.678420953452587128e-02 -1.088851224631071091e-02 2.084348449707031250e+02
6.491590738296508789e-01 3.802462597377598286e-04 2.623978443443775177e-02 -1.121661905199289322e-02 2.091845703125000000e+02
6.688556671142578125e-01 4.426307277753949165e-04 2.567895315587520599e-02 -1.153772231191396713e-02 2.099343109130859375e+02
6.881349086761474609e-01 5.047462182119488716e-04 2.510206773877143860e-02 -1.185166276991367340e-02 2.106840667724609375e+02
7.069846987724304199e-01 5.665927310474216938e-04 2.450948394834995270e-02 -1.215821877121925354e-02 2.114338226318359375e+02
7.253932952880859375e-01 6.278171204030513763e-04 2.390157245099544525e-02 -1.245741266757249832e-02 2.121835937500000000e+02
7.433491349220275879e-01 6.889580981805920601e-04 2.327870205044746399e-02 -1.274875365197658539e-02 2.129333801269531250e+02
7.608410120010375977e-01 7.497593178413808346e-04 2.264126390218734741e-02 -1.303210854530334473e-02 2.136831817626953125e+02
7.778579592704772949e-01 8.101075072772800922e-04 2.198965847492218018e-02 -1.330732367932796478e-02 2.144329833984375000e+02
7.943893671035766602e-01 8.698477759025990963e-04 2.132429182529449463e-02 -1.357430778443813324e-02 2.151828002929687500e+02
8.104248642921447754e-01 9.290240122936666012e-04 2.064557559788227081e-02 -1.383288018405437469e-02 2.159326324462890625e+02
8.259543776512145996e-01 9.877458214759826660e-04 1.995393075048923492e-02 -1.408278755843639374e-02 2.166824645996093750e+02
8.409681916236877441e-01 1.045724027790129185e-03 1.924979127943515778e-02 -1.432400848716497421e-02 2.174323120117187500e+02
8.554569482803344727e-01 1.103189657442271709e-03 1.853359118103981018e-02 -1.455625332891941071e-02 2.181821746826171875e+02
8.694114685058593750e-01 1.159974257461726665e-03 1.780577935278415680e-02 -1.477942429482936859e-02 2.189320373535156250e+02
8.828231096267700195e-01 1.216042088344693184e-03 1.706680841743946075e-02 -1.499338168650865555e-02 2.196819152832031250e+02
8.956834077835083008e-01 1.271448330953717232e-03 1.631713844835758209e-02 -1.519792526960372925e-02 2.204318084716796875e+02
9.079842567443847656e-01 1.326015684753656387e-03 1.555724255740642548e-02 -1.539299264550209045e-02 2.211817016601562500e+02
9.197180271148681641e-01 1.379749970510601997e-03 1.478759292513132095e-02 -1.557845063507556915e-02 2.219316101074218750e+02
9.308772683143615723e-01 1.432684133760631084e-03 1.400867011398077011e-02 -1.575413905084133148e-02 2.226815338134765625e+02
9.414550662040710449e-01 1.484731677919626236e-03 1.322096306830644608e-02 -1.591996289789676666e-02 2.234314575195312500e+02
9.514447450637817383e-01 1.535818795673549175e-03 1.242496445775032043e-02 -1.607583835721015930e-02 2.241813964843750000e+02
9.608399868011474609e-01 1.585902296938002110e-03 1.162117253988981247e-02 -1.622169092297554016e-02 2.249313354492187500e+02
9.696349501609802246e-01 1.635041902773082256e-03 1.081008836627006531e-02 -1.635737903416156769e-02 2.256812896728515625e+02
9.778240919113159180e-01 1.683152513578534126e-03 9.992219507694244385e-03 -1.648283377289772034e-02 2.264312438964843750e+02
9.854022860527038574e-01 1.730206655338406563e-03 9.168078191578388214e-03 -1.659798063337802887e-02 2.271811981201171875e+02
9.923647642135620117e-01 1.776216202415525913e-03 8.338179439306259155e-03 -1.670271158218383789e-02 2.279311676025390625e+02
9.987071156501770020e-01 1.821078360080718994e-03 7.503043860197067261e-03 -1.679699867963790894e-02 2.286811370849609375e+02
1.004425406455993652e+00 1.864829682745039463e-03 6.663193926215171814e-03 -1.688074506819248199e-02 2.294311218261718750e+02
1.009516000747680664e+00 1.907420228235423565e-03 5.819156765937805176e-03 -1.695390231907367706e-02 2.301811065673828125e+02
1.013975739479064941e+00 1.948808203451335430e-03 4.971461836248636246e-03 -1.701642759144306183e-02 2.309310913085937500e+02
1.017801761627197266e+00 1.988954842090606689e-03 4.120640456676483154e-03 -1.706829108297824860e-02 2.316810760498046875e+02
1.020991683006286621e+00 2.027896000072360039e-03 3.267225809395313263e-03 -1.710941642522811890e-02 2.324310760498046875e+02
1.023543477058410645e+00 2.065554261207580566e-03 2.411755034700036049e-03 -1.713979616761207581e-02 2.331810760498046875e+02
1.025455594062805176e+00 2.101877238601446152e-03 1.554765272885560989e-03 -1.715943403542041779e-02 2.339310760498046875e+02
1.026726722717285156e+00 2.136915922164916992e-03 6.967935478314757347e-04 -1.716827228665351868e-02 2.346810760498046875e+02
1.027356147766113281e+00 2.170592546463012695e-03 -1.616200897842645645e-04 -1.716632768511772156e-02 2.354310760498046875e+02
1.027343511581420898e+00 2.202829811722040176e-03 -1.019936520606279373e-03 -1.715364120900630951e-02 2.361810760498046875e+02
1.026688694953918457e+00 2.233676612377166748e-03 -1.877618604339659214e-03 -1.713019981980323792e-02 2.369310760498046875e+02
1.025392174720764160e+00 2.263143658638000488e-03 -2.734128618612885475e-03 -1.709599234163761139e-02 2.376810760498046875e+02
1.023454785346984863e+00 2.291263546794652939e-03 -3.588928375393152237e-03 -1.705099269747734070e-02 2.384310760498046875e+02
1.020877599716186523e+00 2.317817416042089462e-03 -4.441477824002504349e-03 -1.699534058570861816e-02 2.391810760498046875e+02
1.017662405967712402e+00 2.342907944694161415e-03 -5.291244946420192719e-03 -1.692902296781539917e-02 2.399310760498046875e+02
1.013811111450195312e+00 2.366471104323863983e-03 -6.137696094810962677e-03 -1.685211621224880219e-02 2.406810607910156250e+02
1.009326219558715820e+00 2.388849621638655663e-03 -6.980301812291145325e-03 -1.676443777978420258e-02 2.414310455322265625e+02
1.004210472106933594e+00 2.409414621070027351e-03 -7.818523794412612915e-03 -1.666635647416114807e-02 2.421810302734375000e+02
9.984670877456665039e-01 2.428381470963358879e-03 -8.651841431856155396e-03 -1.655788160860538483e-02 2.429310150146484375e+02
9.920997023582458496e-01 2.445787424221634865e-03 -9.479735046625137329e-03 -1.643907465040683746e-02 2.436809844970703125e+02
9.851123094558715820e-01 2.461991040036082268e-03 -1.030168868601322174e-02 -1.630976423621177673e-02 2.444309539794921875e+02
9.775092601776123047e-01 2.476174617186188698e-03 -1.111717708408832550e-02 -1.617047376930713654e-02 2.451809082031250000e+02
9.692953228950500488e-01 2.489461330696940422e-03 -1.192570105195045471e-02 -1.602066308259963989e-02 2.459308624267578125e+02
9.604757428169250488e-01 2.500670030713081360e-03 -1.272673439234495163e-02 -1.586100831627845764e-02 2.466808166503906250e+02
9.510560035705566406e-01 2.510116668418049812e-03 -1.351978443562984467e-02 -1.569156534969806671e-02 2.474307556152343750e+02
9.410419464111328125e-01 2.518284833058714867e-03 -1.430436223745346069e-02 -1.551216840744018555e-02 2.481806945800781250e+02
9.304399490356445312e-01 2.524840645492076874e-03 -1.507997047156095505e-02 -1.532305218279361725e-02 2.489306182861328125e+02
9.192566275596618652e-01 2.529612043872475624e-03 -1.584612391889095306e-02 -1.512446254491806030e-02 2.496805419921875000e+02
9.074990153312683105e-01 2.532695885747671127e-03 -1.660234667360782623e-02 -1.491652894765138626e-02 2.504304504394531250e+02
8.951744437217712402e-01 2.534567378461360931e-03 -1.734817400574684143e-02 -1.469908561557531357e-02 2.511803436279296875e+02
8.822906613349914551e-01 2.534788567572832108e-03 -1.808312907814979553e-02 -1.447243802249431610e-02 2.519302368164062500e+02
8.688557744026184082e-01 2.533621154725551605e-03 -1.880675181746482849e-02 -1.423656567931175232e-02 2.526801147460937500e+02
8.548781871795654297e-01 2.530145458877086639e-03 -1.951858028769493103e-02 -1.399219129234552383e-02 2.534299774169921875e+02
8.403666615486145020e-01 2.525924006476998329e-03 -2.021818980574607849e-02 -1.373863220214843750e-02 2.541798400878906250e+02
8.253303170204162598e-01 2.519415225833654404e-03 -2.090512216091156006e-02 -1.347682811319828033e-02 2.549296875000000000e+02
8.097785711288452148e-01 2.511557890102267265e-03 -2.157896384596824646e-02 -1.320654712617397308e-02 2.556795196533203125e+02
7.937211394309997559e-01 2.502554561942815781e-03 -2.223929204046726227e-02 -1.292773801833391190e-02 2.564293518066406250e+02
7.771681547164916992e-01 2.491092542186379433e-03 -2.288567833602428436e-02 -1.264134887605905533e-02 2.571791687011718750e+02
7.601299285888671875e-01 2.478405600413680077e-03 -2.351774647831916809e-02 -1.234702579677104950e-02 2.579289855957031250e+02
7.426171302795410156e-01 2.464066259562969208e-03 -2.413509786128997803e-02 -1.204514689743518829e-02 2.586787719726562500e+02
7.246407270431518555e-01 2.448656130582094193e-03 -2.473735436797142029e-02 -1.173554174602031708e-02 2.594285583496093750e+02
7.062119841575622559e-01 2.431558445096015930e-03 -2.532413229346275330e-02 -1.141867786645889282e-02 2.601783447265625000e+02
6.873424649238586426e-01 2.412621397525072098e-03 -2.589506655931472778e-02 -1.109492871910333633e-02 2.609281005859375000e+02
6.680439114570617676e-01 2.392643364146351814e-03 -2.644981257617473602e-02 -1.076406519860029221e-02 2.616778564453125000e+02
6.483284831047058105e-01 2.371590351685881615e-03 -2.698801644146442413e-02 -1.042616181075572968e-02 2.624276123046875000e+02
6.282084584236145020e-01 2.348001813516020775e-03 -2.750932425260543823e-02 -1.008231472223997116e-02 2.631773376464843750e+02
6.076964139938354492e-01 2.323315711691975594e-03 -2.801343984901905060e-02 -9.732127189636230469e-03 2.639270629882812500e+02
5.868052244186401367e-01 2.297077793627977371e-03 -2.850004658102989197e-02 -9.376024827361106873e-03 2.646767578125000000e+02
5.655478835105895996e-01 2.269880846142768860e-03 -2.896884828805923462e-02 -9.013868868350982666e-03 2.654264526367187500e+02
5.439377427101135254e-01 2.241733251139521599e-03 -2.941954135894775391e-02 -8.645722642540931702e-03 2.661761474609375000e+02
5.219883322715759277e-01 2.211033832281827927e-03 -2.985182777047157288e-02 -8.272786624729633331e-03 2.669258117675781250e+02
4.997133016586303711e-01 2.179294358938932419e-03 -3.026546724140644073e-02 -7.894668728113174438e-03 2.676754760742187500e+02
4.771265983581542969e-01 2.146774902939796448e-03 -3.066020086407661438e-02 -7.511322386562824249e-03 2.684251403808593750e+02
4.542423486709594727e-01 2.111926674842834473e-03 -3.103576786816120148e-02 -7.123885210603475571e-03 2.691748046875000000e+02
4.310747981071472168e-01 2.075572963804006577e-03 -3.139196336269378662e-02 -6.732405163347721100e-03 2.699244384765625000e+02
4.076384305953979492e-01 2.039446495473384857e-03 -3.172858431935310364e-02 -6.336008664220571518e-03 2.706740722656250000e+02
3.839479088783264160e-01 2.001185901463031769e-03 -3.204538300633430481e-02 -5.936069879680871964e-03 2.714237060546875000e+02
3.600179851055145264e-01 1.961404690518975258e-03 -3.234218806028366089e-02 -5.532743409276008606e-03 2.721733093261718750e+02
3.358635902404785156e-01 1.921839546412229538e-03 -3.261882439255714417e-02 -5.125184543430805206e-03 2.729229125976562500e+02
3.114998638629913330e-01 1.880078343674540520e-03 -3.287508338689804077e-02 -4.714840091764926910e-03 2.736725158691406250e+02
2.869419455528259277e-01 1.837472547776997089e-03 -3.311082720756530762e-02 -4.301396664232015610e-03 2.744221191406250000e+02
2.622051835060119629e-01 1.792861497960984707e-03 -3.332589566707611084e-02 -3.885834477841854095e-03 2.751717224121093750e+02
2.373049855232238770e-01 1.747761620208621025e-03 -3.352018818259239197e-02 -3.467686939984560013e-03 2.759212951660156250e+02
2.122568935155868530e-01 1.701600849628448486e-03 -3.369357436895370483e-02 -3.047417616471648216e-03 2.766708679199218750e+02
1.870765239000320435e-01 1.655017375014722347e-03 -3.384594619274139404e-02 -2.624852582812309265e-03 2.774204406738281250e+02
1.617796123027801514e-01 1.606436446309089661e-03 -3.397718816995620728e-02 -2.201152499765157700e-03 2.781700134277343750e+02
1.363818943500518799e-01 1.557438285090029240e-03 -3.408724442124366760e-02 -1.775846234522759914e-03 2.789195861816406250e+02
1.108992397785186768e-01 1.506719156168401241e-03 -3.417603671550750732e-02 -1.349930651485919952e-03 2.796691589355468750e+02
8.534749597311019897e-02 1.455835299566388130e-03 -3.424353152513504028e-02 -9.228786802850663662e-04 2.804187316894531250e+02
5.974261462688446045e-02 1.403407193720340729e-03 -3.428967669606208801e-02 -4.956735065206885338e-04 2.811683044433593750e+02
3.410052508115768433e-02 1.350905862636864185e-03 -3.431446105241775513e-02 -6.780636613257229328e-05 2.819178771972656250e+02
8.437234908342361450e-03 1.296969596296548843e-03 -3.431785106658935547e-02 3.597636823542416096e-04 2.826674499511718750e+02
-1.723129115998744965e-02 1.243002014234662056e-03 -3.429986163973808289e-02 7.875166484154760838e-04 2.834170227050781250e+02
-4.288903251290321350e-02 1.188256312161684036e-03 -3.426048532128334045e-02 1.214921590872108936e-03 2.841665954589843750e+02
-6.851999461650848389e-02 1.132011995650827885e-03 -3.419974073767662048e-02 1.641183975152671337e-03 2.849161682128906250e+02
-9.410823136568069458e-02 1.075793989002704620e-03 -3.411768004298210144e-02 2.066811081022024155e-03 2.856657409667968750e+02
-1.196377724409103394e-01 1.018284121528267860e-03 -3.401434049010276794e-02 2.490853425115346909e-03 2.864153137207031250e+02
-1.450927257537841797e-01 9.608688415028154850e-04 -3.388979658484458923e-02 2.913773059844970703e-03 2.871648864746093750e+02
-1.704571992158889771e-01 9.022111771628260612e-04 -3.374410793185234070e-02 3.334609325975179672e-03 2.879144592285156250e+02
-1.957153975963592529e-01 8.436775533482432365e-04 -3.357737883925437927e-02 3.753806464374065399e-03 2.886640319824218750e+02
-2.208515405654907227e-01 7.839548052288591862e-04 -3.338968753814697266e-02 4.170408938080072403e-03 2.894136047363281250e+02
-2.458499819040298462e-01 7.243233267217874527e-04 -3.318116813898086548e-02 4.584796726703643799e-03 2.901631774902343750e+02
-2.706950902938842773e-01 6.635988829657435417e-04 -3.295192867517471313e-02 4.996068775653839111e-03 2.909127807617187500e+02
-2.953714132308959961e-01 6.024411413818597794e-04 -3.270212560892105103e-02 5.404177121818065643e-03 2.916623840332031250e+02
-3.198635280132293701e-01 5.404821131378412247e-04 -3.243191540241241455e-02 5.808574147522449493e-03 2.924119873046875000e+02
-3.441562056541442871e-01 4.790531820617616177e-04 -3.214148804545402527e-02 6.209762301295995712e-03 2.931615905761718750e+02
-3.682342171669006348e-01 4.169529711361974478e-04 -3.183100000023841858e-02 6.606937386095523834e-03 2.939111938476562500e+02
-3.920826017856597900e-01 3.552349517121911049e-04 -3.150065243244171143e-02 7.000437472015619278e-03 2.946608276367187500e+02
-4.156864285469055176e-01 2.921903796959668398e-04 -3.115062974393367767e-02 7.389029022306203842e-03 2.954104614257812500e+02
-4.390310049057006836e-01 2.291510172653943300e-04 -3.078117780387401581e-02 7.772979326546192169e-03 2.961600952148437500e+02
-4.621017873287200928e-01 1.668522309046238661e-04 -3.039252944290637970e-02 8.152607828378677368e-03 2.969097290039062500e+02
-4.848843216896057129e-01 1.040706556523218751e-04 -2.998489886522293091e-02 8.527121506631374359e-03 2.976593933105468750e+02
-5.073644518852233887e-01 4.118552169529721141e-05 -2.955854311585426331e-02 8.896398358047008514e-03 2.984090576171875000e+02
-5.295280814170837402e-01 -2.213100378867238760e-05 -2.911372296512126923e-02 9.259942919015884399e-03 2.991587219238281250e+02
-5.513613820075988770e-01 -8.526349847670644522e-05 -2.865072526037693024e-02 9.617791511118412018e-03 2.999084167480468750e+02
-5.728507637977600098e-01 -1.481352228438481688e-04 -2.816983498632907867e-02 9.969814680516719818e-03 3.006581115722656250e+02
-5.939827561378479004e-01 -2.112453657900914550e-04 -2.767134457826614380e-02 1.031549554318189621e-02 3.014078063964843750e+02
-6.147441864013671875e-01 -2.740604686550796032e-04 -2.715557068586349487e-02 1.065485272556543350e-02 3.021575317382812500e+02
-6.351220607757568359e-01 -3.369597543496638536e-04 -2.662282809615135193e-02 1.098744478076696396e-02 3.029072570800781250e+02
-6.551036834716796875e-01 -3.994358703494071960e-04 -2.607345581054687500e-02 1.131330523639917374e-02 3.036569824218750000e+02
-6.746765375137329102e-01 -4.610335454344749451e-04 -2.550779096782207489e-02 1.163260918110609055e-02 3.044067382812500000e+02
-6.938283443450927734e-01 -5.231758696027100086e-04 -2.492616139352321625e-02 1.194436941295862198e-02 3.051564941406250000e+02
-7.125471830368041992e-01 -5.849635344929993153e-04 -2.432894334197044373e-02 1.224870234727859497e-02 3.059062500000000000e+02
-7.308213114738464355e-01 -6.462244200520217419e-04 -2.371650747954845428e-02 1.254552602767944336e-02 3.066560363769531250e+02
-7.486393451690673828e-01 -7.073802989907562733e-04 -2.308923192322254181e-02 1.283439714461565018e-02 3.074058227539062500e+02
-7.659900784492492676e-01 -7.679229602217674255e-04 -2.244751155376434326e-02 1.311536133289337158e-02 3.081556091308593750e+02
-7.828626632690429688e-01 -8.278725435957312584e-04 -2.179174311459064484e-02 1.338827051222324371e-02 3.089054260253906250e+02
-7.992465496063232422e-01 -8.875859784893691540e-04 -2.112232893705368042e-02 1.365272235125303268e-02 3.096552429199218750e+02
-8.151314854621887207e-01 -9.466370684094727039e-04 -2.043969370424747467e-02 1.390872895717620850e-02 3.104050598144531250e+02
-8.305075168609619141e-01 -1.005028723739087582e-03 -1.974425651133060455e-02 1.415614411234855652e-02 3.111549072265625000e+02
-8.453649878501892090e-01 -1.062987488694489002e-03 -1.903644949197769165e-02 1.439465861767530441e-02 3.119047546386718750e+02
-8.596946001052856445e-01 -1.120297354646027088e-03 -1.831671595573425293e-02 1.462418213486671448e-02 3.126546325683593750e+02
-8.734873533248901367e-01 -1.176999998278915882e-03 -1.758550666272640228e-02 1.484451349824666977e-02 3.134045104980468750e+02
-8.867346644401550293e-01 -1.232901006005704403e-03 -1.684328168630599976e-02 1.505559217184782028e-02 3.141543884277343750e+02
-8.994281888008117676e-01 -1.287888502702116966e-03 -1.609050296247005463e-02 1.525736693292856216e-02 3.149042663574218750e+02
-9.115599393844604492e-01 -1.342080999165773392e-03 -1.532763428986072540e-02 1.544965617358684540e-02 3.156541748046875000e+02
-9.231222867965698242e-01 -1.395800383761525154e-03 -1.455515157431364059e-02 1.563208922743797302e-02 3.164040832519531250e+02
-9.341080188751220703e-01 -1.448421622626483440e-03 -1.377354748547077179e-02 1.580483280122280121e-02 3.171539916992187500e+02
-9.445102810859680176e-01 -1.500080921687185764e-03 -1.298330537974834442e-02 1.596774160861968994e-02 3.179039306640625000e+02
-9.543224573135375977e-01 -1.550858840346336365e-03 -1.218491792678833008e-02 1.612065546214580536e-02 3.186538696289062500e+02
-9.635384678840637207e-01 -1.600817195139825344e-03 -1.137888524681329727e-02 1.626338995993137360e-02 3.194038085937500000e+02
-9.721524715423583984e-01 -1.649586483836174011e-03 -1.056571584194898605e-02 1.639603637158870697e-02 3.201537475585937500e+02
-9.801591038703918457e-01 -1.697334228083491325e-03 -9.745914489030838013e-03 1.651843823492527008e-02 3.209037170410156250e+02
-9.875532984733581543e-01 -1.744087319821119308e-03 -8.919992484152317047e-03 1.663047447800636292e-02 3.216536865234375000e+02
-9.943304061889648438e-01 -1.789792906492948532e-03 -8.088468573987483978e-03 1.673206500709056854e-02 3.224036560058593750e+02
-1.000486135482788086e+00 -1.834325026720762253e-03 -7.251865230500698090e-03 1.682319678366184235e-02 3.231536254882812500e+02
-1.006016731262207031e+00 -1.877760398201644421e-03 -6.410705391317605972e-03 1.690375059843063354e-02 3.239035949707031250e+02
-1.010918617248535156e+00 -1.919982838444411755e-03 -5.565518047660589218e-03 1.697371527552604675e-02 3.246535644531250000e+02
-1.015188694000244141e+00 -1.961020752787590027e-03 -4.716832190752029419e-03 1.703302189707756042e-02 3.254035644531250000e+02
-1.018824338912963867e+00 -2.000778447836637497e-03 -3.865181002765893936e-03 1.708167046308517456e-02 3.261535644531250000e+02
-1.021823287010192871e+00 -2.039317274466156960e-03 -3.011097433045506477e-03 1.711958274245262146e-02 3.269035644531250000e+02
-1.024183630943298340e+00 -2.076583681628108025e-03 -2.155118156224489212e-03 1.714673824608325958e-02 3.276535644531250000e+02
-1.025903820991516113e+00 -2.112355316057801247e-03 -1.297781243920326233e-03 1.716325245797634125e-02 3.284035644531250000e+02
-1.026982784271240234e+00 -2.147021470591425896e-03 -4.396185977384448051e-04 1.716889441013336182e-02 3.291535644531250000e+02
-1.027419805526733398e+00 -2.180240582674741745e-03 4.188261227682232857e-04 1.716380007565021515e-02 3.299035644531250000e+02
-1.027214646339416504e+00 -2.212304854765534401e-03 1.277016126550734043e-03 1.714778132736682892e-02 3.306535644531250000e+02
-1.026367545127868652e+00 -2.242901362478733063e-03 2.134405076503753662e-03 1.712097041308879852e-02 3.314035644531250000e+02
-1.024878859519958496e+00 -2.271743956953287125e-03 2.990453504025936127e-03 1.708359457552433014e-02 3.321535644531250000e+02
-1.022749662399291992e+00 -2.299434738233685493e-03 3.844633232802152634e-03 1.703536137938499451e-02 3.329035644531250000e+02
-1.019981145858764648e+00 -2.325350884348154068e-03 4.696401301771402359e-03 1.697662472724914551e-02 3.336535644531250000e+02
-1.016575098037719727e+00 -2.350137569010257721e-03 5.545232445001602173e-03 1.690707355737686157e-02 3.344035644531250000e+02
-1.012533664703369141e+00 -2.373387804254889488e-03 6.390586029738187790e-03 1.682690158486366272e-02 3.351535644531250000e+02
-1.007859468460083008e+00 -2.394834998995065689e-03 7.231931202113628387e-03 1.673635281622409821e-02 3.359035644531250000e+02
-1.002555251121520996e+00 -2.414999296888709068e-03 8.068748749792575836e-03 1.663522049784660339e-02 3.366535339355468750e+02
-9.966245293617248535e-01 -2.434010151773691177e-03 8.900510147213935852e-03 1.652338355779647827e-02 3.374035034179687500e+02
-9.900709390640258789e-01 -2.450970001518726349e-03 9.726678952574729919e-03 1.640139706432819366e-02 3.381534729003906250e+02
-9.828985929489135742e-01 -2.466614823788404465e-03 1.054674852639436722e-02 1.626899838447570801e-02 3.389034423828125000e+02
-9.751120209693908691e-01 -2.480552531778812408e-03 1.136019825935363770e-02 1.612645387649536133e-02 3.396534118652343750e+02
-9.667160511016845703e-01 -2.492495113983750343e-03 1.216652058064937592e-02 1.597410440444946289e-02 3.404033508300781250e+02
-9.577159881591796875e-01 -2.503647934645414352e-03 1.296522561460733414e-02 1.581135392189025879e-02 3.411532897949218750e+02
-9.481174945831298828e-01 -2.513104118406772614e-03 1.375579368323087692e-02 1.563864946365356445e-02 3.419032287597656250e+02
-9.379265904426574707e-01 -2.520342357456684113e-03 1.453772652894258499e-02 1.545650698244571686e-02 3.426531677246093750e+02
-9.271496534347534180e-01 -2.526322845369577408e-03 1.531055197119712830e-02 1.526459306478500366e-02 3.434030761718750000e+02
-9.157934784889221191e-01 -2.531080041080713272e-03 1.607378199696540833e-02 1.506288629025220871e-02 3.441529846191406250e+02
-9.038652181625366211e-01 -2.534050494432449341e-03 1.682692579925060272e-02 1.485177036374807358e-02 3.449028930664062500e+02
-8.913723230361938477e-01 -2.535136882215738297e-03 1.756951399147510529e-02 1.463151630014181137e-02 3.456528015136718750e+02
-8.783226013183593750e-01 -2.533953636884689331e-03 1.830109022557735443e-02 1.440264470875263214e-02 3.464026794433593750e+02
-8.647242188453674316e-01 -2.532236278057098389e-03 1.902122236788272858e-02 1.416433136910200119e-02 3.471525573730468750e+02
-8.505857586860656738e-01 -2.528870943933725357e-03 1.972943916916847229e-02 1.391713134944438934e-02 3.479024353027343750e+02
-8.359160423278808594e-01 -2.523685339838266373e-03 2.042529545724391937e-02 1.366134360432624817e-02 3.486522827148437500e+02
-8.207243084907531738e-01 -2.517271088436245918e-03 2.110836282372474670e-02 1.339679956436157227e-02 3.494021301269531250e+02
-8.050200343132019043e-01 -2.508981619030237198e-03 2.177820354700088501e-02 1.312399469316005707e-02 3.501519775390625000e+02
-7.888131141662597656e-01 -2.498845104128122330e-03 2.243440411984920502e-02 1.284319721162319183e-02 3.509017944335937500e+02
-7.721136212348937988e-01 -2.487548626959323883e-03 2.307656407356262207e-02 1.255420688539743423e-02 3.516516113281250000e+02
-7.549321055412292480e-01 -2.474535489454865456e-03 2.370427362620830536e-02 1.225745677947998047e-02 3.524014282226562500e+02
-7.372792363166809082e-01 -2.459672978147864342e-03 2.431714721024036407e-02 1.195329613983631134e-02 3.531512145996093750e+02
-7.191661000251770020e-01 -2.443748060613870621e-03 2.491481229662895203e-02 1.164148468524217606e-02 3.539010009765625000e+02
-7.006040811538696289e-01 -2.426118589937686920e-03 2.549688704311847687e-02 1.132250763475894928e-02 3.546507568359375000e+02
-6.816047430038452148e-01 -2.407293301075696945e-03 2.606301195919513702e-02 1.099628210067749023e-02 3.554005126953125000e+02
-6.621800065040588379e-01 -2.386679872870445251e-03 2.661282569169998169e-02 1.066332403570413589e-02 3.561502685546875000e+02
-6.423420310020446777e-01 -2.364255022257566452e-03 2.714599110186100006e-02 1.032397430390119553e-02 3.568999938964843750e+02
-6.221032142639160156e-01 -2.340857172384858131e-03 2.766218967735767365e-02 9.977988898754119873e-03 3.576497192382812500e+02
-6.014761924743652344e-01 -2.316390862688422203e-03 2.816108986735343933e-02 9.625483304262161255e-03 3.583994445800781250e+02
-5.804739594459533691e-01 -2.289407886564731598e-03 2.864236384630203247e-02 9.267568588256835938e-03 3.591491394042968750e+02
-5.591095685958862305e-01 -2.261412329971790314e-03 2.910574153065681458e-02 8.903816342353820801e-03 3.598988342285156250e+02
-5.373963713645935059e-01 -2.231835853308439255e-03 2.955093234777450562e-02 8.534725755453109741e-03 3.606485290527343750e+02
-5.153479576110839844e-01 -2.201421186327934265e-03 2.997766807675361633e-02 8.160090073943138123e-03 3.613981933593750000e+02
-4.929780960083007812e-01 -2.169468905776739120e-03 3.038567304611206055e-02 7.780452258884906769e-03 3.621478576660156250e+02
-4.703007638454437256e-01 -2.135873772203922272e-03 3.077469579875469208e-02 7.396202068775892258e-03 3.628975219726562500e+02
-4.473301172256469727e-01 -2.101471414789557457e-03 3.114450536668300629e-02 7.007121574133634567e-03 3.636471557617187500e+02
-4.240805506706237793e-01 -2.065532375127077103e-03 3.149485960602760315e-02 6.613795179873704910e-03 3.643967895507812500e+02
-4.005665481090545654e-01 -2.028046175837516785e-03 3.182554990053176880e-02 6.216580513864755630e-03 3.651464233398437500e+02
-3.768027722835540771e-01 -1.989883836358785629e-03 3.213638067245483398e-02 5.815231241285800934e-03 3.658960571289062500e+02
-3.528040647506713867e-01 -1.949578057974576950e-03 3.242714330554008484e-02 5.410839337855577469e-03 3.666456604003906250e+02
-3.285853862762451172e-01 -1.909433631226420403e-03 3.269768506288528442e-02 5.002389661967754364e-03 3.673952636718750000e+02
-3.041619062423706055e-01 -1.867154613137245178e-03 3.294780477881431580e-02 4.591273143887519836e-03 3.681448669433593750e+02
-2.795488238334655762e-01 -1.824161037802696228e-03 3.317736834287643433e-02 4.177112597972154617e-03 3.688944702148437500e+02
-2.547615170478820801e-01 -1.779192709363996983e-03 3.338622301816940308e-02 3.760915249586105347e-03 3.696440734863281250e+02
-2.298154085874557495e-01 -1.733832992613315582e-03 3.357426822185516357e-02 3.342161187902092934e-03 3.703936462402343750e+02
-2.047260850667953491e-01 -1.687411800958216190e-03 3.374137729406356812e-02 2.921349601820111275e-03 3.711432189941406250e+02
-1.795091778039932251e-01 -1.640572096221148968e-03 3.388744592666625977e-02 2.498306799679994583e-03 3.718927917480468750e+02
-1.541804373264312744e-01 -1.591791515238583088e-03 3.401236236095428467e-02 2.074157353490591049e-03 3.726423645019531250e+02
-1.287556290626525879e-01 -1.542546087875962257e-03 3.411607071757316589e-02 1.648485427722334862e-03 3.733919372558593750e+02
-1.032506227493286133e-01 -1.491588074713945389e-03 3.419849649071693420e-02 1.222268911078572273e-03 3.741415100097656250e+02
-7.768128812313079834e-02 -1.440447173081338406e-03 3.425960987806320190e-02 7.949986029416322708e-04 3.748910827636718750e+02
