0.000000000000000000e+00 0.000000000000000000e+00 3.333333507180213928e-02 0.000000000000000000e+00 0.000000000000000000e+00
2.499537169933319092e-02 -1.572138535266276449e-05 3.333333507180213928e-02 -1.110891207645181566e-05 7.495833635330200195e-01
4.998996108770370483e-02 -3.007338091265410185e-05 3.333278000354766846e-02 -2.719606345635838807e-05 1.499166727066040039e+00
7.498341798782348633e-02 -6.861482688691467047e-05 3.333142027258872986e-02 -6.606678653042763472e-05 2.248750209808349609e+00
9.997392445802688599e-02 -1.321544114034622908e-04 3.332811594009399414e-02 -1.376928121317178011e-04 2.998333692550659180e+00
1.249587833881378174e-01 -2.143426681868731976e-04 3.332123160362243652e-02 -2.477095695212483406e-04 3.747917413711547852e+00
1.499343663454055786e-01 -3.080758906435221434e-04 3.330884501338005066e-02 -3.992660203948616982e-04 4.497501373291015625e+00
1.748959869146347046e-01 -4.073037707712501287e-04 3.328888118267059326e-02 -5.939301336184144020e-04 5.247086048126220703e+00
1.998376846313476562e-01 -5.073620704934000969e-04 3.325918316841125488e-02 -8.322196663357317448e-04 5.996671199798583984e+00
2.247521132230758667e-01 -6.047175265848636627e-04 3.321757167577743530e-02 -1.113856327719986439e-03 6.746257305145263672e+00
2.496304959058761597e-01 -6.966887158341705799e-04 3.316187858581542969e-02 -1.437925500795245171e-03 7.495844364166259766e+00
2.744625210762023926e-01 -7.811930263414978981e-04 3.308998048305511475e-02 -1.802965183742344379e-03 8.245432853698730469e+00
2.992364466190338135e-01 -8.566112373955547810e-04 3.299983218312263489e-02 -2.207053592428565025e-03 8.995023727416992188e+00
3.239390254020690918e-01 -9.216371108777821064e-04 3.288947790861129761e-02 -2.647843444719910622e-03 9.744616508483886719e+00
3.485556244850158691e-01 -9.752635960467159748e-04 3.275708481669425964e-02 -3.122642636299133301e-03 1.049421215057373047e+01
3.730702996253967285e-01 -1.016718451865017414e-03 3.260095417499542236e-02 -3.628456732258200645e-03 1.124381160736083984e+01
3.974658846855163574e-01 -1.045409007929265499e-03 3.241953253746032715e-02 -4.162018187344074249e-03 1.199341487884521484e+01
4.217240214347839355e-01 -1.060968963429331779e-03 3.221143037080764771e-02 -4.719870630651712418e-03 1.274302291870117188e+01
4.458253979682922363e-01 -1.063189236447215080e-03 3.197543695569038391e-02 -5.298389121890068054e-03 1.349263572692871094e+01
4.697497487068176270e-01 -1.052062143571674824e-03 3.171051666140556335e-02 -5.893859080970287323e-03 1.424225425720214844e+01
4.934760630130767822e-01 -1.027698046527802944e-03 3.141582384705543518e-02 -6.502484902739524841e-03 1.499187850952148438e+01
5.169826745986938477e-01 -9.903874015435576439e-04 3.109069913625717163e-02 -7.120468653738498688e-03 1.574151039123535156e+01
5.402474403381347656e-01 -9.405284654349088669e-04 3.073467500507831573e-02 -7.744022645056247711e-03 1.649114990234375000e+01
5.632477998733520508e-01 -8.786927210167050362e-04 3.034747391939163208e-02 -8.369454182684421539e-03 1.724079704284667969e+01
5.859609842300415039e-01 -8.055104990489780903e-04 2.992900088429450989e-02 -8.993147872388362885e-03 1.799045372009277344e+01
6.083641052246093750e-01 -7.217443780973553658e-04 2.947934344410896301e-02 -9.611641056835651398e-03 1.874011993408203125e+01
6.304343342781066895e-01 -6.282194517552852631e-04 2.899876050651073456e-02 -1.022162940353155136e-02 1.948979568481445312e+01
6.521489620208740234e-01 -5.258462624624371529e-04 2.848767861723899841e-02 -1.082000602036714554e-02 2.023948097229003906e+01
6.734855771064758301e-01 -4.156029899604618549e-04 2.794667892158031464e-02 -1.140389405190944672e-02 2.098917770385742188e+01
6.944220662117004395e-01 -2.985148748848587275e-04 2.737648412585258484e-02 -1.197065971791744232e-02 2.173888587951660156e+01
7.149369716644287109e-01 -1.755706034600734711e-04 2.677795104682445526e-02 -1.251788344234228134e-02 2.248860549926757812e+01
7.350092530250549316e-01 -4.785275086760520935e-05 2.615205757319927216e-02 -1.304344646632671356e-02 2.323833656311035156e+01
7.546186447143554688e-01 8.358219929505139589e-05 2.549988590180873871e-02 -1.354549080133438110e-02 2.398808097839355469e+01
7.737456560134887695e-01 2.177150017814710736e-04 2.482261136174201965e-02 -1.402241736650466919e-02 2.473783683776855469e+01
7.923715710639953613e-01 3.534780116751790047e-04 2.412149123847484589e-02 -1.447294279932975769e-02 2.548760604858398438e+01
8.104786276817321777e-01 4.898713086731731892e-04 2.339784428477287292e-02 -1.489604450762271881e-02 2.623738670349121094e+01
8.280498981475830078e-01 6.259606452658772469e-04 2.265304140746593475e-02 -1.529095880687236786e-02 2.698718070983886719e+01
8.450695276260375977e-01 7.608400192111730576e-04 2.188849262893199921e-02 -1.565718092024326324e-02 2.773698806762695312e+01
8.615226149559020996e-01 8.936339290812611580e-04 2.110563404858112335e-02 -1.599448360502719879e-02 2.848680686950683594e+01
8.773953318595886230e-01 1.023560180328786373e-03 2.030590921640396118e-02 -1.630285941064357758e-02 2.923663902282714844e+01
8.926748633384704590e-01 1.149900374002754688e-03 1.949076540768146515e-02 -1.658252812922000885e-02 2.998648262023925781e+01
9.073494672775268555e-01 1.272002002224326134e-03 1.866163872182369232e-02 -1.683391444385051727e-02 3.073633956909179688e+01
9.214084744453430176e-01 1.389287528581917286e-03 1.781994290649890900e-02 -1.705764047801494598e-02 3.148620796203613281e+01
9.348421692848205566e-01 1.501244376413524151e-03 1.696706004440784454e-02 -1.725450530648231506e-02 3.223608779907226562e+01
9.476419091224670410e-01 1.607456826604902744e-03 1.610433496534824371e-02 -1.742544770240783691e-02 3.298597717285156250e+01
9.598000049591064453e-01 1.707565854303538799e-03 1.523306220769882202e-02 -1.757155917584896088e-02 3.373587799072265625e+01
9.713097214698791504e-01 1.801329897716641426e-03 1.435448415577411652e-02 -1.769401319324970245e-02 3.448579025268554688e+01
9.821652770042419434e-01 1.888562808744609356e-03 1.346978358924388885e-02 -1.779408194124698639e-02 3.523571014404296875e+01
9.923617243766784668e-01 1.969136297702789307e-03 1.258007995784282684e-02 -1.787311956286430359e-02 3.598564147949218750e+01
1.001894950866699219e+00 2.043019281700253487e-03 1.168642379343509674e-02 -1.793251372873783112e-02 3.673558044433593750e+01
1.010761737823486328e+00 2.110223518684506416e-03 1.078979857265949249e-02 -1.797369122505187988e-02 3.748552703857421875e+01
1.018959403038024902e+00 2.170822117477655411e-03 9.891114197671413422e-03 -1.799809746444225311e-02 3.823548126220703125e+01
1.026486158370971680e+00 2.224955009296536446e-03 8.991209790110588074e-03 -1.800717227160930634e-02 3.898544311523437500e+01
1.033340692520141602e+00 2.272845944389700890e-03 8.090850897133350372e-03 -1.800230890512466431e-02 3.973541259765625000e+01
1.039522409439086914e+00 2.314721234142780304e-03 7.190735545009374619e-03 -1.798488572239875793e-02 4.048538589477539062e+01
1.045031189918518066e+00 2.350852126255631447e-03 6.291491445153951645e-03 -1.795622892677783966e-02 4.123536682128906250e+01
1.049867272377014160e+00 2.381567843258380890e-03 5.393680185079574585e-03 -1.791759394109249115e-02 4.198535156250000000e+01
1.054031610488891602e+00 2.407238120213150978e-03 4.497800488024950027e-03 -1.787014491856098175e-02 4.273534011840820312e+01
1.057525277137756348e+00 2.428211504593491554e-03 3.604293335229158401e-03 -1.781499199569225311e-02 4.348533248901367188e+01
1.060349941253662109e+00 2.444896381348371506e-03 2.713543828576803207e-03 -1.775312982499599457e-02 4.423532867431640625e+01
1.062507390975952148e+00 2.457671100273728371e-03 1.825887244194746017e-03 -1.768547110259532928e-02 4.498532485961914062e+01
1.063999652862548828e+00 2.466972451657056808e-03 9.416136890649795532e-04 -1.761280186474323273e-02 4.573532485961914062e+01
1.064829230308532715e+00 2.473236992955207825e-03 6.097357254475355148e-05 -1.753579825162887573e-02 4.648532485961914062e+01
1.064998626708984375e+00 2.476831199601292610e-03 -8.158163400366902351e-04 -1.745505444705486298e-02 4.723532485961914062e+01
1.064510583877563477e+00 2.478157402947545052e-03 -1.688569085672497749e-03 -1.737104542553424835e-02 4.798532485961914062e+01
1.063368082046508789e+00 2.477638889104127884e-03 -2.557121450081467628e-03 -1.728411205112934113e-02 4.873532485961914062e+01
1.061574101448059082e+00 2.475604880601167679e-03 -3.421327099204063416e-03 -1.719452999532222748e-02 4.948532104492187500e+01
1.059131860733032227e+00 2.472451888024806976e-03 -4.281053785234689713e-03 -1.710242405533790588e-02 5.023531723022460938e+01
1.056044697761535645e+00 2.468474674969911575e-03 -5.136175081133842468e-03 -1.700786501169204712e-02 5.098530960083007812e+01
1.052315950393676758e+00 2.463995479047298431e-03 -5.986568517982959747e-03 -1.691080071032047272e-02 5.173530197143554688e+01
1.047949194908142090e+00 2.459273207932710648e-03 -6.832108367234468460e-03 -1.681110635399818420e-02 5.248529052734375000e+01
1.042948126792907715e+00 2.454570494592189789e-03 -7.672663778066635132e-03 -1.670856587588787079e-02 5.323527526855468750e+01
1.037316441535949707e+00 2.450068946927785873e-03 -8.508091792464256287e-03 -1.660291664302349091e-02 5.398525238037109375e+01
1.031057953834533691e+00 2.445977879688143730e-03 -9.338237345218658447e-03 -1.649380289018154144e-02 5.473522567749023438e+01
1.024176716804504395e+00 2.442441880702972412e-03 -1.016292721033096313e-02 -1.638082601130008698e-02 5.548519515991210938e+01
1.016676783561706543e+00 2.439557807520031929e-03 -1.098196860402822495e-02 -1.626355387270450592e-02 5.623515701293945312e+01
1.008562445640563965e+00 2.437469316646456718e-03 -1.179514639079570770e-02 -1.614146679639816284e-02 5.698511123657226562e+01
9.998381733894348145e-01 2.436171518638730049e-03 -1.260221935808658600e-02 -1.601407676935195923e-02 5.773506164550781250e+01
9.905085563659667969e-01 2.435720758512616158e-03 -1.340292301028966904e-02 -1.588083244860172272e-02 5.848500442504882812e+01
9.805784225463867188e-01 2.436090959236025810e-03 -1.419696491211652756e-02 -1.574119925498962402e-02 5.923493957519531250e+01
9.700528383255004883e-01 2.437256975099444389e-03 -1.498402468860149384e-02 -1.559462584555149078e-02 5.998486709594726562e+01
9.589371085166931152e-01 2.439152449369430542e-03 -1.576375588774681091e-02 -1.544057577848434448e-02 6.073478317260742188e+01
9.472367167472839355e-01 2.441684948280453682e-03 -1.653578504920005798e-02 -1.527852471917867661e-02 6.148469161987304688e+01
9.349575042724609375e-01 2.444811165332794189e-03 -1.729971170425415039e-02 -1.510792691260576248e-02 6.223459243774414062e+01
9.221056103706359863e-01 2.448322717100381851e-03 -1.805510744452476501e-02 -1.492834463715553284e-02 6.298448181152343750e+01
9.086874127388000488e-01 2.452142536640167236e-03 -1.880152523517608643e-02 -1.473929733037948608e-02 6.373436355590820312e+01
8.947097063064575195e-01 2.456071320921182632e-03 -1.953849010169506073e-02 -1.454039756208658218e-02 6.448423004150390625e+01
8.801795244216918945e-01 2.460008254274725914e-03 -2.026551030576229095e-02 -1.433124020695686340e-02 6.523409271240234375e+01
8.651044368743896484e-01 2.463685814291238785e-03 -2.098207175731658936e-02 -1.411155611276626587e-02 6.598394012451171875e+01
8.494921922683715820e-01 2.467022277414798737e-03 -2.168764919042587280e-02 -1.388102676719427109e-02 6.673377990722656250e+01
8.333510756492614746e-01 2.469796920195221901e-03 -2.238170057535171509e-02 -1.363944076001644135e-02 6.748360443115234375e+01
8.166896700859069824e-01 2.471824176609516144e-03 -2.306367270648479462e-02 -1.338663510978221893e-02 6.823342132568359375e+01
7.995170354843139648e-01 2.472911262884736061e-03 -2.373300492763519287e-02 -1.312250737100839615e-02 6.898322296142578125e+01
7.818425893783569336e-01 2.472905209288001060e-03 -2.438913099467754364e-02 -1.284698862582445145e-02 6.973301696777343750e+01
7.636761665344238281e-01 2.471584128215909004e-03 -2.503148093819618225e-02 -1.256011053919792175e-02 7.048279571533203125e+01
7.450280785560607910e-01 2.468847436830401421e-03 -2.565948665142059326e-02 -1.226189732551574707e-02 7.123256683349609375e+01
7.259089946746826172e-01 2.464515622705221176e-03 -2.627258189022541046e-02 -1.195246633142232895e-02 7.198232269287109375e+01
7.063300013542175293e-01 2.458406845107674599e-03 -2.687020599842071533e-02 -1.163200289011001587e-02 7.273207092285156250e+01
6.863026618957519531e-01 2.450437052175402641e-03 -2.745180577039718628e-02 -1.130069512873888016e-02 7.348180389404296875e+01
6.658388972282409668e-01 2.440453274175524712e-03 -2.801684103906154633e-02 -1.095881778746843338e-02 7.423152160644531250e+01
6.449509859085083008e-01 2.428375184535980225e-03 -2.856478281319141388e-02 -1.060666237026453018e-02 7.498123168945312500e+01
6.236516833305358887e-01 2.414016518741846085e-03 -2.909511514008045197e-02 -1.024463307112455368e-02 7.573092651367187500e+01
6.019541025161743164e-01 2.397468080744147301e-03 -2.960734628140926361e-02 -9.873023256659507751e-03 7.648061370849609375e+01
5.798716545104980469e-01 2.378492150455713272e-03 -3.010099753737449646e-02 -9.492340497672557831e-03 7.723028564453125000e+01
5.574181675910949707e-01 2.357121556997299194e-03 -3.057561442255973816e-02 -9.103004820644855499e-03 7.797994995117187500e+01
5.346078276634216309e-01 2.333287149667739868e-03 -3.103076480329036713e-02 -8.705515414476394653e-03 7.872960662841796875e+01
5.114551186561584473e-01 2.307032700628042221e-03 -3.146604076027870178e-02 -8.300341665744781494e-03 7.947924804687500000e+01
4.879747629165649414e-01 2.278297673910856247e-03 -3.188105672597885132e-02 -7.888030260801315308e-03 8.022888183593750000e+01
4.641818702220916748e-01 2.247151220217347145e-03 -3.227545693516731262e-02 -7.469080854207277298e-03 8.097850799560546875e+01
4.400917887687683105e-01 2.213526284322142601e-03 -3.264890983700752258e-02 -7.044089492410421371e-03 8.172811889648437500e+01
4.157200753688812256e-01 2.177603309974074364e-03 -3.300111368298530579e-02 -6.613525561988353729e-03 8.247772216796875000e+01
3.910825550556182861e-01 2.139362506568431854e-03 -3.333178907632827759e-02 -6.177959498018026352e-03 8.322731781005859375e+01
3.661952614784240723e-01 2.098828786984086037e-03 -3.364068642258644104e-02 -5.737960804253816605e-03 8.397690582275390625e+01
3.410743772983551025e-01 2.056082244962453842e-03 -3.392758592963218689e-02 -5.294077564030885696e-03 8.472648620605468750e+01
3.157363235950469971e-01 2.011236501857638359e-03 -3.419229015707969666e-02 -4.846829921007156372e-03 8.547605895996093750e+01
2.901976108551025391e-01 1.964369788765907288e-03 -3.443463146686553955e-02 -4.396747797727584839e-03 8.622562408447265625e+01
2.644748985767364502e-01 1.915584551170468330e-03 -3.465446829795837402e-02 -3.944338299334049225e-03 8.697518157958984375e+01
2.385849654674530029e-01 1.865048776380717754e-03 -3.485168516635894775e-02 -3.490049624815583229e-03 8.772473144531250000e+01
2.125446945428848267e-01 1.812750124372541904e-03 -3.502618893980979919e-02 -3.034419612959027290e-03 8.847428131103515625e+01
1.863709986209869385e-01 1.758799771778285503e-03 -3.517790883779525757e-02 -2.577925100922584534e-03 8.922382354736328125e+01
1.600808948278427124e-01 1.703439862467348576e-03 -3.530680388212203979e-02 -2.120933495461940765e-03 8.997336578369140625e+01
1.336914151906967163e-01 1.646623597480356693e-03 -3.541285172104835510e-02 -1.663947477936744690e-03 9.072290039062500000e+01
1.072196066379547119e-01 1.588629907928407192e-03 -3.549604862928390503e-02 -1.207278808578848839e-03 9.147243499755859375e+01
8.068254590034484863e-02 1.529430039227008820e-03 -3.555641323328018188e-02 -7.513728342019021511e-04 9.222196197509765625e+01
5.409727618098258972e-02 1.469280803576111794e-03 -3.559398278594017029e-02 -2.965018502436578274e-04 9.297148895263671875e+01
2.748084254562854767e-02 1.408159034326672554e-03 -3.560880944132804871e-02 1.569408632349222898e-04 9.372101593017578125e+01
8.502416312694549561e-04 1.346255536191165447e-03 -3.560096397995948792e-02 6.086884532123804092e-04 9.447054290771484375e+01
-2.577757090330123901e-02 1.283593242987990379e-03 -3.557052835822105408e-02 1.058410154655575752e-03 9.522006988525390625e+01
-5.238570272922515869e-02 1.220367732457816601e-03 -3.551760688424110413e-02 1.505891093984246254e-03 9.596959686279296875e+01
-7.895733416080474854e-02 1.156575395725667477e-03 -3.544231131672859192e-02 1.950834295712411404e-03 9.671912384033203125e+01
-1.054757088422775269e-01 1.092419959604740143e-03 -3.534476831555366516e-02 2.393075264990329742e-03 9.746865844726562500e+01
-1.319241821765899658e-01 1.027844497002661228e-03 -3.522511571645736694e-02 2.832329133525490761e-03 9.821819305419921875e+01
-1.582861989736557007e-01 9.630590793676674366e-04 -3.508349880576133728e-02 3.268467495217919350e-03 9.896772766113281250e+01
-1.845452934503555298e-01 8.980535203590989113e-04 -3.492007404565811157e-02 3.701274283230304718e-03 9.971726989746093750e+01
-2.106851488351821899e-01 8.328851545229554176e-04 -3.473500907421112061e-02 4.130568355321884155e-03 1.004668121337890625e+02
-2.366895526647567749e-01 7.677272078581154346e-04 -3.452847898006439209e-02 4.556262865662574768e-03 1.012163619995117188e+02
-2.625423967838287354e-01 7.024880615063011646e-04 -3.430066630244255066e-02 4.978139419108629227e-03 1.019659194946289062e+02
-2.882277369499206543e-01 6.372440839186310768e-04 -3.405176103115081787e-02 5.396057851612567902e-03 1.027154769897460938e+02
-3.137297928333282471e-01 5.721613997593522072e-04 -3.378195688128471375e-02 5.809961818158626556e-03 1.034650421142578125e+02
-3.390328586101531982e-01 5.071308696642518044e-04 -3.349145874381065369e-02 6.219656206667423248e-03 1.042146148681640625e+02
-3.641214072704315186e-01 4.422076162882149220e-04 -3.318047523498535156e-02 6.625014822930097580e-03 1.049641952514648438e+02
-3.889800906181335449e-01 3.774263022933155298e-04 -3.284922614693641663e-02 7.025911938399076462e-03 1.057137832641601562e+02
-4.135937094688415527e-01 3.128267708234488964e-04 -3.249793127179145813e-02 7.422231137752532959e-03 1.064633789062500000e+02
-4.379472434520721436e-01 2.484340220689773560e-04 -3.212682157754898071e-02 7.813854143023490906e-03 1.072129821777343750e+02
-4.620257914066314697e-01 1.842476485762745142e-04 -3.173612803220748901e-02 8.200651034712791443e-03 1.079625930786132812e+02
-4.858146905899047852e-01 1.202803177875466645e-04 -3.132609650492668152e-02 8.582491427659988403e-03 1.087122192382812500e+02
-5.092993974685668945e-01 5.646013596560806036e-05 -3.089697286486625671e-02 8.959186263382434845e-03 1.094618530273437500e+02
-5.324656367301940918e-01 -7.076923793647438288e-06 -3.044901415705680847e-02 9.330658242106437683e-03 1.102114944458007812e+02
-5.552992224693298340e-01 -7.039791671559214592e-05 -2.998248115181922913e-02 9.696734137833118439e-03 1.109611434936523438e+02
-5.777862071990966797e-01 -1.334216358372941613e-04 -2.949764393270015717e-02 1.005730964243412018e-02 1.117108078002929688e+02
-5.999128818511962891e-01 -1.962844107765704393e-04 -2.899477817118167877e-02 1.041215471923351288e-02 1.124604797363281250e+02
-6.216657161712646484e-01 -2.588566276244819164e-04 -2.847417071461677551e-02 1.076116692274808884e-02 1.132101669311523438e+02
-6.430314183235168457e-01 -3.212433075532317162e-04 -2.793611213564872742e-02 1.110411807894706726e-02 1.139598617553710938e+02
-6.639968156814575195e-01 -3.833535884041339159e-04 -2.738090604543685913e-02 1.144087500870227814e-02 1.147095718383789062e+02
-6.845490932464599609e-01 -4.452373832464218140e-04 -2.680886164307594299e-02 1.177122723311185837e-02 1.154592895507812500e+02
-7.046755552291870117e-01 -5.068641039542853832e-04 -2.622030116617679596e-02 1.209499593824148178e-02 1.162090225219726562e+02
-7.243638634681701660e-01 -5.682196351699531078e-04 -2.561555057764053345e-02 1.241199485957622528e-02 1.169587631225585938e+02
-7.436017990112304688e-01 -6.292652105912566185e-04 -2.499495074152946472e-02 1.272204611450433731e-02 1.177085189819335938e+02
-7.623775005340576172e-01 -6.900693988427519798e-04 -2.435884810984134674e-02 1.302490662783384323e-02 1.184582824707031250e+02
-7.806793451309204102e-01 -7.505450048483908176e-04 -2.370760217308998108e-02 1.332040689885616302e-02 1.192080612182617188e+02
-7.984958887100219727e-01 -8.107203757390379906e-04 -2.304158173501491547e-02 1.360831875354051590e-02 1.199578475952148438e+02
-8.158160448074340820e-01 -8.705626823939383030e-04 -2.236116491258144379e-02 1.388843450695276260e-02 1.207076492309570312e+02
-8.326290249824523926e-01 -9.300712263211607933e-04 -2.166674286127090454e-02 1.416052971035242081e-02 1.214574584960937500e+02
-8.489242792129516602e-01 -9.891670197248458862e-04 -2.095871604979038239e-02 1.442442275583744049e-02 1.222072830200195312e+02
-8.646916151046752930e-01 -1.047915546223521233e-03 -2.023749426007270813e-02 1.467984914779663086e-02 1.229571151733398438e+02
-8.799210786819458008e-01 -1.106193987652659416e-03 -1.950350217521190643e-02 1.492664311081171036e-02 1.237069625854492188e+02
-8.946030735969543457e-01 -1.164008281193673611e-03 -1.875717006623744965e-02 1.516458205878734589e-02 1.244568176269531250e+02
-9.087283015251159668e-01 -1.221336773596704006e-03 -1.799894124269485474e-02 1.539345085620880127e-02 1.252066879272460938e+02
-9.222878217697143555e-01 -1.278099021874368191e-03 -1.722926832735538483e-02 1.561307534575462341e-02 1.259565658569335938e+02
-9.352730512619018555e-01 -1.334344153292477131e-03 -1.644861511886119843e-02 1.582320593297481537e-02 1.267064514160156250e+02
-9.476756453514099121e-01 -1.389908371493220329e-03 -1.565745472908020020e-02 1.602371782064437866e-02 1.274563522338867188e+02
-9.594877362251281738e-01 -1.444854889996349812e-03 -1.485626865178346634e-02 1.621437445282936096e-02 1.282062530517578125e+02
-9.707017540931701660e-01 -1.499089878052473068e-03 -1.404554955661296844e-02 1.639501750469207764e-02 1.289561767578125000e+02
-9.813104867935180664e-01 -1.552618574351072311e-03 -1.322579849511384964e-02 1.656544767320156097e-02 1.297061004638671875e+02
-9.913071990013122559e-01 -1.605312107130885124e-03 -1.239752583205699921e-02 1.672554574906826019e-02 1.304560394287109375e+02
-1.000685334205627441e+00 -1.657164422795176506e-03 -1.156124845147132874e-02 1.687514223158359528e-02 1.312059783935546875e+02
-1.009438872337341309e+00 -1.708129420876502991e-03 -1.071749161928892136e-02 1.701409742236137390e-02 1.319559326171875000e+02
-1.017562270164489746e+00 -1.758180907927453518e-03 -9.866787120699882507e-03 1.714226044714450836e-02 1.327058868408203125e+02
-1.025050163269042969e+00 -1.807211665436625481e-03 -9.009674191474914551e-03 1.725954189896583557e-02 1.334558563232421875e+02
-1.031897664070129395e+00 -1.855229143984615803e-03 -8.146696723997592926e-03 1.736580580472946167e-02 1.342058258056640625e+02
-1.038100361824035645e+00 -1.902182702906429768e-03 -7.278406526893377304e-03 1.746094599366188049e-02 1.349557952880859375e+02
-1.043654203414916992e+00 -1.947987359017133713e-03 -6.405359134078025818e-03 1.754489354789257050e-02 1.357057800292968750e+02
-1.048555612564086914e+00 -1.992637291550636292e-03 -5.528114270418882370e-03 1.761754788458347321e-02 1.364557647705078125e+02
-1.052801251411437988e+00 -2.036053221672773361e-03 -4.647236783057451248e-03 1.767886057496070862e-02 1.372057495117187500e+02
-1.056388497352600098e+00 -2.078214660286903381e-03 -3.763293847441673279e-03 1.772876642644405365e-02 1.379557342529296875e+02
-1.059314846992492676e+00 -2.119076671078801155e-03 -2.876855432987213135e-03 1.776722073554992676e-02 1.387057342529296875e+02
-1.061578392982482910e+00 -2.158598974347114563e-03 -1.988494303077459335e-03 1.779418811202049255e-02 1.394557342529296875e+02
-1.063177704811096191e+00 -2.196724992245435715e-03 -1.098784850910305977e-03 1.780965737998485565e-02 1.402057342529296875e+02
-1.064111590385437012e+00 -2.233425155282020569e-03 -2.083019935525953770e-04 1.781361922621726990e-02 1.409557342529296875e+02
-1.064379453659057617e+00 -2.268687356263399124e-03 6.823790026828646660e-04 1.780605688691139221e-02 1.417057342529296875e+02
-1.063981056213378906e+00 -2.302469685673713684e-03 1.572681823745369911e-03 1.778698340058326721e-02 1.424557342529296875e+02
-1.062916636466979980e+00 -2.334706950932741165e-03 2.462031086906790733e-03 1.775644160807132721e-02 1.432057342529296875e+02
-1.061186790466308594e+00 -2.365400316193699837e-03 3.349853213876485825e-03 1.771444827318191528e-02 1.439557342529296875e+02
-1.058792710304260254e+00 -2.394505310803651810e-03 4.235575441271066666e-03 1.766106113791465759e-02 1.447057342529296875e+02
-1.055735707283020020e+00 -2.421986078843474388e-03 5.118628498166799545e-03 1.759633980691432953e-02 1.454557342529296875e+02
-1.052017807960510254e+00 -2.447903621941804886e-03 5.998445674777030945e-03 1.752029731869697571e-02 1.462057189941406250e+02
-1.047641396522521973e+00 -2.472161315381526947e-03 6.874460726976394653e-03 1.743303611874580383e-02 1.469557037353515625e+02
-1.042609214782714844e+00 -2.494750078767538071e-03 7.746112532913684845e-03 1.733463257551193237e-02 1.477056884765625000e+02
-1.036924481391906738e+00 -2.515641506761312485e-03 8.612844161689281464e-03 1.722518913447856903e-02 1.484556732177734375e+02
-1.030590653419494629e+00 -2.534857951104640961e-03 9.474103339016437531e-03 1.710478216409683228e-02 1.492056427001953125e+02
-1.023611903190612793e+00 -2.552411518990993500e-03 1.032934244722127914e-02 1.697348989546298981e-02 1.499556121826171875e+02
-1.015992641448974609e+00 -2.568215597420930862e-03 1.117801666259765625e-02 1.683146320283412933e-02 1.507055664062500000e+02
-1.007737755775451660e+00 -2.582368673756718636e-03 1.201958954334259033e-02 1.667876169085502625e-02 1.514555206298828125e+02
-9.988523721694946289e-01 -2.594732213765382767e-03 1.285352744162082672e-02 1.651557534933090210e-02 1.522054748535156250e+02
-9.893422126770019531e-01 -2.605398418381810188e-03 1.367930602282285690e-02 1.634199172258377075e-02 1.529554138183593750e+02
-9.792132973670959473e-01 -2.614320488646626472e-03 1.449640560895204544e-02 1.615816541016101837e-02 1.537053527832031250e+02
-9.684720635414123535e-01 -2.621541498228907585e-03 1.530431397259235382e-02 1.596421562135219574e-02 1.544552764892578125e+02
-9.571253657341003418e-01 -2.627006499096751213e-03 1.610252447426319122e-02 1.576031930744647980e-02 1.552051849365234375e+02
-9.451803565025329590e-01 -2.630833769217133522e-03 1.689054071903228760e-02 1.554655656218528748e-02 1.559550933837890625e+02
-9.326446056365966797e-01 -2.632857300341129303e-03 1.766786910593509674e-02 1.532317604869604111e-02 1.567049865722656250e+02
-9.195260405540466309e-01 -2.633248455822467804e-03 1.843402720987796783e-02 1.509025041013956070e-02 1.574548645019531250e+02
-9.058329463005065918e-01 -2.631980460137128830e-03 1.918854005634784698e-02 1.484794169664382935e-02 1.582047424316406250e+02
-8.915740251541137695e-01 -2.628901042044162750e-03 1.993093639612197876e-02 1.459651626646518707e-02 1.589546051025390625e+02
-8.767582178115844727e-01 -2.624202752485871315e-03 2.066076174378395081e-02 1.433606259524822235e-02 1.597044525146484375e+02
-8.613949418067932129e-01 -2.617887686938047409e-03 2.137756533920764923e-02 1.406673993915319443e-02 1.604542999267578125e+02
-8.454938530921936035e-01 -2.609845483675599098e-03 2.208090201020240784e-02 1.378879509866237640e-02 1.612041320800781250e+02
-8.290649652481079102e-01 -2.600172301754355431e-03 2.277034148573875427e-02 1.350237708538770676e-02 1.619539489746093750e+02
-8.121186494827270508e-01 -2.588881645351648331e-03 2.344546094536781311e-02 1.320766657590866089e-02 1.627037506103515625e+02
-7.946655750274658203e-01 -2.575997263193130493e-03 2.410584501922130585e-02 1.290484517812728882e-02 1.634535522460937500e+02
-7.767167091369628906e-01 -2.561423229053616524e-03 2.475108765065670013e-02 1.259417273104190826e-02 1.642033386230468750e+02
-7.582833170890808105e-01 -2.545281546190381050e-03 2.538079582154750824e-02 1.227580383419990540e-02 1.649531097412109375e+02
-7.393769621849060059e-01 -2.527584088966250420e-03 2.599458582699298859e-02 1.194993592798709869e-02 1.657028656005859375e+02
-7.200095653533935547e-01 -2.508462872356176376e-03 2.659208327531814575e-02 1.161668822169303894e-02 1.664526214599609375e+02
-7.001932263374328613e-01 -2.487635472789406776e-03 2.717291750013828278e-02 1.127642765641212463e-02 1.672023620605468750e+02
-6.799404025077819824e-01 -2.465273952111601830e-03 2.773673832416534424e-02 1.092932000756263733e-02 1.679520874023437500e+02
-6.592637300491333008e-01 -2.441531280055642128e-03 2.828320488333702087e-02 1.057548914104700089e-02 1.687017974853515625e+02
-6.381762027740478516e-01 -2.416261238977313042e-03 2.881198003888130188e-02 1.021522004157304764e-02 1.694515075683593750e+02
-6.166909933090209961e-01 -2.389423549175262451e-03 2.932274155318737030e-02 9.848794899880886078e-03 1.702012023925781250e+02
-5.948215126991271973e-01 -2.361262682825326920e-03 2.981518208980560303e-02 9.476314298808574677e-03 1.709508819580078125e+02
-5.725814700126647949e-01 -2.331725554540753365e-03 3.028899803757667542e-02 9.098011068999767303e-03 1.717005462646484375e+02
-5.499847531318664551e-01 -2.300701336935162544e-03 3.074389882385730743e-02 8.714188821613788605e-03 1.724502105712890625e+02
-5.270454287528991699e-01 -2.268292009830474854e-03 3.117960877716541290e-02 8.325051516294479370e-03 1.731998596191406250e+02
-5.037778615951538086e-01 -2.234558109194040298e-03 3.159585967659950256e-02 7.930805906653404236e-03 1.739494934082031250e+02
-4.801965951919555664e-01 -2.199401380494236946e-03 3.199239820241928101e-02 7.531759794801473618e-03 1.746991271972656250e+02
-4.563162922859191895e-01 -2.162941498681902885e-03 3.236898779869079590e-02 7.128114346414804459e-03 1.754487457275390625e+02
-4.321518838405609131e-01 -2.125244587659835815e-03 3.272539377212524414e-02 6.720078177750110626e-03 1.761983489990234375e+02
-4.077184200286865234e-01 -2.086307387799024582e-03 3.306139633059501648e-02 6.307891104370355606e-03 1.769479522705078125e+02
-3.830311596393585205e-01 -2.046040259301662445e-03 3.337679058313369751e-02 5.891869310289621353e-03 1.776975402832031250e+02
-3.581054508686065674e-01 -2.004565438255667686e-03 3.367138281464576721e-02 5.472221877425909042e-03 1.784471282958984375e+02
-3.329568505287170410e-01 -1.961823785677552223e-03 3.394499421119689941e-02 5.049253348261117935e-03 1.791967010498046875e+02
-3.076010346412658691e-01 -1.917956979013979435e-03 3.419745713472366333e-02 4.623161628842353821e-03 1.799462738037109375e+02
-2.820537686347961426e-01 -1.872882829047739506e-03 3.442861512303352356e-02 4.194260574877262115e-03 1.806958312988281250e+02
-2.563309967517852783e-01 -1.826740684919059277e-03 3.463832661509513855e-02 3.762751119211316109e-03 1.814453887939453125e+02
-2.304487228393554688e-01 -1.779452199116349220e-03 3.482646495103836060e-02 3.328946419060230255e-03 1.821949462890625000e+02
-2.044230699539184570e-01 -1.731049851514399052e-03 3.499291092157363892e-02 2.893123542889952660e-03 1.829444885253906250e+02
-1.782702356576919556e-01 -1.681777299381792545e-03 3.513756766915321350e-02 2.455411013215780258e-03 1.836940307617187500e+02
-1.520065218210220337e-01 -1.631355844438076019e-03 3.526033833622932434e-02 2.016227226704359055e-03 1.844435729980468750e+02
-1.256482601165771484e-01 -1.579885603860020638e-03 3.536114841699600220e-02 1.575837377458810806e-03 1.851931152343750000e+02
-9.921187162399291992e-02 -1.527434447780251503e-03 3.543994203209877014e-02 1.134506310336291790e-03 1.859426422119140625e+02
-7.271379977464675903e-02 -1.474275602959096432e-03 3.549666702747344971e-02 6.923420005477964878e-04 1.866921691894531250e+02
-4.617055505514144897e-02 -1.420101034455001354e-03 3.553128242492675781e-02 2.497723035048693419e-04 1.874416961669921875e+02
-1.959866099059581757e-02 -1.365016447380185127e-03 3.554376959800720215e-02 -1.929416612256318331e-04 1.881912231445312500e+02
6.985343992710113525e-03 -1.309072831645607948e-03 3.553412109613418579e-02 -6.355256191454827785e-04 1.889407501220703125e+02
3.356491774320602417e-02 -1.252446207217872143e-03 3.550234436988830566e-02 -1.077799475751817226e-03 1.896902770996093750e+02
6.012350320816040039e-02 -1.194949960336089134e-03 3.544845432043075562e-02 -1.519380602985620499e-03 1.904398040771484375e+02
8.664456754922866821e-02 -1.136712729930877686e-03 3.537248447537422180e-02 -1.960027497261762619e-03 1.911893310546875000e+02
1.131116002798080444e-01 -1.077785273082554340e-03 3.527448326349258423e-02 -2.399478107690811157e-03 1.919388580322265625e+02
1.395081132650375366e-01 -1.018318231217563152e-03 3.515451028943061829e-02 -2.837547799572348595e-03 1.926884002685546875e+02
1.658176779747009277e-01 -9.580292389728128910e-04 3.501263260841369629e-02 -3.273789770901203156e-03 1.934379425048828125e+02
1.920239180326461792e-01 -8.971408824436366558e-04 3.484894335269927979e-02 -3.707996569573879242e-03 1.941874847412109375e+02
2.181105017662048340e-01 -8.357518236152827740e-04 3.466354310512542725e-02 -4.139942117035388947e-03 1.949370269775390625e+02
2.440611869096755981e-01 -7.738862768746912479e-04 3.445654734969139099e-02 -4.569372162222862244e-03 1.956865844726562500e+02
2.698598206043243408e-01 -7.115826592780649662e-04 3.422807902097702026e-02 -4.996039438992738724e-03 1.964361419677734375e+02
2.954903244972229004e-01 -6.487586069852113724e-04 3.397827595472335815e-02 -5.419615190476179123e-03 1.971856994628906250e+02
3.209367096424102783e-01 -5.855456693097949028e-04 3.370729461312294006e-02 -5.839877761900424957e-03 1.979352722167968750e+02
3.461831212043762207e-01 -5.219043232500553131e-04 3.341529890894889832e-02 -6.256520748138427734e-03 1.986848449707031250e+02
3.712138533592224121e-01 -4.579649248626083136e-04 3.310247138142585754e-02 -6.669332738965749741e-03 1.994344329833984375e+02
3.960132896900177002e-01 -3.937092551495879889e-04 3.276900574564933777e-02 -7.078031543642282486e-03 2.001840209960937500e+02
4.205659627914428711e-01 -3.292360343039035797e-04 3.241510316729545593e-02 -7.482398767024278641e-03 2.009336242675781250e+02
4.448565840721130371e-01 -2.645057684276252985e-04 3.204098343849182129e-02 -7.882143370807170868e-03 2.016832275390625000e+02
4.688699841499328613e-01 -1.996521896217018366e-04 3.164687752723693848e-02 -8.277071639895439148e-03 2.024328460693359375e+02
4.925912022590637207e-01 -1.346205390291288495e-04 3.123302385210990906e-02 -8.666892535984516144e-03 2.031824645996093750e+02
5.160054564476013184e-01 -6.953151751076802611e-05 3.079967945814132690e-02 -9.051408618688583374e-03 2.039320983886718750e+02
5.390980839729309082e-01 -4.268156772013753653e-06 3.034710884094238281e-02 -9.430287405848503113e-03 2.046817474365234375e+02
5.618547201156616211e-01 6.096167635405436158e-05 2.987559512257575989e-02 -9.803370572626590729e-03 2.054313964843750000e+02
5.842611193656921387e-01 1.261132711078971624e-04 2.938542701303958893e-02 -1.017045136541128159e-02 2.061810607910156250e+02
6.063033342361450195e-01 1.913095766212791204e-04 2.887690439820289612e-02 -1.053120754659175873e-02 2.069307403564453125e+02
6.279675364494323730e-01 2.563553862273693085e-04 2.835034392774105072e-02 -1.088548731058835983e-02 2.076804199218750000e+02
6.492402553558349609e-01 3.212044830434024334e-04 2.780606970191001892e-02 -1.123309228569269180e-02 2.084301147460937500e+02
6.701081991195678711e-01 3.859790740534663200e-04 2.724441513419151306e-02 -1.157371327280998230e-02 2.091798248291015625e+02
6.905582547187805176e-01 4.504884418565779924e-04 2.666572853922843933e-02 -1.190720871090888977e-02 2.099295501708984375e+02
7.105777263641357422e-01 5.148346535861492157e-04 2.607036754488945007e-02 -1.223328430205583572e-02 2.106792755126953125e+02
7.301540374755859375e-01 5.788112757727503777e-04 2.545870281755924225e-02 -1.255182083696126938e-02 2.114290161132812500e+02
7.492749094963073730e-01 6.423974991776049137e-04 2.483111247420310974e-02 -1.286263018846511841e-02 2.121787719726562500e+02
7.679284214973449707e-01 7.056916947476565838e-04 2.418798021972179413e-02 -1.316544041037559509e-02 2.129285430908203125e+02
7.861028909683227539e-01 7.685939781367778778e-04 2.352970838546752930e-02 -1.346006989479064941e-02 2.136783294677734375e+02
8.037869930267333984e-01 8.310432313010096550e-04 2.285670489072799683e-02 -1.374634075909852982e-02 2.144281158447265625e+02
8.209695816040039062e-01 8.929232717491686344e-04 2.216938696801662445e-02 -1.402412541210651398e-02 2.151779174804687500e+02
8.376398682594299316e-01 9.542340994812548161e-04 2.146818116307258606e-02 -1.429324690252542496e-02 2.159277343750000000e+02
8.537874817848205566e-01 1.015052432194352150e-03 2.075351960957050323e-02 -1.455346681177616119e-02 2.166775665283203125e+02
8.694022297859191895e-01 1.075332867912948132e-03 2.002584561705589294e-02 -1.480459794402122498e-02 2.174273986816406250e+02
8.844743371009826660e-01 1.134871155954897404e-03 1.928561553359031677e-02 -1.504656672477722168e-02 2.181772460937500000e+02
8.989943861961364746e-01 1.193730044178664684e-03 1.853328756988048553e-02 -1.527918223291635513e-02 2.189271087646484375e+02
9.129532575607299805e-01 1.251865411177277565e-03 1.776932924985885620e-02 -1.550229825079441071e-02 2.196769714355468750e+02
9.263421297073364258e-01 1.309233368374407291e-03 1.699421368539333344e-02 -1.571577601134777069e-02 2.204268493652343750e+02
9.391525983810424805e-01 1.365822041407227516e-03 1.620842516422271729e-02 -1.591946184635162354e-02 2.211767425537109375e+02
9.513766765594482422e-01 1.421638764441013336e-03 1.541245169937610626e-02 -1.611318811774253845e-02 2.219266357421875000e+02
9.630066156387329102e-01 1.476524979807436466e-03 1.460679247975349426e-02 -1.629689149558544159e-02 2.226765441894531250e+02
9.740351438522338867e-01 1.530515612103044987e-03 1.379194762557744980e-02 -1.647042483091354370e-02 2.234264678955078125e+02
9.844552874565124512e-01 1.583594246767461300e-03 1.296842657029628754e-02 -1.663365587592124939e-02 2.241763916015625000e+02
9.942604899406433105e-01 1.635688706301152706e-03 1.213674340397119522e-02 -1.678649522364139557e-02 2.249263305664062500e+02
1.003444552421569824e+00 1.686786301434040070e-03 1.129741873592138290e-02 -1.692882739007472992e-02 2.256762695312500000e+02
1.012001752853393555e+00 1.736831851303577423e-03 1.045097783207893372e-02 -1.706057041883468628e-02 2.264262237548828125e+02
1.019926667213439941e+00 1.785823842510581017e-03 9.597949683666229248e-03 -1.718161813914775848e-02 2.271761779785156250e+02
1.027214288711547852e+00 1.833686372265219688e-03 8.738868869841098785e-03 -1.729191280901432037e-02 2.279261474609375000e+02
1.033860087394714355e+00 1.880405936390161514e-03 7.874272763729095459e-03 -1.739136874675750732e-02 2.286761169433593750e+02
1.039859771728515625e+00 1.925942371599376202e-03 7.004704326391220093e-03 -1.747993007302284241e-02 2.294260864257812500e+02
1.045209527015686035e+00 1.970297191292047501e-03 6.130707915872335434e-03 -1.755751855671405792e-02 2.301760711669921875e+02
1.049906015396118164e+00 2.013427205383777618e-03 5.252832081168889999e-03 -1.762408204376697540e-02 2.309260559082031250e+02
1.053946256637573242e+00 2.055314369499683380e-03 4.371628165245056152e-03 -1.767956279218196869e-02 2.316760406494140625e+02
1.057327747344970703e+00 2.095913980156183243e-03 3.487650072202086449e-03 -1.772392913699150085e-02 2.324260406494140625e+02
1.060048222541809082e+00 2.135175513103604317e-03 2.601453568786382675e-03 -1.775716245174407959e-02 2.331760406494140625e+02
1.062106013298034668e+00 2.173103392124176025e-03 1.713595353066921234e-03 -1.777922734618186951e-02 2.339260406494140625e+02
1.063499808311462402e+00 2.209681319072842598e-03 8.246339857578277588e-04 -1.779009215533733368e-02 2.346760406494140625e+02
1.064228773117065430e+00 2.244856907054781914e-03 -6.487063365057110786e-05 -1.778976432979106903e-02 2.354260406494140625e+02
1.064292311668395996e+00 2.278600586578249931e-03 -9.543588384985923767e-04 -1.777824386954307556e-02 2.361760406494140625e+02
1.063690423965454102e+00 2.310916781425476074e-03 -1.843271078541874886e-03 -1.775552332401275635e-02 2.369260406494140625e+02
1.062423467636108398e+00 2.341783139854669571e-03 -2.731047337874770164e-03 -1.772161386907100677e-02 2.376760406494140625e+02
1.060492277145385742e+00 2.371186157688498497e-03 -3.617128124460577965e-03 -1.767651923000812531e-02 2.384260406494140625e+02
1.057898044586181641e+00 2.399028977379202843e-03 -4.500953946262598038e-03 -1.762031577527523041e-02 2.391760406494140625e+02
1.054642319679260254e+00 2.425345825031399727e-03 -5.381969735026359558e-03 -1.755302213132381439e-02 2.399260406494140625e+02
1.050727128982543945e+00 2.450112951919436455e-03 -6.259620655328035355e-03 -1.747468486428260803e-02 2.406760253906250000e+02
1.046154975891113281e+00 2.473412314429879189e-03 -7.133354898542165756e-03 -1.738528721034526825e-02 2.414260101318359375e+02
1.040928721427917480e+00 2.495107008144259453e-03 -8.002619259059429169e-03 -1.728494279086589813e-02 2.421759948730468750e+02
1.035051584243774414e+00 2.515170024707913399e-03 -8.866866119205951691e-03 -1.717373169958591461e-02 2.429259643554687500e+02
1.028527259826660156e+00 2.533708466216921806e-03 -9.725552983582019806e-03 -1.705165766179561615e-02 2.436759338378906250e+02
1.021359920501708984e+00 2.550549805164337158e-03 -1.057813595980405807e-02 -1.691888459026813507e-02 2.444259033203125000e+02
1.013553977012634277e+00 2.565814647823572159e-03 -1.142408046871423721e-02 -1.677543483674526215e-02 2.451758575439453125e+02
1.005114436149597168e+00 2.579450607299804688e-03 -1.226285193115472794e-02 -1.662141829729080200e-02 2.459258117675781250e+02
9.960464835166931152e-01 2.591396914795041084e-03 -1.309392321854829788e-02 -1.645696908235549927e-02 2.466757507324218750e+02
9.863559007644653320e-01 2.601779298856854439e-03 -1.391677185893058777e-02 -1.628211513161659241e-02 2.474256896972656250e+02
9.760487079620361328e-01 2.610480878502130508e-03 -1.473087724298238754e-02 -1.609701663255691528e-02 2.481756134033203125e+02
9.651314616203308105e-01 2.617476275190711021e-03 -1.553572807461023331e-02 -1.590181887149810791e-02 2.489255371093750000e+02
9.536110162734985352e-01 2.622755011543631554e-03 -1.633081957697868347e-02 -1.569666713476181030e-02 2.496754455566406250e+02
9.414945840835571289e-01 2.626448171213269234e-03 -1.711565256118774414e-02 -1.548162382096052170e-02 2.504253540039062500e+02
9.287897944450378418e-01 2.628436079248785973e-03 -1.788973435759544373e-02 -1.525688264518976212e-02 2.511752471923828125e+02
9.155046343803405762e-01 2.628696849569678307e-03 -1.865257881581783295e-02 -1.502261590212583542e-02 2.519251251220703125e+02
9.016474485397338867e-01 2.627382520586252213e-03 -1.940370909869670868e-02 -1.477889344096183777e-02 2.526750030517578125e+02
8.872269392013549805e-01 2.624363638460636139e-03 -2.014265395700931549e-02 -1.452593319118022919e-02 2.534248657226562500e+02
8.722521662712097168e-01 2.619629492983222008e-03 -2.086895145475864410e-02 -1.426392327994108200e-02 2.541747131347656250e+02
8.567325472831726074e-01 2.613320248201489449e-03 -2.158214710652828217e-02 -1.399295777082443237e-02 2.549245452880859375e+02
8.406778573989868164e-01 2.605458488687872887e-03 -2.228179574012756348e-02 -1.371317263692617416e-02 2.556743774414062500e+02
8.240981101989746094e-01 2.595728030428290367e-03 -2.296745404601097107e-02 -1.342493947595357895e-02 2.564241943359375000e+02
8.070037961006164551e-01 2.584423171356320381e-03 -2.363870106637477875e-02 -1.312832441180944443e-02 2.571740112304687500e+02
7.894055843353271484e-01 2.571441931650042534e-03 -2.429511770606040955e-02 -1.282357610762119293e-02 2.579237976074218750e+02
7.713145613670349121e-01 2.556937979534268379e-03 -2.493629604578018188e-02 -1.251080818474292755e-02 2.586735839843750000e+02
7.527421116828918457e-01 2.540780697017908096e-03 -2.556183561682701111e-02 -1.219028886407613754e-02 2.594233398437500000e+02
7.336997985839843750e-01 2.523294882848858833e-03 -2.617135085165500641e-02 -1.186202187091112137e-02 2.601730957031250000e+02
7.141996622085571289e-01 2.503972500562667847e-03 -2.676445245742797852e-02 -1.152648497372865677e-02 2.609228515625000000e+02
6.942538619041442871e-01 2.482927637174725533e-03 -2.734077721834182739e-02 -1.118391659110784531e-02 2.616725769042968750e+02
6.738749146461486816e-01 2.460453659296035767e-03 -2.789997309446334839e-02 -1.083440054208040237e-02 2.624223022460937500e+02
6.530756354331970215e-01 2.436393406242132187e-03 -2.844169363379478455e-02 -1.047823857516050339e-02 2.631720275878906250e+02
6.318690180778503418e-01 2.410754561424255371e-03 -2.896560542285442352e-02 -1.011568587273359299e-02 2.639217224121093750e+02
6.102683544158935547e-01 2.383945975452661514e-03 -2.947138994932174683e-02 -9.746721945703029633e-03 2.646714172363281250e+02
5.882871747016906738e-01 2.355426549911499023e-03 -2.995872683823108673e-02 -9.371855296194553375e-03 2.654210815429687500e+02
5.659391880035400391e-01 2.325513167306780815e-03 -3.042731992900371552e-02 -8.991196751594543457e-03 2.661707458496093750e+02
5.432384610176086426e-01 2.294297562912106514e-03 -3.087688051164150238e-02 -8.604916743934154510e-03 2.669204101562500000e+02
5.201991200447082520e-01 2.261376474052667618e-03 -3.130712732672691345e-02 -8.213507942855358124e-03 2.676700439453125000e+02
4.968356192111968994e-01 2.227154560387134552e-03 -3.171780332922935486e-02 -7.817052304744720459e-03 2.684196777343750000e+02
4.731625616550445557e-01 2.191730774939060211e-03 -3.210865706205368042e-02 -7.415713276714086533e-03 2.691693115234375000e+02
4.491947293281555176e-01 2.154679503291845322e-03 -3.247944265604019165e-02 -7.009996566921472549e-03 2.699189147949218750e+02
4.249471127986907959e-01 2.116633579134941101e-03 -3.282994404435157776e-02 -6.599831394851207733e-03 2.706685180664062500e+02
4.004348516464233398e-01 2.077040495350956917e-03 -3.315993398427963257e-02 -6.185761187225580215e-03 2.714181213378906250e+02
3.756732642650604248e-01 2.036273246631026268e-03 -3.346922248601913452e-02 -5.767891183495521545e-03 2.721677246093750000e+02
3.506777882575988770e-01 1.994016580283641815e-03 -3.375761583447456360e-02 -5.346688441932201385e-03 2.729172973632812500e+02
3.254640400409698486e-01 1.950911246240139008e-03 -3.402495011687278748e-02 -4.922072868794202805e-03 2.736668701171875000e+02
3.000477552413940430e-01 1.906411489471793175e-03 -3.427105396986007690e-02 -4.494578111916780472e-03 2.744164428710937500e+02
2.744447588920593262e-01 1.860871328972280025e-03 -3.449578210711479187e-02 -4.064314998686313629e-03 2.751660156250000000e+02
2.486710399389266968e-01 1.813975744880735874e-03 -3.469899669289588928e-02 -3.631748491898179054e-03 2.759155578613281250e+02
2.227426618337631226e-01 1.766352565027773380e-03 -3.488058596849441528e-02 -3.196807345375418663e-03 2.766651000976562500e+02
1.966757923364639282e-01 1.717456965707242489e-03 -3.504042699933052063e-02 -2.760026836767792702e-03 2.774146423339843750e+02
1.704866737127304077e-01 1.667644246481359005e-03 -3.517842665314674377e-02 -2.321519423276185989e-03 2.781641845703125000e+02
1.441916227340698242e-01 1.616791938431560993e-03 -3.529450297355651855e-02 -1.881616073660552502e-03 2.789137268066406250e+02
1.178070306777954102e-01 1.564688980579376221e-03 -3.538858518004417419e-02 -1.440768130123615265e-03 2.796632690429687500e+02
9.134931862354278564e-02 1.511831302195787430e-03 -3.546062484383583069e-02 -9.990191319957375526e-04 2.804128112792968750e+02
6.483496725559234619e-02 1.457883394323289394e-03 -3.551057726144790649e-02 -5.568303167819976807e-04 2.811623535156250000e+02
3.828047960996627808e-02 1.403270522132515907e-03 -3.553842008113861084e-02 -1.142612018156796694e-04 2.819118957519531250e+02
1.170239225029945374e-02 1.347858225926756859e-03 -3.554413467645645142e-02 3.283777623437345028e-04 2.826614379882812500e+02
-1.488274522125720978e-02 1.291424618102610111e-03 -3.552771732211112976e-02 7.706547621637582779e-04 2.834109802246093750e+02
-4.145839810371398926e-02 1.234422554261982441e-03 -3.548918291926383972e-02 1.212519011460244656e-03 2.841605224609375000e+02
-6.800801306962966919e-02 1.176516525447368622e-03 -3.542855754494667053e-02 1.653517945669591427e-03 2.849100646972656250e+02
-9.451508522033691406e-02 1.118116895668208599e-03 -3.534588217735290527e-02 2.093589399009943008e-03 2.856596069335937500e+02
-1.209631040692329407e-01 1.059092814102768898e-03 -3.524120151996612549e-02 2.532429760321974754e-03 2.864091491699218750e+02
-1.473356187343597412e-01 9.992057457566261292e-04 -3.511457890272140503e-02 2.969600260257720947e-03 2.871586914062500000e+02
-1.736162155866622925e-01 9.389171609655022621e-04 -3.496610000729560852e-02 3.405055031180381775e-03 2.879082336425781250e+02
-1.997885257005691528e-01 8.778898045420646667e-04 -3.479584679007530212e-02 3.838342148810625076e-03 2.886577758789062500e+02
-2.258362770080566406e-01 8.165212348103523254e-04 -3.460393100976943970e-02 4.269392695277929306e-03 2.894073181152343750e+02
-2.517432570457458496e-01 7.546899723820388317e-04 -3.439046069979667664e-02 4.697905853390693665e-03 2.901568603515625000e+02
-2.774932980537414551e-01 6.921803578734397888e-04 -3.415556624531745911e-02 5.123458802700042725e-03 2.909064331054687500e+02
-3.030703961849212646e-01 6.292288890108466148e-04 -3.389939293265342712e-02 5.545855499804019928e-03 2.916560058593750000e+02
-3.284586369991302490e-01 5.657260771840810776e-04 -3.362210094928741455e-02 5.964729469269514084e-03 2.924055786132812500e+02
-3.536421954631805420e-01 5.021286779083311558e-04 -3.332386538386344910e-02 6.380058825016021729e-03 2.931551513671875000e+02
-3.786053657531738281e-01 4.381143953651189804e-04 -3.300486132502555847e-02 6.791430525481700897e-03 2.939047241210937500e+02
-4.033326208591461182e-01 3.740304673556238413e-04 -3.266528993844985962e-02 7.198774721473455429e-03 2.946543273925781250e+02
-4.278085529804229736e-01 3.093888517469167709e-04 -3.230535238981246948e-02 7.601547986268997192e-03 2.954039306640625000e+02
-4.520179033279418945e-01 2.447379229124635458e-04 -3.192527592182159424e-02 7.999746128916740417e-03 2.961535339355468750e+02
-4.759455621242523193e-01 1.798232551664113998e-04 -3.152528777718544006e-02 8.392988704144954681e-03 2.969031372070312500e+02
-4.995766282081604004e-01 1.149849485955201089e-04 -3.110563755035400391e-02 8.781209588050842285e-03 2.976527709960937500e+02
-5.228963494300842285e-01 4.977150820195674896e-05 -3.066657669842243195e-02 9.163900278508663177e-03 2.984024047851562500e+02
-5.458902120590209961e-01 -1.547248393762856722e-05 -3.020838089287281036e-02 9.540932253003120422e-03 2.991520385742187500e+02
-5.685438513755798340e-01 -8.048029121709987521e-05 -2.973133511841297150e-02 9.912238456308841705e-03 2.999017028808593750e+02
-5.908430814743041992e-01 -1.456892641726881266e-04 -2.923572249710559845e-02 1.027734205126762390e-02 3.006513671875000000e+02
-6.127740144729614258e-01 -2.106911124428734183e-04 -2.872185595333576202e-02 1.063619460910558701e-02 3.014010314941406250e+02
-6.343230009078979492e-01 -2.756624016910791397e-04 -2.819004654884338379e-02 1.098847016692161560e-02 3.021507263183593750e+02
-6.554765105247497559e-01 -3.405778261367231607e-04 -2.764062210917472839e-02 1.133390981703996658e-02 3.029004211425781250e+02
-6.762213706970214844e-01 -4.052645235788077116e-04 -2.707392722368240356e-02 1.167235802859067917e-02 3.036501464843750000e+02
-6.965445876121520996e-01 -4.696323303505778313e-04 -2.649031020700931549e-02 1.200365275144577026e-02 3.043998718261718750e+02
-7.164334654808044434e-01 -5.338056944310665131e-04 -2.589012682437896729e-02 1.232750341296195984e-02 3.051495971679687500e+02
-7.358755469322204590e-01 -5.976385436952114105e-04 -2.527375146746635437e-02 1.264375727623701096e-02 3.058993530273437500e+02
-7.548587322235107422e-01 -6.611875141970813274e-04 -2.464156411588191986e-02 1.295215729624032974e-02 3.066491088867187500e+02
-7.733711004257202148e-01 -7.242998690344393253e-04 -2.399395592510700226e-02 1.325256749987602234e-02 3.073988952636718750e+02
-7.914010286331176758e-01 -7.870389963500201702e-04 -2.333132736384868622e-02 1.354474388062953949e-02 3.081486816406250000e+02
-8.089372515678405762e-01 -8.492736960761249065e-04 -2.265409007668495178e-02 1.382854767143726349e-02 3.088984680175781250e+02
-8.259688019752502441e-01 -9.109518141485750675e-04 -2.196266315877437592e-02 1.410382054746150970e-02 3.096482849121093750e+02
-8.424850106239318848e-01 -9.721337701193988323e-04 -2.125747129321098328e-02 1.437033899128437042e-02 3.103981018066406250e+02
-8.584755063056945801e-01 -1.032718922942876816e-03 -2.053895406424999237e-02 1.462795957922935486e-02 3.111479187011718750e+02
-8.739302754402160645e-01 -1.092663267627358437e-03 -1.980755664408206940e-02 1.487652771174907684e-02 3.118977661132812500e+02
-8.888396024703979492e-01 -1.152005628682672977e-03 -1.906372979283332825e-02 1.511583942919969559e-02 3.126476135253906250e+02
-9.031941294670104980e-01 -1.210646121762692928e-03 -1.830793730914592743e-02 1.534576341509819031e-02 3.133974609375000000e+02
-9.169848561286926270e-01 -1.268536434508860111e-03 -1.754064857959747314e-02 1.556616369634866714e-02 3.141473388671875000e+02
-9.302030801773071289e-01 -1.325720339082181454e-03 -1.676234044134616852e-02 1.577684842050075531e-02 3.148972167968750000e+02
-9.428405165672302246e-01 -1.382090733386576176e-03 -1.597349718213081360e-02 1.597770676016807556e-02 3.156471252441406250e+02
-9.548892378807067871e-01 -1.437672763131558895e-03 -1.517461147159337997e-02 1.616856455802917480e-02 3.163970336914062500e+02
-9.663416147232055664e-01 -1.492336974479258060e-03 -1.436618342995643616e-02 1.634934358298778534e-02 3.171469421386718750e+02
-9.771904945373535156e-01 -1.546130166389048100e-03 -1.354871597141027451e-02 1.651988364756107330e-02 3.178968505859375000e+02
-9.874290227890014648e-01 -1.598894479684531689e-03 -1.272272132337093353e-02 1.668013818562030792e-02 3.186467895507812500e+02
-9.970507621765136719e-01 -1.650714781135320663e-03 -1.188871450722217560e-02 1.682994700968265533e-02 3.193967285156250000e+02
-1.006049633026123047e+00 -1.701502362266182899e-03 -1.104721706360578537e-02 1.696923933923244476e-02 3.201466674804687500e+02
-1.014419913291931152e+00 -1.751275267452001572e-03 -1.019875518977642059e-02 1.709788851439952850e-02 3.208966064453125000e+02
-1.022156357765197754e+00 -1.799939433112740517e-03 -9.343860670924186707e-03 1.721583493053913116e-02 3.216465759277343750e+02
-1.029254198074340820e+00 -1.847518840804696083e-03 -8.483069017529487610e-03 1.732296869158744812e-02 3.223965454101562500e+02
-1.035708785057067871e+00 -1.893931534141302109e-03 -7.616920396685600281e-03 1.741924323141574860e-02 3.231465148925781250e+02
-1.041516065597534180e+00 -1.939165522344410419e-03 -6.745958235114812851e-03 1.750458031892776489e-02 3.238964843750000000e+02
-1.046672463417053223e+00 -1.983195543289184570e-03 -5.870729219168424606e-03 1.757892034947872162e-02 3.246464538574218750e+02
-1.051174640655517578e+00 -2.025979803875088692e-03 -4.991783294826745987e-03 1.764221861958503723e-02 3.253964538574218750e+02
-1.055019736289978027e+00 -2.067503286525607109e-03 -4.109672270715236664e-03 1.769442297518253326e-02 3.261464538574218750e+02
-1.058205366134643555e+00 -2.107735024765133858e-03 -3.224951215088367462e-03 1.773549430072307587e-02 3.268964538574218750e+02
-1.060729503631591797e+00 -2.146613551303744316e-03 -2.338176593184471130e-03 1.776542328298091888e-02 3.276464538574218750e+02
-1.062590479850769043e+00 -2.184142125770449638e-03 -1.449905335903167725e-03 1.778417639434337616e-02 3.283964538574218750e+02
-1.063787102699279785e+00 -2.220292342826724052e-03 -5.606965278275310993e-04 1.779174059629440308e-02 3.291464538574218750e+02
-1.064318656921386719e+00 -2.255086554214358330e-03 3.288905136287212372e-04 1.778807677328586578e-02 3.298964538574218750e+02
-1.064184784889221191e+00 -2.288459101691842079e-03 1.218294375576078892e-03 1.777319982647895813e-02 3.306464538574218750e+02
-1.063385486602783203e+00 -2.320338739082217216e-03 2.106954343616962433e-03 1.774714700877666473e-02 3.313964538574218750e+02
-1.061921238899230957e+00 -2.350787864997982979e-03 2.994311740621924400e-03 1.770988851785659790e-02 3.321464538574218750e+02
-1.059792995452880859e+00 -2.379699144512414932e-03 3.879806259647011757e-03 1.766149513423442841e-02 3.328964538574218750e+02
-1.057002186775207520e+00 -2.407161984592676163e-03 4.762880969792604446e-03 1.760193705558776855e-02 3.336464538574218750e+02
-1.053550362586975098e+00 -2.433081157505512238e-03 5.642978008836507797e-03 1.753128133714199066e-02 3.343964538574218750e+02
-1.049439787864685059e+00 -2.457376103848218918e-03 6.519542075693607330e-03 1.744962111115455627e-02 3.351464538574218750e+02
-1.044673085212707520e+00 -2.480159979313611984e-03 7.392023224383592606e-03 1.735694706439971924e-02 3.358964538574218750e+02
-1.039253115653991699e+00 -2.501286799088120461e-03 8.259870111942291260e-03 1.725339330732822418e-02 3.366464233398437500e+02
-1.033183336257934570e+00 -2.520984737202525139e-03 9.122539311647415161e-03 1.713888347148895264e-02 3.373963928222656250e+02
-1.026467561721801758e+00 -2.539076143875718117e-03 9.979483671486377716e-03 1.701354794204235077e-02 3.381463623046875000e+02
-1.019109964370727539e+00 -2.555421320721507072e-03 1.083016116172075272e-02 1.687755808234214783e-02 3.388963317871093750e+02
-1.011115312576293945e+00 -2.570209326222538948e-03 1.167403906583786011e-02 1.673090644180774689e-02 3.396463012695312500e+02
-1.002488493919372559e+00 -2.583323745056986809e-03 1.251058466732501984e-02 1.657374016940593719e-02 3.403962402343750000e+02
-9.932349324226379395e-01 -2.594765508547425270e-03 1.333927176892757416e-02 1.640616729855537415e-02 3.411461791992187500e+02
-9.833605289459228516e-01 -2.604648005217313766e-03 1.415957976132631302e-02 1.622822321951389313e-02 3.418961181640625000e+02
-9.728714227676391602e-01 -2.612833166494965553e-03 1.497099082916975021e-02 1.604008115828037262e-02 3.426460571289062500e+02
-9.617742300033569336e-01 -2.619307721033692360e-03 1.577299460768699646e-02 1.584188640117645264e-02 3.433959655761718750e+02
-9.500759243965148926e-01 -2.624077489599585533e-03 1.656508818268775940e-02 1.563377678394317627e-02 3.441458740234375000e+02
-9.377838373184204102e-01 -2.627252833917737007e-03 1.734677702188491821e-02 1.541582681238651276e-02 3.448957824707031250e+02
-9.249057769775390625e-01 -2.628754824399948120e-03 1.811756752431392670e-02 1.518820412456989288e-02 3.456456604003906250e+02
-9.114497900009155273e-01 -2.628637943416833878e-03 1.887697726488113403e-02 1.495102047920227051e-02 3.463955383300781250e+02
-8.974242806434631348e-01 -2.626806497573852539e-03 1.962452754378318787e-02 1.470448169857263565e-02 3.471454162597656250e+02
-8.828381299972534180e-01 -2.623244421556591988e-03 2.035975083708763123e-02 1.444877777248620987e-02 3.478952636718750000e+02
-8.677005171775817871e-01 -2.618096070364117622e-03 2.108218893408775330e-02 1.418399997055530548e-02 3.486451110839843750e+02
-8.520209193229675293e-01 -2.611082745715975761e-03 2.179138921201229095e-02 1.391049381345510483e-02 3.493949584960937500e+02
-8.358091711997985840e-01 -2.602520631626248360e-03 2.248691394925117493e-02 1.362829655408859253e-02 3.501447753906250000e+02
-8.190755248069763184e-01 -2.592448145151138306e-03 2.316832914948463440e-02 1.333753392100334167e-02 3.508945922851562500e+02
-8.018304109573364258e-01 -2.580684376880526543e-03 2.383520640432834625e-02 1.303847879171371460e-02 3.516444091796875000e+02
-7.840846776962280273e-01 -2.567215124145150185e-03 2.448713034391403198e-02 1.273136306554079056e-02 3.523941955566406250e+02
-7.658494710922241211e-01 -2.552231308072805405e-03 2.512369863688945770e-02 1.241628732532262802e-02 3.531439819335937500e+02
-7.471362352371215820e-01 -2.535762498155236244e-03 2.574451267719268799e-02 1.209340523928403854e-02 3.538937377929687500e+02
-7.279567122459411621e-01 -2.517615212127566338e-03 2.634918317198753357e-02 1.176302600651979446e-02 3.546434936523437500e+02
-7.083229422569274902e-01 -2.497773617506027222e-03 2.693733386695384979e-02 1.142541598528623581e-02 3.553932495117187500e+02
-6.882472038269042969e-01 -2.476268913596868515e-03 2.750860527157783508e-02 1.108082104474306107e-02 3.561429748535156250e+02
-6.677421331405639648e-01 -2.453350927680730820e-03 2.806264720857143402e-02 1.072933711111545563e-02 3.568927001953125000e+02
-6.468205451965332031e-01 -2.428847365081310272e-03 2.859911322593688965e-02 1.037127431482076645e-02 3.576423950195312500e+02
-6.254955530166625977e-01 -2.403151011094450951e-03 2.911767736077308655e-02 1.000661961734294891e-02 3.583920898437500000e+02
-6.037805080413818359e-01 -2.375692594796419144e-03 2.961800806224346161e-02 9.635900147259235382e-03 3.591417846679687500e+02
-5.816890001296997070e-01 -2.346627181395888329e-03 3.009980358183383942e-02 9.259354323148727417e-03 3.598914489746093750e+02
-5.592348575592041016e-01 -2.316251862794160843e-03 3.056277148425579071e-02 8.877075277268886566e-03 3.606411132812500000e+02
-5.364320874214172363e-01 -2.284584566950798035e-03 3.100662492215633392e-02 8.489257656037807465e-03 3.613907775878906250e+02
-5.132949948310852051e-01 -2.251262543722987175e-03 3.143108636140823364e-02 8.096362464129924774e-03 3.621404113769531250e+02
-4.898380637168884277e-01 -2.216840861365199089e-03 3.183590620756149292e-02 7.698353379964828491e-03 3.628900451660156250e+02
-4.660759568214416504e-01 -2.180804731324315071e-03 3.222082555294036865e-02 7.295755203813314438e-03 3.636396789550781250e+02
-4.420235157012939453e-01 -2.143323421478271484e-03 3.258561342954635620e-02 6.888809148222208023e-03 3.643892822265625000e+02
-4.176957309246063232e-01 -2.104897517710924149e-03 3.293005377054214478e-02 6.477475166320800781e-03 3.651388854980468750e+02
-3.931078314781188965e-01 -2.064957981929183006e-03 3.325392678380012512e-02 6.062293890863656998e-03 3.658884887695312500e+02
-3.682751655578613281e-01 -2.023861045017838478e-03 3.355704247951507568e-02 5.643372889608144760e-03 3.666380920410156250e+02
-3.432132303714752197e-01 -1.981271663680672646e-03 3.383921086788177490e-02 5.221189465373754501e-03 3.673876647949218750e+02
-3.179376721382141113e-01 -1.937835477292537689e-03 3.410027176141738892e-02 4.795666318386793137e-03 3.681372375488281250e+02
-2.924642562866210938e-01 -1.893003471195697784e-03 3.434005379676818848e-02 4.367341287434101105e-03 3.688868103027343750e+02
-2.668088674545288086e-01 -1.847145846113562584e-03 3.455841913819313049e-02 3.936317283660173416e-03 3.696363830566406250e+02
-2.409875094890594482e-01 -1.799930003471672535e-03 3.475523367524147034e-02 3.503069281578063965e-03 3.703859252929687500e+02
-2.150162756443023682e-01 -1.751998206600546837e-03 3.493038564920425415e-02 3.067520214244723320e-03 3.711354675292968750e+02
-1.889113634824752808e-01 -1.703002257272601128e-03 3.508376330137252808e-02 2.630066359415650368e-03 3.718850097656250000e+02
-1.626890301704406738e-01 -1.652667648158967495e-03 3.521526604890823364e-02 2.191189210861921310e-03 3.726345520019531250e+02
-1.363656222820281982e-01 -1.601473777554929256e-03 3.532482683658599854e-02 1.750954193994402885e-03 3.733840942382812500e+02
-1.099575385451316833e-01 -1.549108303152024746e-03 3.541237488389015198e-02 1.309823244810104370e-03 3.741336364746093750e+02
-8.348121494054794312e-02 -1.495995675213634968e-03 3.547786548733711243e-02 8.678651647642254829e-04 3.748831787109375000e+02
