-1.579751187819056213e-05
-2.644802771101240069e-05
-6.263223622227087617e-05
-1.190271941595710814e-04
-1.909048442030325532e-04
-2.741958596743643284e-04
-3.654128231573849916e-04
-4.616411752067506313e-04
-5.605093319900333881e-04
-6.601244676858186722e-04
-7.590061286464333534e-04
-8.560573332943022251e-04
-9.504792396910488605e-04
-1.041763345710933208e-03
-1.129575539380311966e-03
-1.213798997923731804e-03
-1.294414279982447624e-03
-1.371500198729336262e-03
-1.445227651856839657e-03
-1.515803043730556965e-03
-1.583438948728144169e-03
-1.648382516577839851e-03
-1.710845041088759899e-03
-1.771069713868200779e-03
-1.829237560741603374e-03
-1.885525765828788280e-03
-1.940095098689198494e-03
-1.993044512346386909e-03
-2.044512424618005753e-03
-2.094549825415015221e-03
-2.143238438293337822e-03
-2.190584549680352211e-03
-2.236622851341962814e-03
-2.281391294673085213e-03
-2.324827946722507477e-03
-2.366965403780341148e-03
-2.407741034403443336e-03
-2.447160193696618080e-03
-2.485177014023065567e-03
-2.521768445149064064e-03
-2.556898631155490875e-03
-2.590533345937728882e-03
-2.622606465592980385e-03
-2.653134521096944809e-03
-2.682050457224249840e-03
-2.709330292418599129e-03
-2.734974958002567291e-03
-2.758917165920138359e-03
-2.781154122203588486e-03
-2.801665570586919785e-03
-2.820421708747744560e-03
-2.837417414411902428e-03
-2.852630103006958961e-03
-2.866069087758660316e-03
-2.877682913094758987e-03
-2.887503243982791901e-03
-2.895487705245614052e-03
-2.901670988649129868e-03
-2.906011883169412613e-03
-2.908514114096760750e-03
-2.909191418439149857e-03
-2.908057067543268204e-03
-2.905073342844843864e-03
-2.900284482166171074e-03
-2.893655328080058098e-03
-2.885187044739723206e-03
-2.874915255233645439e-03
-2.862842520698904991e-03
-2.848996082320809364e-03
-2.833341713994741440e-03
-2.815905492752790451e-03
-2.796684857457876205e-03
-2.775715431198477745e-03
-2.753018634393811226e-03
-2.728597028180956841e-03
-2.702464116737246513e-03
-2.674624556675553322e-03
-2.645120723173022270e-03
-2.613980323076248169e-03
-2.581177977845072746e-03
-2.546782372519373894e-03
-2.510769525542855263e-03
-2.473190892487764359e-03
-2.434081165120005608e-03
-2.393454546108841896e-03
-2.351334318518638611e-03
-2.307739807292819023e-03
-2.262714318931102753e-03
-2.216261345893144608e-03
-2.168440725654363632e-03
-2.119260607287287712e-03
-2.068781526759266853e-03
-2.016988815739750862e-03
-1.963965129107236862e-03
-1.909743179567158222e-03
-1.854321104474365711e-03
-1.797710661776363850e-03
-1.740032574161887169e-03
-1.681232126429677010e-03
-1.621430274099111557e-03
-1.560595119372010231e-03
-1.498822472058236599e-03
-1.436088117770850658e-03
-1.372482976876199245e-03
-1.308063161559402943e-03
-1.242761383764445782e-03
-1.176743768155574799e-03
-1.110013690777122974e-03
-1.042564166709780693e-03
-9.745293064042925835e-04
-9.058382711373269558e-04
-8.365997346118092537e-04
-7.668938487768173218e-04
-6.966544315218925476e-04
-6.259907968342304230e-04
-5.549404886551201344e-04
-4.835390427615493536e-04
-4.118802899029105902e-04
-3.399610868655145168e-04
-2.678051241673529148e-04
-1.955266197910532355e-04
-1.230877096531912684e-04
-5.056008012616075575e-05
2.193097861891146749e-05
9.440856956643983722e-05
1.668636396061629057e-04
2.392120804870501161e-04
3.114499850198626518e-04
3.834364179056137800e-04
4.551584424916654825e-04
5.266239750199019909e-04
5.978127592243254185e-04
6.685631233267486095e-04
7.389314705505967140e-04
8.088694303296506405e-04
8.782905642874538898e-04
9.471456869505345821e-04
1.015466055832803249e-03
1.083143404684960842e-03
1.150146592408418655e-03
1.216436503455042839e-03
1.281943405047059059e-03
1.346696750260889530e-03
1.410628785379230976e-03
1.473660697229206562e-03
1.535817864350974560e-03
1.597001915797591209e-03
1.657211687415838242e-03
1.716362079605460167e-03
1.774501521140336990e-03
1.831509754993021488e-03
1.887375372461974621e-03
1.942049246281385422e-03
1.995570957660675049e-03
2.047828864306211472e-03
2.098808996379375458e-03
2.148500876501202583e-03
2.196839079260826111e-03
2.243854105472564697e-03
2.289423951879143715e-03
2.333594253286719322e-03
2.376270014792680740e-03
2.417525975033640862e-03
2.457227325066924095e-03
2.495434135198593140e-03
2.532083541154861450e-03
2.567121759057044983e-03
2.600577194243669510e-03
2.632388146594166756e-03
2.662547631189227104e-03
2.691065426915884018e-03
2.717891009524464607e-03
2.743025543168187141e-03
2.766435034573078156e-03
2.788111334666609764e-03
2.808040240779519081e-03
2.826213603839278221e-03
2.842604415491223335e-03
2.857215236872434616e-03
2.870030933991074562e-03
2.881070366129279137e-03
2.890279982239007950e-03
2.897683996707201004e-03
2.903253072872757912e-03
2.907026326283812523e-03
2.908969298005104065e-03
2.909077797085046768e-03
2.907365560531616211e-03
2.903812797740101814e-03
2.898455364629626274e-03
2.891267649829387665e-03
2.882262924686074257e-03
2.871470991522073746e-03
2.858833642676472664e-03
2.844441682100296021e-03
2.828237600624561310e-03
2.810268895700573921e-03
2.790517406538128853e-03
2.769072307273745537e-03
2.745861653238534927e-03
2.720895456150174141e-03
2.694308990612626076e-03
2.665986539795994759e-03
2.635972807183861732e-03
2.604331821203231812e-03
2.571034710854291916e-03
2.536171115934848785e-03
2.499681431800127029e-03
2.461678581312298775e-03
2.422119257971644402e-03
2.381060738116502762e-03
2.338439691811800003e-03
2.294423291459679604e-03
2.248936565592885017e-03
2.202057512477040291e-03
2.153913024812936783e-03
2.104338025674223900e-03
2.053414005786180496e-03
2.001288812607526779e-03
1.947896555066108704e-03
1.893213368020951748e-03
1.837415620684623718e-03
1.780548365786671638e-03
1.722546527162194252e-03
1.663368311710655689e-03
1.603318145498633385e-03
1.542248646728694439e-03
1.480096834711730480e-03
1.417120220139622688e-03
1.353246509097516537e-03
1.288578496314585209e-03
1.223095692694187164e-03
1.156823709607124329e-03
1.089901197701692581e-03
1.022259821183979511e-03
9.539644233882427216e-04
8.851332240737974644e-04
8.157131960615515709e-04
7.459242478944361210e-04
6.755217909812927246e-04
6.047496572136878967e-04
5.335601745173335075e-04
4.620836989488452673e-04
3.903632168658077717e-04
3.183345834258943796e-04
2.461433468852192163e-04
1.737530546961352229e-04
1.013666842482052743e-04
2.892416159738786519e-05
-4.362182517070323229e-05
-1.161268664873205125e-04
-1.885524543467909098e-04
-2.608542272355407476e-04
-3.329897881485521793e-04
-4.049275885336101055e-04
-4.767018544953316450e-04
-5.480833933688700199e-04
-6.190537242218852043e-04
-6.896872073411941528e-04
-7.599192904308438301e-04
-8.297133026644587517e-04
-8.989333873614668846e-04
-9.676397894509136677e-04
-1.035786699503660202e-03
-1.103232265450060368e-03
-1.170047442428767681e-03
-1.236094278283417225e-03
-1.301423297263681889e-03
-1.365911448374390602e-03
-1.429601456038653851e-03
-1.492371899075806141e-03
-1.554265152662992477e-03
-1.615090761333703995e-03
-1.675048144534230232e-03
-1.733929733745753765e-03
-1.791637623682618141e-03
-1.848367392085492611e-03
-1.903868513181805611e-03
-1.958231674507260323e-03
-2.011351520195603371e-03
-2.063230378553271294e-03
-2.113817958161234856e-03
-2.163163619115948677e-03
-2.211091108620166779e-03
-2.257642103359103203e-03
-2.302787266671657562e-03
-2.346521709114313126e-03
-2.388798864558339119e-03
-2.429563552141189575e-03
-2.468853490427136421e-03
-2.506570890545845032e-03
-2.542733913287520409e-03
-2.577311359345912933e-03
-2.610258990898728371e-03
-2.641590079292654991e-03
-2.671270398423075676e-03
-2.699266886338591576e-03
-2.725575352087616920e-03
-2.750184852629899979e-03
-2.773082815110683441e-03
-2.794234547764062881e-03
-2.813641214743256569e-03
-2.831287216395139694e-03
-2.847151365131139755e-03
-2.861241111531853676e-03
-2.873528981581330299e-03
-2.884014276787638664e-03
-2.892691642045974731e-03
-2.899557584896683693e-03
-2.904592547565698624e-03
-2.907806076109409332e-03
-2.909200498834252357e-03
-2.908756257966160774e-03
-2.906489418819546700e-03
-2.902411157265305519e-03
-2.896508201956748962e-03
-2.888781251385807991e-03
-2.879221457988023758e-03
-2.867883304134011269e-03
-2.854737220332026482e-03
-2.839811844751238823e-03
-2.823028946295380592e-03
-2.804551273584365845e-03
-2.784316195175051689e-03
-2.762342337518930435e-03
-2.738557988777756691e-03
-2.713179215788841248e-03
-2.685921732336282730e-03
-2.657119184732437134e-03
-2.626669593155384064e-03
-2.594504272565245628e-03
-2.560735680162906647e-03
-2.525407588109374046e-03
-2.488520694896578789e-03
-2.449993509799242020e-03
-2.409963402897119522e-03
-2.368367509916424751e-03
-2.325461478903889656e-03
-2.280878834426403046e-03
-2.235068706795573235e-03
-2.187781268730759621e-03
-2.139041200280189514e-03
-2.089187502861022949e-03
-2.037927275523543358e-03
-1.985455397516489029e-03
-1.931645325385034084e-03
-1.876689493656158447e-03
-1.820635632611811161e-03
-1.763335661962628365e-03
-1.704857219010591507e-03
-1.645569107495248318e-03
-1.585136284120380878e-03
-1.523778541013598442e-03
-1.461370731703937054e-03
-1.397959655150771141e-03
-1.333953114226460457e-03
-1.268999068997800350e-03
-1.203151070512831211e-03
-1.136814244091510773e-03
-1.069801859557628632e-03
-1.001799595542252064e-03
-9.334443602710962296e-04
-8.645430207252502441e-04
-7.947735139168798923e-04
-7.247912581078708172e-04
-6.542282062582671642e-04
-5.834819166921079159e-04
-5.122142028994858265e-04
-4.406700318213552237e-04
-3.687056887429207563e-04
-2.967571199405938387e-04
-2.244519127998501062e-04
-1.522221282357349992e-04
-7.970508886501193047e-05
-7.338210252783028409e-06
6.523223419208079576e-05
1.375805877614766359e-04
2.100462006637826562e-04
2.823579707182943821e-04
3.543339844327419996e-04
4.262936126906424761e-04
4.978147917427122593e-04
5.692290142178535461e-04
6.401184946298599243e-04
7.108101272024214268e-04
7.808913360349833965e-04
8.506656740792095661e-04
9.197511244565248489e-04
9.882925078272819519e-04
1.056107343174517155e-03
1.123468857258558273e-03
1.190007082186639309e-03
1.255983486771583557e-03
1.320907496847212315e-03
1.385093666613101959e-03
1.448605675250291824e-03
1.511109177954494953e-03
1.572704059071838856e-03
1.633239211514592171e-03
1.692816498689353466e-03
1.751384232193231583e-03
1.808785251341760159e-03
1.865118625573813915e-03
1.920227077789604664e-03
1.974201761186122894e-03
2.027097390964627266e-03
2.078538294881582260e-03
2.128741936758160591e-03
2.177660120651125908e-03
2.225151052698493004e-03
2.271311357617378235e-03
2.316080965101718903e-03
2.359346253797411919e-03
2.401182660833001137e-03
2.441538730636239052e-03
2.480331575497984886e-03
2.517585642635822296e-03
2.553246449679136276e-03
2.587329596281051636e-03
2.619827399030327797e-03
2.650686772540211678e-03
2.679809927940368652e-03
2.707322593778371811e-03
2.733143279328942299e-03
2.757242182269692421e-03
2.779584378004074097e-03
2.800234127789735794e-03
2.819121582433581352e-03
2.836231142282485962e-03
2.851557452231645584e-03
2.865110291168093681e-03
2.876850543543696404e-03
2.886796137318015099e-03
2.894923556596040726e-03
2.901246305555105209e-03
2.905736677348613739e-03
2.908402122557163239e-03
2.909286180511116982e-03
2.908287337049841881e-03
2.905494999140501022e-03
2.900819526985287666e-03
2.894339850172400475e-03
2.886112313717603683e-03
2.875994192436337471e-03
2.864160109311342239e-03
2.850439166650176048e-03
2.834954997524619102e-03
2.817757427692413330e-03
2.798730973154306412e-03
2.777870045974850655e-03
2.755390480160713196e-03
2.731100656092166901e-03
2.705140272155404091e-03
2.677582437172532082e-03
2.648154972121119499e-03
2.617123536765575409e-03
2.584586152806878090e-03
2.550334669649600983e-03
2.514420775696635246e-03
2.476983936503529549e-03
2.438047667965292931e-03
2.397745614871382713e-03
2.355697797611355782e-03
2.312245080247521400e-03
2.267391188070178032e-03
2.221025526523590088e-03
2.173350192606449127e-03
2.124368911609053612e-03
2.073965501040220261e-03
2.022325526922941208e-03
1.969493459910154343e-03
1.915323082357645035e-03
1.860026502981781960e-03
1.803487888537347317e-03
1.745901885442435741e-03
1.687294803559780121e-03
1.627520890906453133e-03
1.566663151606917381e-03
1.505088992416858673e-03
1.442449516616761684e-03
1.378996181301772594e-03
1.314566121436655521e-03
1.249386696144938469e-03
1.183496438898146152e-03
1.116748666390776634e-03
1.049386919476091862e-03
9.814306395128369331e-04
9.127301163971424103e-04
8.437102660536766052e-04
7.738210842944681644e-04
7.037296309135854244e-04
6.330549367703497410e-04
5.622157477773725986e-04
4.908503033220767975e-04
4.192257765680551529e-04
3.471920790616422892e-04
2.751724969130009413e-04
2.028203161899000406e-04
1.305509795201942325e-04
5.801180668640881777e-05
