-1.597952590409693497e-04
-2.628922168917196211e-04
-3.521742166739387394e-04
-4.392762572513296136e-04
-5.200159750401026678e-04
-5.937589933154025900e-04
-6.620703797497882103e-04
-7.270055808231323975e-04
-7.903963081201411224e-04
-8.535653796072634062e-04
-9.172570316429613530e-04
-9.817051959341261628e-04
-1.046775712948091411e-03
-1.112126710976834004e-03
-1.177348444725005673e-03
-1.242062777829582585e-03
-1.305978144228023795e-03
-1.368906260000721069e-03
-1.430752021883945155e-03
-1.491488934712750141e-03
-1.551130520492754973e-03
-1.609704928882941047e-03
-1.667236551230749956e-03
-1.723735586651639487e-03
-1.779194567070003586e-03
-1.833589851912019279e-03
-1.886885885168959219e-03
-1.939040311002999777e-03
-1.990008607824754212e-03
-2.039747512700891899e-03
-2.088217028260411223e-03
-2.135381165171724820e-03
-2.181207764685931874e-03
-2.225667795125471290e-03
-2.268734468480869231e-03
-2.310382425401236953e-03
-2.350587127500829241e-03
-2.389324501194524646e-03
-2.426570810297593202e-03
-2.462302697995343362e-03
-2.496497328001556337e-03
-2.529132562027032894e-03
-2.560187127585123682e-03
-2.589640749677097134e-03
-2.617474237088786380e-03
-2.643669526477081515e-03
-2.668209694382439514e-03
-2.691078949611199096e-03
-2.712262617362696561e-03
-2.731747123558688969e-03
-2.749519984378825596e-03
-2.765569802874952125e-03
-2.779886272232073765e-03
-2.792460183941123265e-03
-2.803283438648270214e-03
-2.812349057604132414e-03
-2.819651193141384238e-03
-2.825185137211815717e-03
-2.828947327600015316e-03
-2.830935351841033006e-03
-2.831147949130474305e-03
-2.829585010622259929e-03
-2.826247578474995383e-03
-2.821137843947817050e-03
-2.814259144717202576e-03
-2.805615961506453468e-03
-2.795213914023120163e-03
-2.783059756172100250e-03
-2.769161370480402017e-03
-2.753527761679009332e-03
-2.736169049405361414e-03
-2.717096460000281797e-03
-2.696322317415033188e-03
-2.673860033225073859e-03
-2.649724095802112774e-03
-2.623930058654565158e-03
-2.596494527991658179e-03
-2.567435149523138952e-03
-2.536770594546323022e-03
-2.504520545328833836e-03
-2.470705679831418280e-03
-2.435347655776843451e-03
-2.398469094109719011e-03
-2.360093561852876463e-03
-2.320245554403950559e-03
-2.278950477289241189e-03
-2.236234627392748135e-03
-2.192125173719598665e-03
-2.146650137684486155e-03
-2.099838372976173088e-03
-2.051719545019888621e-03
-2.002324110066517303e-03
-1.951683293929368972e-03
-1.899829070397277431e-03
-1.846794139356523626e-03
-1.792611904635146251e-03
-1.737316451589937137e-03
-1.680942524481004140e-03
-1.623525503624372252e-03
-1.565101382365423127e-03
-1.505706743886553803e-03
-1.445378737861697290e-03
-1.384155056985423736e-03
-1.322073913375510206e-03
-1.259174014887425551e-03
-1.195494541336548141e-03
-1.131075120636791838e-03
-1.065955804897473266e-03
-1.000177046443512328e-03
-9.337796737992629451e-04
-8.668048676483276326e-04
-7.992941367477871201e-04
-7.312892938189159047e-04
-6.628324314403283681e-04
-5.939658978915740356e-04
-5.247322730193961296e-04
-4.551743440725433275e-04
-3.853350815330469658e-04
-3.152576149484911027e-04
-2.449852087462152730e-04
-1.745612380519350143e-04
-1.040291644846816967e-04
-3.343251196416797369e-05
3.718515750586437983e-05
1.077802680642651770e-04
1.783092542298860613e-04
2.487285851477891987e-04
3.189947888499885479e-04
3.890644765526323173e-04
4.588943669419022118e-04
5.284413104868250976e-04
5.976623137861858349e-04
6.665145639032676091e-04
7.349554527419217788e-04
8.029426014123195333e-04
8.704338846363636126e-04
9.373874551298341318e-04
1.003761768005186072e-03
1.069515605171861240e-03
1.134608099713760310e-03
1.198998760270589053e-03
1.262647495375353356e-03
1.325514637765310040e-03
1.387560968649081874e-03
1.448747741906017319e-03
1.509036708230910608e-03
1.568390139171011973e-03
1.626770851086571049e-03
1.684142228970700273e-03
1.740468250145017770e-03
1.795713507797316562e-03
1.849843234347370823e-03
1.902823324607231604e-03
1.954620358726330987e-03
2.005201624897733244e-03
2.054535141789392422e-03
2.102589680690931766e-03
2.149334787338664891e-03
2.194740803392302483e-03
2.238778887546744294e-03
2.281421036241945699e-03
2.322640103943559003e-03
2.362409822969043383e-03
2.400704822828012789e-03
2.437500649051973188e-03
2.472773781487479054e-03
2.506501652000689070e-03
2.538662661603011649e-03
2.569236196946994219e-03
2.598202646160352632e-03
2.625543414001041929e-03
2.651240936321214159e-03
2.675278693773805883e-03
2.697641224788939387e-03
2.718314137753220609e-03
2.737284122398392187e-03
2.754538960360907937e-03
2.770067534903237778e-03
2.783859839782333589e-03
2.795906987226372178e-03
2.806201215036577441e-03
2.814735892775193683e-03
2.821505527042937264e-03
2.826505765826946553e-03
2.829733401917292925e-03
2.831186375385282613e-03
2.830863775114936080e-03
2.828765839390226609e-03
2.824893955535491205e-03
2.819250658610704310e-03
2.811839629163806562e-03
2.802665690048476450e-03
2.791734802314150155e-03
2.779054060166577869e-03
2.764631685031344616e-03
2.748477018713787936e-03
2.730600515668587819e-03
2.711013734420352622e-03
2.689729328112004225e-03
2.666761034238154544e-03
2.642123663558495171e-03
2.615833088222866646e-03
2.587906229125312100e-03
2.558361042520834391e-03
2.527216505915904753e-03
2.494492603261088282e-03
2.460210309483128362e-03
2.424391574368439661e-03
2.387059305834795826e-03
2.348237352609347083e-03
2.307950486358159494e-03
2.266224383266606662e-03
2.223085605136039013e-03
2.178561579983825155e-03
2.132680582212586381e-03
2.085471712352471047e-03
2.036964876389177857e-03
1.987190764775150550e-03
1.936180831045691700e-03
1.883967270148980940e-03
1.830582996478411374e-03
1.776061621643554994e-03
1.720437431984468387e-03
1.663745365883783451e-03
1.606020990849896593e-03
1.547300480458981779e-03
1.487620591092818833e-03
1.427018638569198987e-03
1.365532474621876120e-03
1.303200463285272359e-03
1.240061457164027105e-03
1.176154773647555309e-03
1.111520171024248538e-03
1.046197824544627033e-03
9.802283024551944422e-04
9.136525419533702425e-04
8.465118251353119516e-04
7.788477549150379714e-04
7.107022309020270042e-04
6.421174252834626261e-04
5.731357586740880783e-04
5.037998759770316668e-04
4.341526222097454642e-04
3.642370183421918630e-04
2.940962371232723363e-04
2.237735788842766960e-04
1.533124473750399933e-04
8.275632553447275581e-05
1.214875131665573950e-05
-5.846670655706777577e-05
-1.290464727887913907e-04
-1.995469897936370969e-04
-2.699247418974008803e-04
-3.401362796553625582e-04
-4.101382441106551880e-04
-4.798873911134221614e-04
-5.493406156227266740e-04
-6.184549760618387191e-04
-6.871877186758571258e-04
-7.554963018733593496e-04
-8.233384206456661504e-04
-8.906720309222919754e-04
-9.574553739968849619e-04
-1.023647000912348464e-03
-1.089205796844950475e-03
-1.154091005515567271e-03
-1.218262253526336547e-03
-1.281679574703068532e-03
-1.344303434402351581e-03
-1.406094753746684736e-03
-1.467014933822364045e-03
-1.527025879773095951e-03
-1.586090024842224267e-03
-1.644170354266507759e-03
-1.701230429079911982e-03
-1.757234409751885513e-03
-1.812147079688634661e-03
-1.865933868514466467e-03
-1.918560875203440246e-03
-1.969994890925774213e-03
-2.020203421683474960e-03
-2.069154710677686537e-03
-2.116817760321892256e-03
-2.163162353999726392e-03
-2.208159077418155990e-03
-2.251779339608235824e-03
-2.293995393495297606e-03
-2.334780356067096656e-03
-2.374108228035948405e-03
-2.411953913043291247e-03
-2.448293236317551722e-03
-2.483102962804600855e-03
-2.516360814694573993e-03
-2.548045488361769945e-03
-2.578136670662791764e-03
-2.606615054571896975e-03
-2.633462354126309482e-03
-2.658661318668041704e-03
-2.682195746334210210e-03
-2.704050496788296641e-03
-2.724211503170296481e-03
-2.742665783234870223e-03
-2.759401449660402097e-03
-2.774407719519970950e-03
-2.787674922870089778e-03
-2.799194510479954389e-03
-2.808959060650132681e-03
-2.816962285130909880e-03
-2.823199034116825011e-03
-2.827665300319468986e-03
-2.830358222099559930e-03
-2.831276085659072041e-03
-2.830418326288523020e-03
-2.827785528672124935e-03
-2.823379426238258657e-03
-2.817202899574165580e-03
-2.809259973893853297e-03
-2.799555815574325101e-03
-2.788096727767281225e-03
-2.774890145086759356e-03
-2.759944627399192347e-03
-2.743269852710443490e-03
-2.724876609187085533e-03
-2.704776786295564565e-03
-2.682983365121784265e-03
-2.659510407843877506e-03
-2.634373046405405309e-03
-2.607587470411924010e-03
-2.579170914252943304e-03
-2.549141643508134793e-03
-2.517518940611410214e-03
-2.484323089846287615e-03
-2.449575361687477554e-03
-2.413297996490882877e-03
-2.375514187576084017e-03
-2.336248063751158403e-03
-2.295524671268183575e-03
-2.253369955237687853e-03
-2.209810740610886406e-03
-2.164874712604596650e-03
-2.118590396761133986e-03
-2.070987138571408950e-03
-2.022095082692621209e-03
-1.971945151816720775e-03
-1.920569025251888697e-03
-1.867999117090392899e-03
-1.814268554230485031e-03
-1.759411154020124567e-03
-1.703461401722579328e-03
-1.646454427747820774e-03
-1.588425984724960074e-03
-1.529412424328087383e-03
-1.469450674019892817e-03
-1.408578213627656103e-03
-1.346833051777214865e-03
-1.284253702259940478e-03
-1.220879160283305526e-03
-1.156748878628202941e-03
-1.091902743778386817e-03
-1.026381051959515504e-03
-9.602244851484323602e-04
-8.934740870381964245e-04
-8.261712389459795408e-04
-7.583576357519846703e-04
-6.900752617547097675e-04
-6.213663665683397423e-04
-5.522734409471341012e-04
-4.828391926523392208e-04
-4.131065222691038307e-04
-3.431184990734068452e-04
-2.729183368000075117e-04
-2.025493695145068307e-04
-1.320550273570896113e-04
-6.147881241993366432e-05
9.135725532034748170e-06
7.974501323669875457e-05
1.503054781963390719e-04
2.207735728859747787e-04
2.911057990464578507e-04
3.612587319460870629e-04
4.311890446783733137e-04
5.008535324396242881e-04
5.702091369164836998e-04
6.392129705585084583e-04
7.078223410066009818e-04
7.759947753964115862e-04
8.436880448000228395e-04
9.108601885824264659e-04
9.774695388294414762e-04
1.043474744725981151e-03
1.108834796944189842e-03
1.173509052040391624e-03
1.237457256792583692e-03
1.300639572533377831e-03
1.363016599430247723e-03
1.424549400731845274e-03
1.485199526908920122e-03
1.544929039742861570e-03
1.603700536340016457e-03
1.661477172985696043e-03
1.718222688887498630e-03
1.773901429814922839e-03
1.828478371485203193e-03
1.881919142843466132e-03
1.934190049095397147e-03
1.985258094492448749e-03
2.035091004880139418e-03
2.083657249982706888e-03
2.130926065321898932e-03
2.176867473881792178e-03
2.221452307314928775e-03
2.264652226872123329e-03
2.306439743794096164e-03
2.346788239370500243e-03
2.385671984444913407e-03
2.423066158473488434e-03
2.458946868006771109e-03
2.493291164650923881e-03
2.526077062444879399e-03
2.557283554598935391e-03
2.586890629605532749e-03
2.614879286693687962e-03
2.641231550560033722e-03
2.665930485381211735e-03
2.688960208073051198e-03
2.710305900733797971e-03
2.729953822324875535e-03
2.747891319489426804e-03
2.764106836561063592e-03
2.778589924734967131e-03
2.791331250416572655e-03
2.802322602773747902e-03
2.811556900450865992e-03
2.819028197492043017e-03
2.824731688375065313e-03
2.828663712120356097e-03
2.830821755337512013e-03
2.831204454071301752e-03
2.829811594311566758e-03
2.826644111048049347e-03
2.821704085884255836e-03
2.814994743349510335e-03
2.806520446289806174e-03
2.796286690926489456e-03
2.784300102345942021e-03
2.770568431247095922e-03
2.755100552550062039e-03
2.737906465977032154e-03
2.718997297854796723e-03
2.698385302246409084e-03
2.676083858217850626e-03
2.652107459076900962e-03
2.626471689082737065e-03
2.599193184017434179e-03
2.570289574850005612e-03
2.539779418179045033e-03
2.507682123684394550e-03
2.474017895844115265e-03
2.438807713142146331e-03
2.402073370343182565e-03
2.363837604824327917e-03
2.324124313925029096e-03
2.282958845022378322e-03
2.240368305084654982e-03
2.196381796462027261e-03
2.151030450914869201e-03
2.104347118376556722e-03
2.056365587979966467e-03
2.007119292730616140e-03
1.956639584778045466e-03
1.904953861204983006e-03
1.852084043588106584e-03
1.798046116504098228e-03
1.742851530782869819e-03
1.686511181911113473e-03
1.629042289519996986e-03
1.570477773249662461e-03
1.510876661619083711e-03
1.450332819581480297e-03
1.388978119440873122e-03
1.326975539766741055e-03
1.264498091178136623e-03
1.201691464291532261e-03
1.138622223503133043e-03
1.075219175299843089e-03
1.011222527116070182e-03
9.461621095803318541e-04
8.793899063996671881e-04
8.101904603708448734e-04
7.379824033554423452e-04
6.626032627336350851e-04
5.846376450187797547e-04
5.057091312739058278e-04
4.286209396217577870e-04
3.572394918227960576e-04
2.961200315444792452e-04
2.496238809109495240e-04
2.165317926322951440e-04
1.643567975810767822e-04
1.835294561968993085e-08
