-1.242237864062190056e-03
-1.974229700863361359e-03
-2.456670394167304039e-03
-2.601071959361433983e-03
-2.386969281360507011e-03
-1.860390417277812958e-03
-1.120920525863766670e-03
-3.006985061801970005e-04
4.603739944286644459e-04
1.039266702719032764e-03
1.349871396087110043e-03
1.355098094791173935e-03
1.069927006028592587e-03
5.553690134547650814e-04
-9.503147884970530868e-05
-7.729217177256941795e-04
-1.374571002088487148e-03
-1.817841315641999245e-03
-2.054278273135423660e-03
-2.074709394946694374e-03
-1.907790545374155045e-03
-1.612180843949317932e-03
-1.264350255951285362e-03
-9.440272697247564793e-04
-7.205071160569787025e-04
-6.414004601538181305e-04
-7.261612336151301861e-04
-9.646579856052994728e-04
-1.320963143371045589e-03
-1.741229556500911713e-03
-2.164236502721905708e-03
-2.532049547880887985e-03
-2.799679758027195930e-03
-2.941837534308433533e-03
-2.955650677904486656e-03
-2.859572647139430046e-03
-2.688748994842171669e-03
-2.487653167918324471e-03
-2.302180277183651924e-03
-2.171519212424755096e-03
-2.122169593349099159e-03
-2.164378995075821877e-03
-2.291467040777206421e-03
-2.482376294210553169e-03
-2.706162398681044579e-03
-2.928064670413732529e-03
-3.115620696917176247e-03
-3.244104329496622086e-03
-3.300137352198362350e-03
-3.283187281340360641e-03
-3.204562934115529060e-03
-3.085033735260367393e-03
-2.950215712189674377e-03
-2.826126292347908020e-03
-2.734793815761804581e-03
-2.690690336748957634e-03
-2.698960946872830391e-03
-2.755066612735390663e-03
-2.846466377377510071e-03
-2.955254167318344116e-03
-3.061469644308090210e-03
-3.146801609545946121e-03
-3.197504440322518349e-03
-3.206431167200207710e-03
-3.173710079863667488e-03
-3.106190823018550873e-03
-3.016004106029868126e-03
-2.917764708399772644e-03
-2.826323732733726501e-03
-2.753824926912784576e-03
-2.708227140828967094e-03
-2.691976958885788918e-03
-2.702122321352362633e-03
-2.731191692873835564e-03
-2.768772654235363007e-03
-2.803478622809052467e-03
-2.825022442266345024e-03
-2.825692528858780861e-03
-2.801778027787804604e-03
-2.753573469817638397e-03
-2.685335231944918633e-03
-2.604046603664755821e-03
-2.518221037462353706e-03
-2.436135895550251007e-03
-2.364787273108959198e-03
-2.308399882167577744e-03
-2.268207957968115807e-03
-2.242356305941939354e-03
-2.226347336545586586e-03
-2.214201027527451515e-03
-2.199534093961119652e-03
-2.176472917199134827e-03
-2.140871249139308929e-03
-2.090697642415761948e-03
-2.026489470154047012e-03
-1.950735575519502163e-03
-1.867515500634908676e-03
-1.781834173016250134e-03
-1.698375213891267776e-03
-1.621008268557488918e-03
-1.552098314277827740e-03
-1.492249895818531513e-03
-1.440241816453635693e-03
-1.393573242239654064e-03
-1.348739489912986755e-03
-1.302055432461202145e-03
-1.250380417332053185e-03
-1.191435265354812145e-03
-1.124192727729678154e-03
-1.048975507728755474e-03
-9.674286702647805214e-04
-8.819176000542938709e-04
-7.953171152621507645e-04
-7.103512180037796497e-04
-6.291820900514721870e-04
-5.530797061510384083e-04
-4.823070776183158159e-04
-4.161682736594229937e-04
-3.531746333464980125e-04
-2.913365024141967297e-04
-2.286184462718665600e-04
-1.632826169952750206e-04
-9.408855112269520760e-05
-2.051937553915195167e-05
5.712678830605000257e-05
1.379271125188097358e-04
2.204852935392409563e-04
3.030156658496707678e-04
3.840413410216569901e-04
4.623752902261912823e-04
5.372646264731884003e-04
6.085981731303036213e-04
6.767889717593789101e-04
7.426994270645081997e-04
8.074840879999101162e-04
8.722468628548085690e-04
9.379743714816868305e-04
1.005241996608674526e-03
1.074387459084391594e-03
1.145161106251180172e-03
1.216988428495824337e-03
1.289004692807793617e-03
1.360256690531969070e-03
1.429825671948492527e-03
1.497089513577520847e-03
1.561616430990397930e-03
1.623390824533998966e-03
1.682604313828051090e-03
1.739780185744166374e-03
1.795535674318671227e-03
1.850479864515364170e-03
1.905208337120711803e-03
1.960023306310176849e-03
2.014965517446398735e-03
2.069986658170819283e-03
2.124682534486055374e-03
2.178582828491926193e-03
2.231101971119642258e-03
2.281753811985254288e-03
2.330125542357563972e-03
2.376037882640957832e-03
2.419389784336090088e-03
2.460393588989973068e-03
2.499331487342715263e-03
2.536506392061710358e-03
2.572315046563744545e-03
2.607067115604877472e-03
2.640950959175825119e-03
2.673988929018378258e-03
2.706064144149422646e-03
2.737027592957019806e-03
2.766587305814027786e-03
2.794296946376562119e-03
2.820001216605305672e-03
2.843418857082724571e-03
2.864415291696786880e-03
2.883011009544134140e-03
2.899357816204428673e-03
2.913560951128602028e-03
2.925931708887219429e-03
2.936539007350802422e-03
2.945688553154468536e-03
2.953441347926855087e-03
2.959796693176031113e-03
2.964668208733201027e-03
2.967969980090856552e-03
2.969545545056462288e-03
2.969170222058892250e-03
2.966792555525898933e-03
2.962241647765040398e-03
2.955498639494180679e-03
2.946552587673068047e-03
2.935495227575302124e-03
2.922461600974202156e-03
2.907539950683712959e-03
2.890887903049588203e-03
2.872589975595474243e-03
2.852728823199868202e-03
2.831342397257685661e-03
2.808397635817527771e-03
2.783854259178042412e-03
2.757600508630275726e-03
2.729663858190178871e-03
2.699881093576550484e-03
2.668251050636172295e-03
2.634770004078745842e-03
2.599416067823767662e-03
2.562331967055797577e-03
2.523545641452074051e-03
2.483139745891094208e-03
2.441234653815627098e-03
2.397904172539710999e-03
2.353211864829063416e-03
2.307197079062461853e-03
2.259877510368824005e-03
2.211171435192227364e-03
2.161153824999928474e-03
2.109817694872617722e-03
2.057088539004325867e-03
2.003039931878447533e-03
1.947655924595892429e-03
1.890952698886394501e-03
1.832992071285843849e-03
1.773785683326423168e-03
1.713518053293228149e-03
1.652198377996683121e-03
1.589889521710574627e-03
1.526671228930354118e-03
1.462570042349398136e-03
1.397714600898325443e-03
1.331984065473079681e-03
1.265454338863492012e-03
1.198152429424226284e-03
1.130046206526458263e-03
1.061247894540429115e-03
9.916961425915360451e-04
9.215400204993784428e-04
8.507331367582082748e-04
7.794279954396188259e-04
7.075790199451148510e-04
6.353906355798244476e-04
5.627869977615773678e-04
4.899158375337719917e-04
4.167632141616195440e-04
3.433934762142598629e-04
2.698515600059181452e-04
1.961608650162816048e-04
1.223414437845349312e-04
4.837918822886422276e-05
-2.559123095124959946e-05
-9.956896246876567602e-05
-1.735373371047899127e-04
-2.474184148013591766e-04
-3.211916191503405571e-04
-3.947551012970507145e-04
-4.680078418459743261e-04
-5.409735022112727165e-04
-6.135613075457513332e-04
-6.857547559775412083e-04
-7.574870251119136810e-04
-8.287247037515044212e-04
-8.995133684948086739e-04
-9.696894558146595955e-04
-1.039285445585846901e-03
-1.108263968490064144e-03
-1.176593825221061707e-03
-1.244219136424362659e-03
-1.311116153374314308e-03
-1.377233653329312801e-03
-1.442470820620656013e-03
-1.506803440861403942e-03
-1.570173189975321293e-03
-1.632540603168308735e-03
-1.693880651146173477e-03
-1.754197175614535809e-03
-1.813348033465445042e-03
-1.871415413916110992e-03
-1.928309444338083267e-03
-1.984008122235536575e-03
-2.038539387285709381e-03
-2.091834787279367447e-03
-2.143876161426305771e-03
-2.194578992202877998e-03
-2.243848983198404312e-03
-2.291843527927994728e-03
-2.338381716981530190e-03
-2.383377635851502419e-03
-2.426907652989029884e-03
-2.468912862241268158e-03
-2.509350422769784927e-03
-2.548250835388898849e-03
-2.585531212389469147e-03
-2.621258841827511787e-03
-2.655361080542206764e-03
-2.687813714146614075e-03
-2.718594158068299294e-03
-2.747670514509081841e-03
-2.775008557364344597e-03
-2.800617134198546410e-03
-2.824467606842517853e-03
-2.846564399078488350e-03
-2.866870490834116936e-03
-2.885372377932071686e-03
-2.902039559558033943e-03
-2.916899509727954865e-03
-2.929945243522524834e-03
-2.941149985417723656e-03
-2.950494410470128059e-03
-2.958029974251985550e-03
-2.963679144158959389e-03
-2.967471955344080925e-03
-2.969416091218590736e-03
-2.969520166516304016e-03
-2.967726206406950951e-03
-2.964091952890157700e-03
-2.958563156425952911e-03
-2.951186150312423706e-03
-2.941890852525830269e-03
-2.930781338363885880e-03
-2.917834557592868805e-03
-2.903054002672433853e-03
-2.886523492634296417e-03
-2.868141513317823410e-03
-2.847948111593723297e-03
-2.825983101502060890e-03
-2.802237402647733688e-03
-2.776746405288577080e-03
-2.749475417658686638e-03
-2.720439340919256210e-03
-2.689712680876255035e-03
-2.657325938344001770e-03
-2.623284235596656799e-03
-2.587615512311458588e-03
-2.550352131947875023e-03
-2.511473838239908218e-03
-2.471030224114656448e-03
-2.429055515676736832e-03
-2.385524101555347443e-03
-2.340510720387101173e-03
-2.293998608365654945e-03
-2.246089046820998192e-03
-2.196760382503271103e-03
-2.146021462976932526e-03
-2.093981718644499779e-03
-2.040622523054480553e-03
-1.986025599762797356e-03
-1.930226222611963749e-03
-1.873238594271242619e-03
-1.815065508708357811e-03
-1.755770877934992313e-03
-1.695423503406345844e-03
-1.634011860005557537e-03
-1.571594155393540859e-03
-1.508144196122884750e-03
-1.443808549083769321e-03
-1.378526794724166393e-03
-1.312382519245147705e-03
-1.245432649739086628e-03
-1.177772646769881248e-03
-1.109292265027761459e-03
-1.040209550410509109e-03
-9.705077973194420338e-04
-9.002457954920828342e-04
-8.294073049910366535e-04
-7.580828969366848469e-04
-6.863431772217154503e-04
-6.140997284092009068e-04
-5.415037157945334911e-04
-4.685396852437406778e-04
-3.952473634853959084e-04
-3.217630437575280666e-04
-2.480029361322522163e-04
-1.740800798870623112e-04
-1.000576594378799200e-04
-2.601108826638665050e-05
4.804377385880798101e-05
1.220361737068742514e-04
1.958834473043680191e-04
2.695828443393111229e-04
3.430842189118266106e-04
4.163744742982089520e-04
4.894784651696681976e-04
5.622322205454111099e-04
6.347225280478596687e-04
7.068454287946224213e-04
7.785628549754619598e-04
8.498161332681775093e-04
9.205346577800810337e-04
9.906652849167585373e-04
1.060139620676636696e-03
1.128970761783421040e-03
1.197027508169412613e-03
1.264340244233608246e-03
1.330898259766399860e-03
1.396648818626999855e-03
1.461508567444980145e-03
1.525467028841376305e-03
1.588527113199234009e-03
1.650632475502789021e-03
1.711742137558758259e-03
1.771818264387547970e-03
1.830786932259798050e-03
1.888582948595285416e-03
1.945247291587293148e-03
2.000638050958514214e-03
2.054800977930426598e-03
2.107685897499322891e-03
2.159232040867209435e-03
2.209435915574431419e-03
2.258266787976026535e-03
2.305705333128571510e-03
2.351751551032066345e-03
2.396334428340196609e-03
2.439438831061124802e-03
2.481024013832211494e-03
2.521037124097347260e-03
2.559553366154432297e-03
2.596411854028701782e-03
2.631687559187412262e-03
2.665277803316712379e-03
2.697245450690388680e-03
2.727485494688153267e-03
2.755991648882627487e-03
2.782813040539622307e-03
2.807882614433765411e-03
2.831213874742388725e-03
2.852751873433589935e-03
2.872538054361939430e-03
2.890483243390917778e-03
2.906645415350794792e-03
2.921002684161067009e-03
2.933509647846221924e-03
2.944181440398097038e-03
2.952958690002560616e-03
2.959927311167120934e-03
2.965054940432310104e-03
2.968303393572568893e-03
2.969678491353988647e-03
2.969163702800869942e-03
2.966853324323892593e-03
2.962591825053095818e-03
2.956548472866415977e-03
2.948597772046923637e-03
2.938800724223256111e-03
2.927178284153342247e-03
2.913698786869645119e-03
2.898421604186296463e-03
2.881340682506561279e-03
2.862380119040608406e-03
2.841652836650609970e-03
2.819113899022340775e-03
2.794845728203654289e-03
2.768830861896276474e-03
2.741028787568211555e-03
2.711532870307564735e-03
2.680280478671193123e-03
2.647428540512919426e-03
2.612865995615720749e-03
2.576686907559633255e-03
2.538897329941391945e-03
2.499565016478300095e-03
2.458675531670451164e-03
2.416229108348488808e-03
2.372246235609054565e-03
2.326820977032184601e-03
2.279917476698756218e-03
2.231554128229618073e-03
2.181781455874443054e-03
2.130651846528053284e-03
2.078222110867500305e-03
2.024497836828231812e-03
1.969519536942243576e-03
1.913381041958928108e-03
1.856041955761611462e-03
1.797575503587722778e-03
1.737996004521846771e-03
1.677344436757266521e-03
1.615591230802237988e-03
1.552828936837613583e-03
1.489113550633192062e-03
1.424460555426776409e-03
1.358857378363609314e-03
1.292492728680372238e-03
1.225358806550502777e-03
1.157423364929854870e-03
1.088788849301636219e-03
1.019511604681611061e-03
9.495927952229976654e-04
8.791445870883762836e-04
8.081604028120636940e-04
7.366934441961348057e-04
6.647288100793957710e-04
5.923475255258381367e-04
5.196291604079306126e-04
4.466047394089400768e-04
3.733130288310348988e-04
2.997636911459267139e-04
2.260090113850310445e-04
1.521173835499212146e-04
7.807695510564371943e-05
