0.000000000000000000e+00 0.000000000000000000e+00 3.333333507180213928e-02 0.000000000000000000e+00 0.000000000000000000e+00
2.499537169933319092e-02 -5.041670985519886017e-03 3.333333507180213928e-02 -3.562503028661012650e-03 7.495833635330200195e-01
4.973880201578140259e-02 -7.907128892838954926e-03 3.315521031618118286e-02 -7.494040299206972122e-03 1.499175071716308594e+00
7.420551776885986328e-02 -8.375440724194049835e-03 3.278050944209098816e-02 -1.089981477707624435e-02 2.248775959014892578e+00
9.836795181035995483e-02 -6.646012887358665466e-03 3.223551809787750244e-02 -1.306586340069770813e-02 2.998386859893798828e+00
1.222082749009132385e-01 -3.272401867434382439e-03 3.158222511410713196e-02 -1.356619317084550858e-02 3.748008012771606445e+00
1.457274705171585083e-01 9.575772564858198166e-04 3.090391494333744049e-02 -1.231357082724571228e-02 4.497639179229736328e+00
1.689495742321014404e-01 5.173151381313800812e-03 3.028823621571063995e-02 -9.548597037792205811e-03 5.247279644012451172e+00
1.919208168983459473e-01 8.574808947741985321e-03 2.981080673635005951e-02 -5.773935001343488693e-03 5.996927738189697266e+00
2.147041559219360352e-01 1.056451816111803055e-02 2.952210977673530579e-02 -1.649442594498395920e-03 6.746581554412841797e+00
2.373705208301544189e-01 1.083351299166679382e-02 2.943963743746280670e-02 2.132470021024346352e-03 7.496239185333251953e+00
2.599884867668151855e-01 9.394643828272819519e-03 2.954626083374023438e-02 4.968571476638317108e-03 8.245898246765136719e+00
2.826144695281982422e-01 6.556356325745582581e-03 2.979468926787376404e-02 6.442201789468526840e-03 8.995556831359863281e+00
3.052848577499389648e-01 2.848822157829999924e-03 3.011680021882057190e-02 6.382102146744728088e-03 9.745214462280273438e+00
3.280114233493804932e-01 -1.082079019397497177e-03 3.043590486049652100e-02 4.875262267887592316e-03 1.049487018585205078e+01
3.507807552814483643e-01 -4.593034274876117706e-03 3.067966736853122711e-02 2.234763000160455704e-03 1.124452495574951172e+01
3.735573589801788330e-01 -7.151466328650712967e-03 3.079140558838844299e-02 -1.067592995241284370e-03 1.199417877197265625e+01
3.962898552417755127e-01 -8.419090881943702698e-03 3.073802590370178223e-02 -4.491634666919708252e-03 1.274383449554443359e+01
4.189189970493316650e-01 -8.295545354485511780e-03 3.051344491541385651e-02 -7.523974869400262833e-03 1.349349308013916016e+01
4.413859546184539795e-01 -6.918167229741811752e-03 3.013724647462368011e-02 -9.761643595993518829e-03 1.424315643310546875e+01
4.636397063732147217e-01 -4.621791653335094452e-03 2.964916452765464783e-02 -1.097113359719514847e-02 1.499282646179199219e+01
4.856423437595367432e-01 -1.868206774815917015e-03 2.910060808062553406e-02 -1.111455261707305908e-02 1.574250411987304688e+01
5.073713660240173340e-01 8.410192094743251801e-04 2.854488044977188110e-02 -1.034060493111610413e-02 1.649218940734863281e+01
5.288191437721252441e-01 3.051623702049255371e-03 2.802785113453865051e-02 -8.945018053054809570e-03 1.724188232421875000e+01
5.499898195266723633e-01 4.430457483977079391e-03 2.758060023188591003e-02 -7.308516185730695724e-03 1.799158287048339844e+01
5.708940625190734863e-01 4.812187515199184418e-03 2.721517533063888550e-02 -5.825675092637538910e-03 1.874129104614257812e+01
5.915434360504150391e-01 4.215381573885679245e-03 2.692389115691184998e-02 -4.836038686335086823e-03 1.949100685119628906e+01
6.119446158409118652e-01 2.825253643095493317e-03 2.668209001421928406e-02 -4.570068791508674622e-03 2.024073028564453125e+01
6.320950388908386230e-01 9.501127060502767563e-04 2.645358629524707794e-02 -5.117227323353290558e-03 2.099045944213867188e+01
6.519804000854492188e-01 -1.040140399709343910e-03 2.619772404432296753e-02 -6.420443300157785416e-03 2.174019622802734375e+01
6.715744733810424805e-01 -2.781442366540431976e-03 2.587670274078845978e-02 -8.295897394418716431e-03 2.248994064331054688e+01
6.908408403396606445e-01 -3.977878019213676453e-03 2.546190842986106873e-02 -1.047348324209451675e-02 2.323969268798828125e+01
7.097364068031311035e-01 -4.446309525519609451e-03 2.493823505938053131e-02 -1.264819502830505371e-02 2.398945426940917969e+01
7.282158732414245605e-01 -4.139712080359458923e-03 2.430582605302333832e-02 -1.453422289341688156e-02 2.473922729492187500e+01
7.462365031242370605e-01 -3.145874477922916412e-03 2.357911504805088043e-02 -1.591210626065731049e-02 2.548900985717773438e+01
7.637619376182556152e-01 -1.662402064539492130e-03 2.278351038694381714e-02 -1.666072569787502289e-02 2.623880577087402344e+01
7.807649970054626465e-01 4.438962787389755249e-05 2.195047400891780853e-02 -1.677063666284084320e-02 2.698861312866210938e+01
7.972287535667419434e-01 1.689174561761319637e-03 2.111194282770156860e-02 -1.633764989674091339e-02 2.773843193054199219e+01
8.131459951400756836e-01 3.018016228452324867e-03 2.029506117105484009e-02 -1.553848199546337128e-02 2.848826217651367188e+01
8.285171389579772949e-01 3.847879823297262192e-03 1.951813697814941406e-02 -1.459559239447116852e-02 2.923810386657714844e+01
8.433471918106079102e-01 4.093396011739969254e-03 1.878835819661617279e-02 -1.373579911887645721e-02 2.998795700073242188e+01
8.576422929763793945e-01 3.773731179535388947e-03 1.810156740248203278e-02 -1.315181795507669449e-02 3.073782157897949219e+01
8.714063763618469238e-01 3.001663368195295334e-03 1.744397729635238647e-02 -1.297221798449754715e-02 3.148769569396972656e+01
8.846387863159179688e-01 1.958199078217148781e-03 1.679536700248718262e-02 -1.324401050806045532e-02 3.223757934570312500e+01
8.973326086997985840e-01 8.562238654121756554e-04 1.613316684961318970e-02 -1.393101643770933151e-02 3.298747253417968750e+01
9.094747900962829590e-01 -9.745493298396468163e-05 1.543661579489707947e-02 -1.492591202259063721e-02 3.373737335205078125e+01
9.210469126701354980e-01 -7.370142848230898380e-04 1.469032000750303268e-02 -1.607384718954563141e-02 3.448728561401367188e+01
9.320273995399475098e-01 -9.624845115467905998e-04 1.388662774115800858e-02 -1.720212586224079132e-02 3.523720550537109375e+01
9.423938989639282227e-01 -7.521814550273120403e-04 1.302652154117822647e-02 -1.815104298293590546e-02 3.598713302612304688e+01
9.521259069442749023e-01 -1.605755533091723919e-04 1.211896911263465881e-02 -1.880008354783058167e-02 3.673706817626953125e+01
9.612069129943847656e-01 6.963723571971058846e-04 1.117896474897861481e-02 -1.908568851649761200e-02 3.748701477050781250e+01
9.696257710456848145e-01 1.666052034124732018e-03 1.022468041628599167e-02 -1.900751329958438873e-02 3.823696899414062500e+01
9.773774743080139160e-01 2.586216665804386139e-03 9.274304844439029694e-03 -1.862485334277153015e-02 3.898693084716796875e+01
9.844623804092407227e-01 3.314776113256812096e-03 8.343062363564968109e-03 -1.804160326719284058e-02 3.973689651489257812e+01
9.908853173255920410e-01 3.751730313524603844e-03 7.440982386469841003e-03 -1.738578826189041138e-02 4.048686981201171875e+01
9.966535568237304688e-01 3.852828638628125191e-03 6.571692880243062973e-03 -1.678644679486751556e-02 4.123684692382812500e+01
1.001774907112121582e+00 3.633629530668258667e-03 5.732370540499687195e-03 -1.635149121284484863e-02 4.198682785034179688e+01
1.006255865097045898e+00 3.162155393511056900e-03 4.914795979857444763e-03 -1.615123450756072998e-02 4.273681259155273438e+01
1.010100007057189941e+00 2.544216811656951904e-03 4.107234068214893341e-03 -1.620887219905853271e-02 4.348680114746093750e+01
1.013307690620422363e+00 1.901977462694048882e-03 3.296790411695837975e-03 -1.650040410459041595e-02 4.423679351806640625e+01
1.015875339508056641e+00 1.352286199107766151e-03 2.471770159900188446e-03 -1.696216687560081482e-02 4.498678970336914062e+01
1.017796754837036133e+00 9.878574637696146965e-04 1.623661722987890244e-03 -1.750419847667217255e-02 4.573678588867187500e+01
1.019063949584960938e+00 8.627026109024882317e-04 7.484517991542816162e-04 -1.802772469818592072e-02 4.648678588867187500e+01
1.019668459892272949e+00 9.859917918220162392e-04 -1.529344590380787849e-04 -1.844252832233905792e-02 4.723678588867187500e+01
1.019603013992309570e+00 1.323722186498343945e-03 -1.075060805305838585e-03 -1.868168264627456665e-02 4.798678588867187500e+01
1.018862962722778320e+00 1.807858003303408623e-03 -2.009144984185695648e-03 -1.871109940111637115e-02 4.873678588867187500e+01
1.017446517944335938e+00 2.350389957427978516e-03 -2.944699954241514206e-03 -1.853283680975437164e-02 4.948678588867187500e+01
1.015355467796325684e+00 2.858826424926519394e-03 -3.871341701596975327e-03 -1.818269118666648865e-02 5.023678207397460938e+01
1.012594938278198242e+00 3.253625240176916122e-03 -4.780476447194814682e-03 -1.772096566855907440e-02 5.098677825927734375e+01
1.009172320365905762e+00 3.479261649772524834e-03 -5.666524637490510941e-03 -1.722125336527824402e-02 5.173677062988281250e+01
1.005096435546875000e+00 3.513394156470894814e-03 -6.527587305754423141e-03 -1.675624400377273560e-02 5.248675918579101562e+01
1.000376462936401367e+00 3.366893390193581581e-03 -7.365399505943059921e-03 -1.638617552816867828e-02 5.323674392700195312e+01
9.950208067893981934e-01 3.080563154071569443e-03 -8.184708654880523682e-03 -1.614907756447792053e-02 5.398672485351562500e+01
9.890363812446594238e-01 2.715690992772579193e-03 -8.992162533104419708e-03 -1.605607196688652039e-02 5.473670196533203125e+01
9.824281334877014160e-01 2.342138905078172684e-03 -9.794966317713260651e-03 -1.609147712588310242e-02 5.548667144775390625e+01
9.751991033554077148e-01 2.025964669883251190e-03 -1.059954054653644562e-02 -1.621738076210021973e-02 5.623663711547851562e+01
9.673509001731872559e-01 1.818557619117200375e-03 -1.141040958464145660e-02 -1.638163998723030090e-02 5.698659515380859375e+01
9.588841795921325684e-01 1.748711452819406986e-03 -1.222949195653200150e-02 -1.652793213725090027e-02 5.773654556274414062e+01
9.497997164726257324e-01 1.820117817260324955e-03 -1.305588893592357635e-02 -1.660516671836376190e-02 5.848649215698242188e+01
9.400990605354309082e-01 2.011398784816265106e-03 -1.388614717870950699e-02 -1.657640933990478516e-02 5.923643112182617188e+01
9.297853708267211914e-01 2.282767556607723236e-03 -1.471496745944023132e-02 -1.642348431050777435e-02 5.998635864257812500e+01
9.188636541366577148e-01 2.583059482276439667e-03 -1.553614158183336258e-02 -1.614923030138015747e-02 6.073627853393554688e+01
9.073411822319030762e-01 2.860017586499452591e-03 -1.634360291063785553e-02 -1.577511429786682129e-02 6.148619079589843750e+01
8.952270150184631348e-01 3.068593563511967659e-03 -1.713235862553119659e-02 -1.533658243715763092e-02 6.223609161376953125e+01
8.825317621231079102e-01 3.178852377459406853e-03 -1.789918728172779083e-02 -1.487560570240020752e-02 6.298598480224609375e+01
8.692669868469238281e-01 3.178651211783289909e-03 -1.864296756684780121e-02 -1.443383935838937759e-02 6.373586654663085938e+01
8.554444909095764160e-01 3.075909102335572243e-03 -1.936465874314308167e-02 -1.404484268277883530e-02 6.448574066162109375e+01
8.410756587982177734e-01 2.894827863201498985e-03 -2.006690017879009247e-02 -1.372942700982093811e-02 6.523560333251953125e+01
8.261712193489074707e-01 2.670871559530496597e-03 -2.075337246060371399e-02 -1.349298655986785889e-02 6.598545837402343750e+01
8.107408285140991211e-01 2.444387413561344147e-03 -2.142802253365516663e-02 -1.332540716975927353e-02 6.673529815673828125e+01
7.947932481765747070e-01 2.252600621432065964e-03 -2.209429256618022919e-02 -1.320434454828500748e-02 6.748513031005859375e+01
7.783364653587341309e-01 2.123605692759156227e-03 -2.275450900197029114e-02 -1.309999730437994003e-02 6.823494720458984375e+01
7.613782286643981934e-01 2.073186915367841721e-03 -2.340950816869735718e-02 -1.298019476234912872e-02 6.898475646972656250e+01
7.439263463020324707e-01 2.102072816342115402e-03 -2.405851706862449646e-02 -1.281648967415094376e-02 6.973455047607421875e+01
7.259892821311950684e-01 2.197545254603028297e-03 -2.469934150576591492e-02 -1.258841995149850845e-02 7.048433685302734375e+01
7.075765132904052734e-01 2.335597760975360870e-03 -2.532876282930374146e-02 -1.228699553757905960e-02 7.123410797119140625e+01
6.886987090110778809e-01 2.487168647348880768e-03 -2.594311349093914032e-02 -1.191471889615058899e-02 7.198387145996093750e+01
6.693678498268127441e-01 2.622784115374088287e-03 -2.653884887695312500e-02 -1.148457638919353485e-02 7.273361968994140625e+01
6.495971679687500000e-01 2.716865623369812965e-03 -2.711307816207408905e-02 -1.101759728044271469e-02 7.348336029052734375e+01
6.294006705284118652e-01 2.753160428255796432e-03 -2.766395732760429382e-02 -1.053803320974111557e-02 7.423308563232421875e+01
6.087929606437683105e-01 2.725880127400159836e-03 -2.819085866212844849e-02 -1.006945967674255371e-02 7.498280334472656250e+01
5.877888798713684082e-01 2.640159800648689270e-03 -2.869433164596557617e-02 -9.630790911614894867e-03 7.573250579833984375e+01
5.664030313491821289e-01 2.510352060198783875e-03 -2.917587198317050934e-02 -9.233490563929080963e-03 7.648220062255859375e+01
5.446497201919555664e-01 2.357314107939600945e-03 -2.963754720985889435e-02 -8.879957720637321472e-03 7.723188781738281250e+01
5.225426554679870605e-01 2.203615382313728333e-03 -3.008154593408107758e-02 -8.564255200326442719e-03 7.798155975341796875e+01
5.000950098037719727e-01 2.070516813546419144e-03 -3.050975874066352844e-02 -8.273277431726455688e-03 7.873122406005859375e+01
4.773197174072265625e-01 1.973964739590883255e-03 -3.092342242598533630e-02 -7.989713922142982483e-03 7.948088073730468750e+01
4.542295038700103760e-01 1.921842689625918865e-03 -3.132290765643119812e-02 -7.695653941482305527e-03 8.023052215576171875e+01
4.308372139930725098e-01 1.913978951051831245e-03 -3.170768916606903076e-02 -7.375344634056091309e-03 8.098015594482421875e+01
4.071560800075531006e-01 1.942643546499311924e-03 -3.207645565271377563e-02 -7.017738651484251022e-03 8.172978210449218750e+01
3.831999301910400391e-01 1.994305057451128960e-03 -3.242734074592590332e-02 -6.618074607104063034e-03 8.247940063476562500e+01
3.589833378791809082e-01 2.051824936643242836e-03 -3.275824338197708130e-02 -6.178622599691152573e-03 8.322901153564453125e+01
3.345215916633605957e-01 2.098583383485674858e-03 -3.306717425584793091e-02 -5.707335192710161209e-03 8.397861480712890625e+01
3.098306059837341309e-01 2.120414981618523598e-03 -3.335254266858100891e-02 -5.216547753661870956e-03 8.472821044921875000e+01
2.849268019199371338e-01 2.108302898705005646e-03 -3.361336886882781982e-02 -4.720418248325586319e-03 8.547779846191406250e+01
2.598268687725067139e-01 2.059500198811292648e-03 -3.384938836097717285e-02 -4.232430830597877502e-03 8.622737884521484375e+01
2.345475852489471436e-01 1.977566163986921310e-03 -3.406101092696189880e-02 -3.763164859265089035e-03 8.697695159912109375e+01
2.091055810451507568e-01 1.871178741566836834e-03 -3.424916788935661316e-02 -3.318815724924206734e-03 8.772651672363281250e+01
1.835172325372695923e-01 1.752227195538580418e-03 -3.441510722041130066e-02 -2.900574356317520142e-03 8.847608184814453125e+01
1.577985584735870361e-01 1.633698353543877602e-03 -3.456013649702072144e-02 -2.504782285541296005e-03 8.922563934326171875e+01
1.319652497768402100e-01 1.527534797787666321e-03 -3.468537703156471252e-02 -2.123851794749498367e-03 8.997519683837890625e+01
1.060327589511871338e-01 1.442386186681687832e-03 -3.479157015681266785e-02 -1.748041366226971149e-03 9.072474670410156250e+01
8.001641929149627686e-02 1.382403192110359669e-03 -3.487897291779518127e-02 -1.367356162518262863e-03 9.147429656982421875e+01
5.393157154321670532e-02 1.347238081507384777e-03 -3.494733944535255432e-02 -9.730975143611431122e-04 9.222384643554687500e+01
2.779372222721576691e-02 1.332286978140473366e-03 -3.499599546194076538e-02 -5.593089736066758633e-04 9.297338867187500000e+01
1.618655398488044739e-03 1.329528517089784145e-03 -3.502396121621131897e-02 -1.237827236764132977e-04 9.372293090820312500e+01
-2.457751147449016571e-02 1.329477294348180294e-03 -3.503014892339706421e-02 3.319698153063654900e-04 9.447247314453125000e+01
-5.077831819653511047e-02 1.322770141996443272e-03 -3.501354902982711792e-02 8.031660690903663635e-04 9.522201538085937500e+01
-7.696701586246490479e-02 1.300978823564946651e-03 -3.497339040040969849e-02 1.282224082387983799e-03 9.597155761718750000e+01
-1.031267046928405762e-01 1.259504235349595547e-03 -3.490927815437316895e-02 1.761008519679307938e-03 9.672109985351562500e+01
-1.292404085397720337e-01 1.197287463583052158e-03 -3.482122719287872314e-02 2.231930615380406380e-03 9.747064208984375000e+01
-1.552912294864654541e-01 1.116424798965454102e-03 -3.470963239669799805e-02 2.688928041607141495e-03 9.822019195556640625e+01
-1.812624335289001465e-01 1.022078096866607666e-03 -3.457518666982650757e-02 3.128564450889825821e-03 9.896974182128906250e+01
-2.071375846862792969e-01 9.211284923367202282e-04 -3.441875800490379333e-02 3.550257300958037376e-03 9.971929168701171875e+01
-2.329005300998687744e-01 8.210156229324638844e-04 -3.424124419689178467e-02 3.956180997192859650e-03 1.004688491821289062e+02
-2.585354149341583252e-01 7.285822066478431225e-04 -3.404343500733375549e-02 4.350765142589807510e-03 1.012184143066406250e+02
-2.840266525745391846e-01 6.484694895334541798e-04 -3.382589668035507202e-02 4.739454016089439392e-03 1.019679794311523438e+02
-3.093588352203369141e-01 5.829610163345932961e-04 -3.358892351388931274e-02 5.127877462655305862e-03 1.027175521850585938e+02
-3.345166444778442383e-01 5.313329747878015041e-04 -3.333253040909767151e-02 5.520581267774105072e-03 1.034671325683593750e+02
-3.594848513603210449e-01 4.911769647151231766e-04 -3.305650129914283752e-02 5.920871626585721970e-03 1.042167205810546875e+02
-3.842481672763824463e-01 4.577741492539644241e-04 -3.276045620441436768e-02 6.329732947051525116e-03 1.049663085937500000e+02
-4.087912440299987793e-01 4.256505926605314016e-04 -3.244397044181823730e-02 6.746023893356323242e-03 1.057159042358398438e+02
-4.330986738204956055e-01 3.893677494488656521e-04 -3.210666775703430176e-02 7.166676688939332962e-03 1.064655075073242188e+02
-4.571550786495208740e-01 3.445867914706468582e-04 -3.174833208322525024e-02 7.587381172925233841e-03 1.072151184082031250e+02
-4.809451103210449219e-01 2.886027505155652761e-04 -3.136896342039108276e-02 8.003285154700279236e-03 1.079647445678710938e+02
-5.044535398483276367e-01 2.211526443716138601e-04 -3.096879832446575165e-02 8.410109207034111023e-03 1.087143783569335938e+02
-5.276653766632080078e-01 1.435608137398958206e-04 -3.054829314351081848e-02 8.804413489997386932e-03 1.094640197753906250e+02
-5.505658388137817383e-01 5.901609256397932768e-05 -3.010807186365127563e-02 9.184385649859905243e-03 1.102136688232421875e+02
-5.731405019760131836e-01 -2.871821925509721041e-05 -2.964885346591472626e-02 9.549641050398349762e-03 1.109633255004882812e+02
-5.953752994537353516e-01 -1.153163175331428647e-04 -2.917137183248996735e-02 9.901483543217182159e-03 1.117129974365234375e+02
-6.172564625740051270e-01 -1.970484445337206125e-04 -2.867629751563072205e-02 1.024235412478446960e-02 1.124626770019531250e+02
-6.387705802917480469e-01 -2.713724679779261351e-04 -2.816417999565601349e-02 1.057525351643562317e-02 1.132123718261718750e+02
-6.599044799804687500e-01 -3.368288162164390087e-04 -2.763541787862777710e-02 1.090343296527862549e-02 1.139620742797851562e+02
-6.806452274322509766e-01 -3.938876034226268530e-04 -2.709024585783481598e-02 1.122943311929702759e-02 1.147117843627929688e+02
-7.009801268577575684e-01 -4.445269587449729443e-04 -2.652877382934093475e-02 1.155467517673969269e-02 1.154615097045898438e+02
-7.208966016769409180e-01 -4.910156130790710449e-04 -2.595104090869426727e-02 1.187975425273180008e-02 1.162112426757812500e+02
-7.403822541236877441e-01 -5.365945398807525635e-04 -2.535705268383026123e-02 1.220381725579500198e-02 1.169609909057617188e+02
-7.594248056411743164e-01 -5.841843667440116405e-04 -2.474686130881309509e-02 1.252507604658603668e-02 1.177107467651367188e+02
-7.780122756958007812e-01 -6.363041466102004051e-04 -2.412060834467411041e-02 1.284093316644430161e-02 1.184605178833007812e+02
-7.961328029632568359e-01 -6.942637264728546143e-04 -2.347856201231479645e-02 1.314865797758102417e-02 1.192102966308593750e+02
-8.137748241424560547e-01 -7.583551341667771339e-04 -2.282112836837768555e-02 1.344566140323877335e-02 1.199600906372070312e+02
-8.309270739555358887e-01 -8.275114232674241066e-04 -2.214884571731090546e-02 1.373010035604238510e-02 1.207098922729492188e+02
-8.475787043571472168e-01 -9.002194274216890335e-04 -2.146233990788459778e-02 1.400073431432247162e-02 1.214597091674804688e+02
-8.637192249298095703e-01 -9.739109082147479057e-04 -2.076230384409427643e-02 1.425753347575664520e-02 1.222095336914062500e+02
-8.793385028839111328e-01 -1.046115998178720474e-03 -2.004942670464515686e-02 1.450129412114620209e-02 1.229593734741210938e+02
-8.944268822669982910e-01 -1.114938524551689625e-03 -1.932436227798461914e-02 1.473329123109579086e-02 1.237092208862304688e+02
-9.089750051498413086e-01 -1.178762409836053848e-03 -1.858769729733467102e-02 1.495531853288412094e-02 1.244590835571289062e+02
-9.229739308357238770e-01 -1.236854586750268936e-03 -1.783993095159530640e-02 1.516918744891881943e-02 1.252089538574218750e+02
-9.364150166511535645e-01 -1.289431122131645679e-03 -1.708147116005420685e-02 1.537636853754520416e-02 1.259588317871093750e+02
-9.492899775505065918e-01 -1.337619265541434288e-03 -1.631265319883823395e-02 1.557768508791923523e-02 1.267087249755859375e+02
-9.615908265113830566e-01 -1.383079681545495987e-03 -1.553376857191324234e-02 1.577322371304035187e-02 1.274586257934570312e+02
-9.733098149299621582e-01 -1.427330891601741314e-03 -1.474510692059993744e-02 1.596260070800781250e-02 1.282085266113281250e+02
-9.844396114349365234e-01 -1.472041127271950245e-03 -1.394697651267051697e-02 1.614478603005409241e-02 1.289584503173828125e+02
-9.949731230735778809e-01 -1.519095269031822681e-03 -1.313973683863878250e-02 1.631796918809413910e-02 1.297083740234375000e+02
-1.004903554916381836e+00 -1.568728825077414513e-03 -1.232383865863084793e-02 1.648077182471752167e-02 1.304583129882812500e+02
-1.014224648475646973e+00 -1.621163799427449703e-03 -1.149979978799819946e-02 1.663167774677276611e-02 1.312082519531250000e+02
-1.022930383682250977e+00 -1.675924868322908878e-03 -1.066821627318859100e-02 1.676952466368675232e-02 1.319582061767578125e+02
-1.031015157699584961e+00 -1.731811673380434513e-03 -9.829740040004253387e-03 1.689376868307590485e-02 1.327081604003906250e+02
-1.038473963737487793e+00 -1.787191838957369328e-03 -8.985051885247230530e-03 1.700456812977790833e-02 1.334581298828125000e+02
-1.045302033424377441e+00 -1.840925426222383976e-03 -8.134823292493820190e-03 1.710230298340320587e-02 1.342080993652343750e+02
-1.051495075225830078e+00 -1.891452237032353878e-03 -7.279708050191402435e-03 1.718806289136409760e-02 1.349580688476562500e+02
-1.057049393653869629e+00 -1.938513130880892277e-03 -6.420304998755455017e-03 1.726260781288146973e-02 1.357080535888671875e+02
-1.061961531639099121e+00 -1.981307752430438995e-03 -5.557174794375896454e-03 1.732719875872135162e-02 1.364580383300781250e+02
-1.066228508949279785e+00 -2.020128304138779640e-03 -4.690814763307571411e-03 1.738266646862030029e-02 1.372080230712890625e+02
-1.069847583770751953e+00 -2.055742079392075539e-03 -3.821681486442685127e-03 1.742943190038204193e-02 1.379580078125000000e+02
-1.072816610336303711e+00 -2.089217538014054298e-03 -2.950209891423583031e-03 1.746746711432933807e-02 1.387080078125000000e+02
-1.075133681297302246e+00 -2.121415920555591583e-03 -2.076836535707116127e-03 1.749650947749614716e-02 1.394580078125000000e+02
-1.076797366142272949e+00 -2.153218025341629982e-03 -1.202011015266180038e-03 1.751597784459590912e-02 1.402080078125000000e+02
-1.077806591987609863e+00 -2.185550518333911896e-03 -3.262120881117880344e-04 1.752492599189281464e-02 1.409580078125000000e+02
-1.078160524368286133e+00 -2.218376379460096359e-03 5.500342231243848801e-04 1.752272248268127441e-02 1.417080078125000000e+02
-1.077858924865722656e+00 -2.251905389130115509e-03 1.426170347258448601e-03 1.750854961574077606e-02 1.424580078125000000e+02
-1.076901912689208984e+00 -2.285701222717761993e-03 2.301597967743873596e-03 1.748193614184856415e-02 1.432080078125000000e+02
-1.075289964675903320e+00 -2.319231862202286720e-03 3.175694728270173073e-03 1.744260266423225403e-02 1.439580078125000000e+02
-1.073024153709411621e+00 -2.351649338379502296e-03 4.047825001180171967e-03 1.739067398011684418e-02 1.447080078125000000e+02
-1.070105910301208496e+00 -2.382067032158374786e-03 4.917358513921499252e-03 1.732659712433815002e-02 1.454580078125000000e+02
-1.066537022590637207e+00 -2.410008106380701065e-03 5.783688277006149292e-03 1.725085638463497162e-02 1.462079925537109375e+02
-1.062319755554199219e+00 -2.434955677017569542e-03 6.646231282502412796e-03 1.716415211558341980e-02 1.469579772949218750e+02
-1.057456851005554199e+00 -2.456829184666275978e-03 7.504438981413841248e-03 1.706708781421184540e-02 1.477079620361328125e+02
-1.051951408386230469e+00 -2.475704532116651535e-03 8.357793092727661133e-03 1.696020923554897308e-02 1.484579467773437500e+02
-1.045806884765625000e+00 -2.491876715794205666e-03 9.205803275108337402e-03 1.684390939772129059e-02 1.492079162597656250e+02
-1.039027214050292969e+00 -2.505922457203269005e-03 1.004799827933311462e-02 1.671829260885715485e-02 1.499578857421875000e+02
-1.031616687774658203e+00 -2.518382854759693146e-03 1.088391244411468506e-02 1.658329926431179047e-02 1.507078552246093750e+02
-1.023579835891723633e+00 -2.529941033571958542e-03 1.171307731419801712e-02 1.643857732415199280e-02 1.514578094482421875e+02
-1.014921665191650391e+00 -2.540567889809608459e-03 1.253500580787658691e-02 1.628402434289455414e-02 1.522077636718750000e+02
-1.005647659301757812e+00 -2.550832461565732956e-03 1.334920711815357208e-02 1.611911877989768982e-02 1.529577026367187500e+02
-9.957635998725891113e-01 -2.560642547905445099e-03 1.415516342967748642e-02 1.594359241425991058e-02 1.537076416015625000e+02
-9.852756261825561523e-01 -2.569765085354447365e-03 1.495234295725822449e-02 1.575729437172412872e-02 1.544575653076171875e+02
-9.741902351379394531e-01 -2.578053856268525124e-03 1.574020832777023315e-02 1.556008029729127884e-02 1.552074890136718750e+02
-9.625144600868225098e-01 -2.584754955023527145e-03 1.651821285486221313e-02 1.535229105502367020e-02 1.559573974609375000e+02
-9.502555727958679199e-01 -2.589618787169456482e-03 1.728582754731178284e-02 1.513417810201644897e-02 1.567072906494140625e+02
-9.374213218688964844e-01 -2.592377830296754837e-03 1.804253645241260529e-02 1.490611117333173752e-02 1.574571838378906250e+02
-9.240197539329528809e-01 -2.592682605609297752e-03 1.878784224390983582e-02 1.466862205415964127e-02 1.582070617675781250e+02
-9.100593328475952148e-01 -2.590457908809185028e-03 1.952127367258071899e-02 1.442219782620668411e-02 1.589569244384765625e+02
-8.955488204956054688e-01 -2.585770795121788979e-03 2.024238370358943939e-02 1.416727062314748764e-02 1.597067871093750000e+02
-8.804973363876342773e-01 -2.578820800408720970e-03 2.095074765384197235e-02 1.390417758375406265e-02 1.604566345214843750e+02
-8.649143576622009277e-01 -2.569891279563307762e-03 2.164595574140548706e-02 1.363314036279916763e-02 1.612064666748046875e+02
-8.488095998764038086e-01 -2.559626707807183266e-03 2.232761308550834656e-02 1.335403975099325180e-02 1.619562988281250000e+02
-8.321932554244995117e-01 -2.547958400100469589e-03 2.299531549215316772e-02 1.306703034788370132e-02 1.627061157226562500e+02
-8.150756359100341797e-01 -2.535002538934350014e-03 2.364866621792316437e-02 1.277216989547014236e-02 1.634559173583984375e+02
-7.974675297737121582e-01 -2.521157031878829002e-03 2.428727410733699799e-02 1.246927771717309952e-02 1.642057037353515625e+02
-7.793799042701721191e-01 -2.506193937733769417e-03 2.491073869168758392e-02 1.215846650302410126e-02 1.649554901123046875e+02
-7.608240246772766113e-01 -2.490147715434432030e-03 2.551866136491298676e-02 1.183975394815206528e-02 1.657052612304687500e+02
-7.418115735054016113e-01 -2.472984604537487030e-03 2.611064910888671875e-02 1.151319313794374466e-02 1.664550170898437500e+02
-7.223544120788574219e-01 -2.454472240060567856e-03 2.668630890548229218e-02 1.117898896336555481e-02 1.672047576904296875e+02
-7.024647593498229980e-01 -2.434603869915008545e-03 2.724525891244411469e-02 1.083727926015853882e-02 1.679544982910156250e+02
-6.821550130844116211e-01 -2.412728965282440186e-03 2.778712287545204163e-02 1.048866473138332367e-02 1.687042236328125000e+02
-6.614379286766052246e-01 -2.388930413872003555e-03 2.831155620515346527e-02 1.013348065316677094e-02 1.694539337158203125e+02
-6.403264999389648438e-01 -2.363246865570545197e-03 2.881823107600212097e-02 9.772080928087234497e-03 1.702036437988281250e+02
-6.188339591026306152e-01 -2.335639437660574913e-03 2.930683456361293793e-02 9.404875338077545166e-03 1.709533386230468750e+02
-5.969737172126770020e-01 -2.306287176907062531e-03 2.977707795798778534e-02 9.032151661813259125e-03 1.717030181884765625e+02
-5.747594833374023438e-01 -2.274978440254926682e-03 3.022868558764457703e-02 8.654425852000713348e-03 1.724526824951171875e+02
-5.522051453590393066e-01 -2.242479007691144943e-03 3.066140599548816681e-02 8.271617814898490906e-03 1.732023468017578125e+02
-5.293247699737548828e-01 -2.208813093602657318e-03 3.107498772442340851e-02 7.883902639150619507e-03 1.739519958496093750e+02
-5.061326622962951660e-01 -2.174015622586011887e-03 3.146918118000030518e-02 7.491449359804391861e-03 1.747016296386718750e+02
-4.826433062553405762e-01 -2.138358540832996368e-03 3.184375539422035217e-02 7.094253320246934891e-03 1.754512634277343750e+02
-4.588713943958282471e-01 -2.101523568853735924e-03 3.219846636056900024e-02 6.692631635814905167e-03 1.762008819580078125e+02
-4.348317384719848633e-01 -2.063833642750978470e-03 3.253309801220893860e-02 6.286573596298694611e-03 1.769505004882812500e+02
-4.105393588542938232e-01 -2.024841029196977615e-03 3.284742683172225952e-02 5.876500159502029419e-03 1.777001037597656250e+02
-3.860093951225280762e-01 -1.984822563827037811e-03 3.314125165343284607e-02 5.462495610117912292e-03 1.784497070312500000e+02
-3.612571954727172852e-01 -1.943360432051122189e-03 3.341437503695487976e-02 5.045040510594844818e-03 1.791992950439453125e+02
-3.362981975078582764e-01 -1.900788978673517704e-03 3.366662561893463135e-02 4.624251276254653931e-03 1.799488830566406250e+02
-3.111479878425598145e-01 -1.856536255218088627e-03 3.389783948659896851e-02 4.200774244964122772e-03 1.806984558105468750e+02
-2.858222424983978271e-01 -1.811101450584828854e-03 3.410787880420684814e-02 3.774723969399929047e-03 1.814480285644531250e+02
-2.603367865085601807e-01 -1.764225540682673454e-03 3.429661318659782410e-02 3.346583340317010880e-03 1.821976013183593750e+02
-2.347075343132019043e-01 -1.716195605695247650e-03 3.446394205093383789e-02 2.916560508310794830e-03 1.829471588134765625e+02
-2.089504599571228027e-01 -1.667051576077938080e-03 3.460976853966712952e-02 2.484948374330997467e-03 1.836967163085937500e+02
-1.830816268920898438e-01 -1.616850495338439941e-03 3.473401442170143127e-02 2.052024938166141510e-03 1.844462738037109375e+02
-1.571171432733535767e-01 -1.565735088661313057e-03 3.483661636710166931e-02 1.618001377210021019e-03 1.851958312988281250e+02
-1.310732066631317139e-01 -1.513853669166564941e-03 3.491751477122306824e-02 1.183043001219630241e-03 1.859453735351562500e+02
-1.049660444259643555e-01 -1.461463398300111294e-03 3.497666865587234497e-02 7.471950957551598549e-04 1.866949157714843750e+02
-7.881192117929458618e-02 -1.408181386068463326e-03 3.501402959227561951e-02 3.108668315690010786e-04 1.874444580078125000e+02
-5.262713134288787842e-02 -1.354116015136241913e-03 3.502957150340080261e-02 -1.257286348845809698e-04 1.881940002441406250e+02
-2.642798610031604767e-02 -1.299413735978305340e-03 3.502328321337699890e-02 -5.624340847134590149e-04 1.889435424804687500e+02
-2.308227121829986572e-04 -1.243950449861586094e-03 3.499516099691390991e-02 -9.989450918510556221e-04 1.896930847167968750e+02
2.594803273677825928e-02 -1.187807181850075722e-03 3.494521230459213257e-02 -1.435045851394534111e-03 1.904426269531250000e+02
5.209225416183471680e-02 -1.130772870965301991e-03 3.487345948815345764e-02 -1.870333333499729633e-03 1.911921691894531250e+02
7.818554341793060303e-02 -1.072632265277206898e-03 3.477994352579116821e-02 -2.304310677573084831e-03 1.919417114257812500e+02
1.042116433382034302e-01 -1.013743807561695576e-03 3.466472774744033813e-02 -2.736790338531136513e-03 1.926912536621093750e+02
1.301543265581130981e-01 -9.540611063130199909e-04 3.452788665890693665e-02 -3.167414804920554161e-03 1.934408111572265625e+02
1.559974253177642822e-01 -8.937616948969662189e-04 3.436951711773872375e-02 -3.595953574404120445e-03 1.941903686523437500e+02
1.817248314619064331e-01 -8.328373660333454609e-04 3.418971970677375793e-02 -4.022096749395132065e-03 1.949399261474609375e+02
2.073205113410949707e-01 -7.713799714110791683e-04 3.398861363530158997e-02 -4.445587750524282455e-03 1.956894836425781250e+02
2.327685207128524780e-01 -7.098136120475828648e-04 3.376633301377296448e-02 -4.866426810622215271e-03 1.964390563964843750e+02
2.580530047416687012e-01 -6.476899143308401108e-04 3.352301195263862610e-02 -5.284144543111324310e-03 1.971886291503906250e+02
2.831581830978393555e-01 -5.852622562088072300e-04 3.325880318880081177e-02 -5.698591936379671097e-03 1.979382019042968750e+02
3.080684542655944824e-01 -5.226218490861356258e-04 3.297387436032295227e-02 -6.109586916863918304e-03 1.986877899169921875e+02
3.327682614326477051e-01 -4.598242521751672029e-04 3.266839683055877686e-02 -6.516945082694292068e-03 1.994373779296875000e+02
3.572422266006469727e-01 -3.968072414863854647e-04 3.234254941344261169e-02 -6.920411251485347748e-03 2.001869812011718750e+02
3.814750909805297852e-01 -3.336352529004216194e-04 3.199652954936027527e-02 -7.319785654544830322e-03 2.009365844726562500e+02
4.054517149925231934e-01 -2.702825877349823713e-04 3.163053840398788452e-02 -7.714821491390466690e-03 2.016862030029296875e+02
4.291571676731109619e-01 -2.065126900561153889e-04 3.124479763209819794e-02 -8.105099201202392578e-03 2.024358215332031250e+02
4.525766372680664062e-01 -1.424205547664314508e-04 3.083954192698001862e-02 -8.490336127579212189e-03 2.031854553222656250e+02
4.756955206394195557e-01 -7.802965410519391298e-05 3.041502460837364197e-02 -8.870218880474567413e-03 2.039351043701171875e+02
4.984993636608123779e-01 -1.342641189694404602e-05 2.997151389718055725e-02 -9.244472719728946686e-03 2.046847534179687500e+02
5.209739804267883301e-01 5.123792652739211917e-05 2.950929105281829834e-02 -9.612884372472763062e-03 2.054344177246093750e+02
5.431053042411804199e-01 1.157137594418600202e-04 2.902864664793014526e-02 -9.975356049835681915e-03 2.061840972900390625e+02
5.648795366287231445e-01 1.803780905902385712e-04 2.852987870573997498e-02 -1.033142954111099243e-02 2.069337768554687500e+02
5.862830877304077148e-01 2.447436563670635223e-04 2.801330760121345520e-02 -1.068110484629869461e-02 2.076834716796875000e+02
6.073025465011596680e-01 3.089259262196719646e-04 2.747925184667110443e-02 -1.102412398904561996e-02 2.084331817626953125e+02
6.279248595237731934e-01 3.728817100636661053e-04 2.692804485559463501e-02 -1.136029139161109924e-02 2.091828918457031250e+02
6.481370925903320312e-01 4.363278858363628387e-04 2.636003121733665466e-02 -1.168958842754364014e-02 2.099326171875000000e+02
6.679266095161437988e-01 4.993829061277210712e-04 2.577555179595947266e-02 -1.201180461794137955e-02 2.106823577880859375e+02
6.872810721397399902e-01 5.620229057967662811e-04 2.517496235668659210e-02 -1.232678536325693130e-02 2.114321136474609375e+02
7.061883807182312012e-01 6.244662217795848846e-04 2.455862239003181458e-02 -1.263420470058917999e-02 2.121818695068359375e+02
7.246367335319519043e-01 6.869542412459850311e-04 2.392691187560558319e-02 -1.293362583965063095e-02 2.129316406250000000e+02
7.426145672798156738e-01 7.486524991691112518e-04 2.328023128211498260e-02 -1.322527695447206497e-02 2.136814270019531250e+02
7.601106166839599609e-01 8.100311388261616230e-04 2.261896803975105286e-02 -1.350875571370124817e-02 2.144312286376953125e+02
7.771139144897460938e-01 8.713829447515308857e-04 2.194353006780147552e-02 -1.378360576927661896e-02 2.151810302734375000e+02
7.936137914657592773e-01 9.322012774646282196e-04 2.125434949994087219e-02 -1.404981780797243118e-02 2.159308471679687500e+02
8.095999360084533691e-01 9.924600599333643913e-04 2.055185846984386444e-02 -1.430721115320920944e-02 2.166806793212890625e+02
8.250623345375061035e-01 1.052186125889420509e-03 1.983649842441082001e-02 -1.455557439476251602e-02 2.174305267333984375e+02
8.399913311004638672e-01 1.111107529141008854e-03 1.910872012376785278e-02 -1.479488704353570938e-02 2.181803741455078125e+02
8.543775677680969238e-01 1.169407623820006847e-03 1.836897619068622589e-02 -1.502489671111106873e-02 2.189302368164062500e+02
8.682119846343994141e-01 1.226713065989315510e-03 1.761773228645324707e-02 -1.524566952139139175e-02 2.196801147460937500e+02
8.814859390258789062e-01 1.283185440115630627e-03 1.685544848442077637e-02 -1.545703131705522537e-02 2.204299926757812500e+02
8.941910862922668457e-01 1.338868867605924606e-03 1.608259603381156921e-02 -1.565882004797458649e-02 2.211798858642578125e+02
9.063194394111633301e-01 1.393754268065094948e-03 1.529965549707412720e-02 -1.585089229047298431e-02 2.219297943115234375e+02
9.178634285926818848e-01 1.447861082851886749e-03 1.450711116194725037e-02 -1.603307947516441345e-02 2.226797027587890625e+02
9.288157820701599121e-01 1.501209451816976070e-03 1.370545756071805954e-02 -1.620519720017910004e-02 2.234296264648437500e+02
9.391695857048034668e-01 1.553636975586414337e-03 1.289519760757684708e-02 -1.636717468500137329e-02 2.241795501708984375e+02
9.489184021949768066e-01 1.605121186003088951e-03 1.207683887332677841e-02 -1.651889830827713013e-02 2.249294891357421875e+02
9.580560326576232910e-01 1.655548228882253170e-03 1.125089358538389206e-02 -1.666031777858734131e-02 2.256794281005859375e+02
9.665768146514892578e-01 1.704969443380832672e-03 1.041787769645452499e-02 -1.679130271077156067e-02 2.264293823242187500e+02
9.744753241539001465e-01 1.753371441736817360e-03 9.578312747180461884e-03 -1.691174507141113281e-02 2.271793365478515625e+02
9.817466139793395996e-01 1.800788450054824352e-03 8.732725866138935089e-03 -1.702150702476501465e-02 2.279293060302734375e+02
9.883860945701599121e-01 1.847023726440966129e-03 7.881650701165199280e-03 -1.712058857083320618e-02 2.286792755126953125e+02
9.943895936012268066e-01 1.891999854706227779e-03 7.025621365755796432e-03 -1.720897667109966278e-02 2.294292449951171875e+02
9.997533559799194336e-01 1.935780979692935944e-03 6.165172439068555832e-03 -1.728658564388751984e-02 2.301792297363281250e+02
1.004474043846130371e+00 1.978413201868534088e-03 5.300843156874179840e-03 -1.735331304371356964e-02 2.309292144775390625e+02
1.008548617362976074e+00 2.019632840529084206e-03 4.433177411556243896e-03 -1.740925945341587067e-02 2.316791992187500000e+02
1.011974453926086426e+00 2.059694612398743629e-03 3.562714438885450363e-03 -1.745424605906009674e-02 2.324291839599609375e+02
1.014749526977539062e+00 2.098473487421870232e-03 2.690002089366316795e-03 -1.748827658593654633e-02 2.331791839599609375e+02
1.016871929168701172e+00 2.135878428816795349e-03 1.815588213503360748e-03 -1.751136779785156250e-02 2.339291839599609375e+02
1.018340468406677246e+00 2.171834930777549744e-03 9.400197886861860752e-04 -1.752355508506298065e-02 2.346791839599609375e+02
1.019154071807861328e+00 2.206573961302638054e-03 6.384204607456922531e-05 -1.752468943595886230e-02 2.354291839599609375e+02
1.019312262535095215e+00 2.239863155409693718e-03 -8.123924490064382553e-04 -1.751486398279666901e-02 2.361791839599609375e+02
1.018814921379089355e+00 2.271873876452445984e-03 -1.688135671429336071e-03 -1.749396696686744690e-02 2.369291839599609375e+02
1.017662405967712402e+00 2.302424283698201180e-03 -2.562833949923515320e-03 -1.746207103133201599e-02 2.376791839599609375e+02
1.015855431556701660e+00 2.331755822524428368e-03 -3.435937454923987389e-03 -1.741901971399784088e-02 2.384291839599609375e+02
1.013395071029663086e+00 2.359457081183791161e-03 -4.306888207793235779e-03 -1.736502535641193390e-02 2.391791839599609375e+02
1.010282874107360840e+00 2.385566942393779755e-03 -5.175139289349317551e-03 -1.730013452470302582e-02 2.399291839599609375e+02
1.006520867347717285e+00 2.410132903605699539e-03 -6.040146108716726303e-03 -1.722437888383865356e-02 2.406791687011718750e+02
1.002111315727233887e+00 2.432857174426317215e-03 -6.901365239173173904e-03 -1.713801734149456024e-02 2.414291534423828125e+02
9.970569610595703125e-01 2.454194240272045135e-03 -7.758266292512416840e-03 -1.704088598489761353e-02 2.421791381835937500e+02
9.913610219955444336e-01 2.474093344062566757e-03 -8.610310964286327362e-03 -1.693302392959594727e-02 2.429291229248046875e+02
9.850270748138427734e-01 2.492394996806979179e-03 -9.456962347030639648e-03 -1.681455783545970917e-02 2.436790924072265625e+02
9.780590534210205078e-01 2.509149955585598946e-03 -1.029769051820039749e-02 -1.668553054332733154e-02 2.444290618896484375e+02
9.704613685607910156e-01 2.524275332689285278e-03 -1.113196741789579391e-02 -1.654606685042381287e-02 2.451790161132812500e+02
9.622387886047363281e-01 2.537963446229696274e-03 -1.195927057415246964e-02 -1.639612764120101929e-02 2.459289703369140625e+02
9.533964395523071289e-01 2.550219651311635971e-03 -1.277907658368349075e-02 -1.623574085533618927e-02 2.466789245605468750e+02
9.439398646354675293e-01 2.560769673436880112e-03 -1.359086390584707260e-02 -1.606512628495693207e-02 2.474288635253906250e+02
9.338750839233398438e-01 2.569512231275439262e-03 -1.439412031322717667e-02 -1.588449254631996155e-02 2.481788024902343750e+02
9.232083559036254883e-01 2.576535800471901894e-03 -1.518834475427865982e-02 -1.569395512342453003e-02 2.489287261962890625e+02
9.119463562965393066e-01 2.581856912001967430e-03 -1.597304269671440125e-02 -1.549365930259227753e-02 2.496786346435546875e+02
9.000961780548095703e-01 2.585456939414143562e-03 -1.674772612750530243e-02 -1.528376992791891098e-02 2.504285430908203125e+02
8.876652121543884277e-01 2.587542403489351273e-03 -1.751191541552543640e-02 -1.506431214511394501e-02 2.511784362792968750e+02
8.746613264083862305e-01 2.588031813502311707e-03 -1.826513186097145081e-02 -1.483544427901506424e-02 2.519283294677734375e+02
8.610926270484924316e-01 2.586864400655031204e-03 -1.900690421462059021e-02 -1.459734328091144562e-02 2.526782073974609375e+02
8.469676375389099121e-01 2.584246220067143440e-03 -1.973677054047584534e-02 -1.435002777725458145e-02 2.534280700683593750e+02
8.322951793670654297e-01 2.579994965344667435e-03 -2.045427262783050537e-02 -1.409372221678495407e-02 2.541779327392578125e+02
8.170844912528991699e-01 2.574250567704439163e-03 -2.115895785391330719e-02 -1.382849272340536118e-02 2.549277801513671875e+02
8.013451695442199707e-01 2.566728508099913597e-03 -2.185038290917873383e-02 -1.355466526001691818e-02 2.556776123046875000e+02
7.850869894027709961e-01 2.557613421231508255e-03 -2.252811565995216370e-02 -1.327234413474798203e-02 2.564274291992187500e+02
7.683202028274536133e-01 2.547046169638633728e-03 -2.319173328578472137e-02 -1.298161037266254425e-02 2.571772460937500000e+02
7.510553002357482910e-01 2.534711034968495369e-03 -2.384081296622753143e-02 -1.268281694501638412e-02 2.579270324707031250e+02
7.333030700683593750e-01 2.520790323615074158e-03 -2.447495423257350922e-02 -1.237609330564737320e-02 2.586768188476562500e+02
7.150746583938598633e-01 2.505141776055097580e-03 -2.509375847876071930e-02 -1.206174027174711227e-02 2.594266052246093750e+02
6.963815093040466309e-01 2.487776800990104675e-03 -2.569684572517871857e-02 -1.174001395702362061e-02 2.601763610839843750e+02
6.772353649139404297e-01 2.468838123604655266e-03 -2.628384716808795929e-02 -1.141108479350805283e-02 2.609261169433593750e+02
6.576481461524963379e-01 2.448509912937879562e-03 -2.685440145432949066e-02 -1.107505243271589279e-02 2.616758728027343750e+02
6.376321315765380859e-01 2.426707185804843903e-03 -2.740815468132495880e-02 -1.073215063661336899e-02 2.624255981445312500e+02
6.171998977661132812e-01 2.403278136625885963e-03 -2.794476225972175598e-02 -1.038269326090812683e-02 2.631753234863281250e+02
5.963642001152038574e-01 2.378431148827075958e-03 -2.846389636397361755e-02 -1.002681255340576172e-02 2.639250488281250000e+02
5.751380324363708496e-01 2.352134324610233307e-03 -2.896523661911487579e-02 -9.664742276072502136e-03 2.646747436523437500e+02
5.535346865653991699e-01 2.324653556570410728e-03 -2.944847382605075836e-02 -9.296527132391929626e-03 2.654244384765625000e+02
5.315676927566528320e-01 2.295565791428089142e-03 -2.991330064833164215e-02 -8.922612294554710388e-03 2.661741027832031250e+02
5.092507600784301758e-01 2.265228424221277237e-03 -3.035943210124969482e-02 -8.543050847947597504e-03 2.669237670898437500e+02
4.865978956222534180e-01 2.233529230579733849e-03 -3.078658506274223328e-02 -8.158111944794654846e-03 2.676734313964843750e+02
4.636232256889343262e-01 2.200380899012088776e-03 -3.119449131190776825e-02 -7.768096402287483215e-03 2.684230651855468750e+02
4.403411149978637695e-01 2.165574813261628151e-03 -3.158289566636085510e-02 -7.373432163149118423e-03 2.691726989746093750e+02
4.167661070823669434e-01 2.129777101799845695e-03 -3.195156902074813843e-02 -6.974025629460811615e-03 2.699223327636718750e+02
3.929129540920257568e-01 2.092368900775909424e-03 -3.230027109384536743e-02 -6.570451892912387848e-03 2.706719665527343750e+02
3.687965273857116699e-01 2.053534146398305893e-03 -3.262879326939582825e-02 -6.162959150969982147e-03 2.714215698242187500e+02
3.444319069385528564e-01 2.013314748182892799e-03 -3.293694183230400085e-02 -5.751844495534896851e-03 2.721711730957031250e+02
3.198342919349670410e-01 1.972019439563155174e-03 -3.322453424334526062e-02 -5.337214097380638123e-03 2.729207763671875000e+02
2.950190305709838867e-01 1.929518301039934158e-03 -3.349139541387557983e-02 -4.919381812214851379e-03 2.736703796386718750e+02
2.700015902519226074e-01 1.885693636722862720e-03 -3.373736515641212463e-02 -4.498711787164211273e-03 2.744199523925781250e+02
2.447976022958755493e-01 1.841116463765501976e-03 -3.396230190992355347e-02 -4.075137898325920105e-03 2.751695251464843750e+02
2.194227725267410278e-01 1.795414951629936695e-03 -3.416606038808822632e-02 -3.649060148745775223e-03 2.759190979003906250e+02
1.938929259777069092e-01 1.748761278577148914e-03 -3.434851393103599548e-02 -3.220638958737254143e-03 2.766686706542968750e+02
1.682239919900894165e-01 1.701201777905225754e-03 -3.450954705476760864e-02 -2.790072001516819000e-03 2.774182434082031250e+02
1.424319744110107422e-01 1.652355771511793137e-03 -3.464905172586441040e-02 -2.357851248234510422e-03 2.781677856445312500e+02
1.165329515933990479e-01 1.602736185304820538e-03 -3.476694598793983459e-02 -1.923989271745085716e-03 2.789173278808593750e+02
9.054308384656906128e-02 1.552155823446810246e-03 -3.486314415931701660e-02 -1.488816924393177032e-03 2.796668701171875000e+02
6.447858363389968872e-02 1.500510494224727154e-03 -3.493758663535118103e-02 -1.052686013281345367e-03 2.804164123535156250e+02
3.835570067167282104e-02 1.447703572921454906e-03 -3.499022126197814941e-02 -6.159933982416987419e-04 2.811659545898437500e+02
1.219073124229907990e-02 1.393918995745480061e-03 -3.502102196216583252e-02 -1.789886737242341042e-04 2.819154968261718750e+02
-1.400001160800457001e-02 1.339150127023458481e-03 -3.502997010946273804e-02 2.579966385383158922e-04 2.826650390625000000e+02
-4.020020365715026855e-02 1.283305813558399677e-03 -3.501706942915916443e-02 6.945549976080656052e-04 2.834145812988281250e+02
-6.639350950717926025e-02 1.226633903570473194e-03 -3.498234227299690247e-02 1.130468910560011864e-03 2.841641235351562500e+02
-9.256362169981002808e-02 1.169219496659934521e-03 -3.492581844329833984e-02 1.565482700243592262e-03 2.849136657714843750e+02
-1.186942383646965027e-01 1.111243967898190022e-03 -3.484754264354705811e-02 1.999427331611514091e-03 2.856632080078125000e+02
-1.447690725326538086e-01 1.053027110174298286e-03 -3.474757075309753418e-02 2.432287437841296196e-03 2.864127502441406250e+02
-1.707718819379806519e-01 9.940764866769313812e-04 -3.462595492601394653e-02 2.863584086298942566e-03 2.871622924804687500e+02
-1.966864913702011108e-01 9.348531020805239677e-04 -3.448277711868286133e-02 3.293320536613464355e-03 2.879118347167968750e+02
-2.224967330694198608e-01 8.751665009185671806e-04 -3.431811183691024780e-02 3.721200395375490189e-03 2.886613769531250000e+02
-2.481865286827087402e-01 8.149870554916560650e-04 -3.413205221295356750e-02 4.146961029618978500e-03 2.894109497070312500e+02
-2.737398743629455566e-01 7.542570238001644611e-04 -3.392470255494117737e-02 4.570300690829753876e-03 2.901605224609375000e+02
-2.991408407688140869e-01 6.928888033144176006e-04 -3.369618579745292664e-02 4.990860354155302048e-03 2.909100952148437500e+02
-3.243735730648040771e-01 6.308884476311504841e-04 -3.344664350152015686e-02 5.408303812146186829e-03 2.916596679687500000e+02
-3.494223356246948242e-01 5.682350019924342632e-04 -3.317622840404510498e-02 5.822261795401573181e-03 2.924092407226562500e+02
-3.742715418338775635e-01 5.052462802268564701e-04 -3.288511559367179871e-02 6.232581101357936859e-03 2.931588439941406250e+02
-3.989056944847106934e-01 4.416671290528029203e-04 -3.257348760962486267e-02 6.638808175921440125e-03 2.939084472656250000e+02
-4.233094155788421631e-01 3.778305544983595610e-04 -3.224154561758041382e-02 7.040796801447868347e-03 2.946580505371093750e+02
-4.474675059318542480e-01 3.139720065519213676e-04 -3.188950568437576294e-02 7.438439410179853439e-03 2.954076538085937500e+02
-4.713648855686187744e-01 2.500776899978518486e-04 -3.151758387684822083e-02 7.831531576812267303e-03 2.961572875976562500e+02
-4.949866533279418945e-01 1.859553740359842777e-04 -3.112600743770599365e-02 8.219727315008640289e-03 2.969069213867187500e+02
-5.183181166648864746e-01 1.217250319314189255e-04 -3.071502037346363068e-02 8.602820336818695068e-03 2.976565551757812500e+02
-5.413447022438049316e-01 5.761278589488938451e-05 -3.028487972915172577e-02 8.980710990726947784e-03 2.984061889648437500e+02
-5.640519857406616211e-01 -6.418995326384902000e-06 -2.983584441244602203e-02 9.353188797831535339e-03 2.991558532714843750e+02
-5.864259004592895508e-01 -7.039936463115736842e-05 -2.936818450689315796e-02 9.720026515424251556e-03 2.999055175781250000e+02
-6.084523797035217285e-01 -1.343245967291295528e-04 -2.888218313455581665e-02 1.008099876344203949e-02 3.006551818847656250e+02
-6.301177144050598145e-01 -1.983243419090285897e-04 -2.837813273072242737e-02 1.043577957898378372e-02 3.014048767089843750e+02
-6.514083743095397949e-01 -2.624850021675229073e-04 -2.785634435713291168e-02 1.078401133418083191e-02 3.021545715332031250e+02
-6.723110675811767578e-01 -3.264147089794278145e-04 -2.731714397668838501e-02 1.112562976777553558e-02 3.029042663574218750e+02
-6.928126811981201172e-01 -3.904435143340379000e-04 -2.676086314022541046e-02 1.146019436419010162e-02 3.036539916992187500e+02
-7.129004597663879395e-01 -4.542219685390591621e-04 -2.618785388767719269e-02 1.178760919719934464e-02 3.044037170410156250e+02
-7.325618267059326172e-01 -5.177024286240339279e-04 -2.559847384691238403e-02 1.210768148303031921e-02 3.051534729003906250e+02
-7.517844438552856445e-01 -5.809637950733304024e-04 -2.499308995902538300e-02 1.242013834416866302e-02 3.059032287597656250e+02
-7.705563306808471680e-01 -6.438556592911481857e-04 -2.437208220362663269e-02 1.272482890635728836e-02 3.066529846191406250e+02
-7.888657450675964355e-01 -7.063109078444540501e-04 -2.373583987355232239e-02 1.302158739417791367e-02 3.074027709960937500e+02
-8.067012429237365723e-01 -7.682490977458655834e-04 -2.308475971221923828e-02 1.331027410924434662e-02 3.081525573730468750e+02
-8.240516781806945801e-01 -8.295256411656737328e-04 -2.241924591362476349e-02 1.359081733971834183e-02 3.089023437500000000e+02
-8.409061431884765625e-01 -8.903022389858961105e-04 -2.173970453441143036e-02 1.386297401040792465e-02 3.096521606445312500e+02
-8.572541475296020508e-01 -9.505357011221349239e-04 -2.104655653238296509e-02 1.412657834589481354e-02 3.104019775390625000e+02
-8.730854392051696777e-01 -1.010246924124658108e-03 -2.034022845327854156e-02 1.438142824918031693e-02 3.111518249511718750e+02
-8.883900642395019531e-01 -1.069509540684521198e-03 -1.962115615606307983e-02 1.462726574391126633e-02 3.119016723632812500e+02
-9.031584262847900391e-01 -1.127858762629330158e-03 -1.888979226350784302e-02 1.486417651176452637e-02 3.126515197753906250e+02
-9.173812866210937500e-01 -1.185778877697885036e-03 -1.814658381044864655e-02 1.509174145758152008e-02 3.134013977050781250e+02
-9.310497641563415527e-01 -1.242894330061972141e-03 -1.739199645817279816e-02 1.530996058136224747e-02 3.141512756347656250e+02
-9.441552162170410156e-01 -1.299430849030613899e-03 -1.662649773061275482e-02 1.551853958517313004e-02 3.149011535644531250e+02
-9.566894769668579102e-01 -1.355026382952928543e-03 -1.585057005286216736e-02 1.571750827133655548e-02 3.156510620117187500e+02
-9.686446785926818848e-01 -1.409946125932037830e-03 -1.506469491869211197e-02 1.590657979249954224e-02 3.164009704589843750e+02
-9.800132513046264648e-01 -1.464132685214281082e-03 -1.426936592906713486e-02 1.608558744192123413e-02 3.171508789062500000e+02
-9.907881021499633789e-01 -1.517232973128557205e-03 -1.346508692950010300e-02 1.625458896160125732e-02 3.179007873535156250e+02
-1.000962495803833008e+00 -1.569382613524794579e-03 -1.265235710889101028e-02 1.641342043876647949e-02 3.186507263183593750e+02
-1.010529994964599609e+00 -1.620472758077085018e-03 -1.183168590068817139e-02 1.656203716993331909e-02 3.194006652832031250e+02
-1.019484519958496094e+00 -1.670633791945874691e-03 -1.100358366966247559e-02 1.670025475323200226e-02 3.201506042480468750e+02
-1.027820587158203125e+00 -1.719628111459314823e-03 -1.016857102513313293e-02 1.682810112833976746e-02 3.209005432128906250e+02
-1.035532832145690918e+00 -1.767717185430228710e-03 -9.327165782451629639e-03 1.694533415138721466e-02 3.216505126953125000e+02
-1.042616486549377441e+00 -1.814617076888680458e-03 -8.479898795485496521e-03 1.705199480056762695e-02 3.224004821777343750e+02
-1.049067020416259766e+00 -1.860298099927604198e-03 -7.627299055457115173e-03 1.714804023504257202e-02 3.231504516601562500e+02
-1.054880499839782715e+00 -1.904901699163019657e-03 -6.769896950572729111e-03 1.723332144320011139e-02 3.239004211425781250e+02
-1.060053110122680664e+00 -1.948325196281075478e-03 -5.908230785280466080e-03 1.730780489742755890e-02 3.246503906250000000e+02
-1.064581632614135742e+00 -1.990727847442030907e-03 -5.042840726673603058e-03 1.737129874527454376e-02 3.254003906250000000e+02
-1.068463325500488281e+00 -2.031706040725111961e-03 -4.174275789409875870e-03 1.742395199835300446e-02 3.261503906250000000e+02
-1.071695566177368164e+00 -2.071289578452706337e-03 -3.303078236058354378e-03 1.746575348079204559e-02 3.269003906250000000e+02
-1.074276447296142578e+00 -2.109643770381808281e-03 -2.429790562018752098e-03 1.749658212065696716e-02 3.276503906250000000e+02
-1.076204299926757812e+00 -2.146734157577157021e-03 -1.554961432702839375e-03 1.751639507710933685e-02 3.284003906250000000e+02
-1.077477812767028809e+00 -2.182583324611186981e-03 -6.791416672058403492e-04 1.752512156963348389e-02 3.291503906250000000e+02
-1.078096270561218262e+00 -2.216763561591506004e-03 1.971144229173660278e-04 1.752299815416336060e-02 3.299003906250000000e+02
-1.078059315681457520e+00 -2.249870914965867996e-03 1.073264284059405327e-03 1.750969514250755310e-02 3.306503906250000000e+02
-1.077366828918457031e+00 -2.281264634802937508e-03 1.948749064467847347e-03 1.748553290963172913e-02 3.314003906250000000e+02
-1.076019287109375000e+00 -2.311376854777336121e-03 2.823025686666369438e-03 1.745031587779521942e-02 3.321503906250000000e+02
-1.074017643928527832e+00 -2.340030390769243240e-03 3.695541527122259140e-03 1.740411482751369476e-02 3.329003906250000000e+02
-1.071362972259521484e+00 -2.367104403674602509e-03 4.565747454762458801e-03 1.734703034162521362e-02 3.336503906250000000e+02
-1.068057060241699219e+00 -2.392737427726387978e-03 5.433098878711462021e-03 1.727902144193649292e-02 3.344003906250000000e+02
-1.064101934432983398e+00 -2.416732721030712128e-03 6.297050043940544128e-03 1.720023714005947113e-02 3.351503906250000000e+02
-1.059499979019165039e+00 -2.439126139506697655e-03 7.157061714679002762e-03 1.711073704063892365e-02 3.359003906250000000e+02
-1.054254174232482910e+00 -2.460287185385823250e-03 8.012598380446434021e-03 1.701033487915992737e-02 3.366503601074218750e+02
-1.048367857933044434e+00 -2.479807706549763680e-03 8.863114751875400543e-03 1.689925789833068848e-02 3.374003295898437500e+02
-1.041844606399536133e+00 -2.497833687812089920e-03 9.708077646791934967e-03 1.677749305963516235e-02 3.381502990722656250e+02
-1.034688591957092285e+00 -2.514093881472945213e-03 1.054695248603820801e-02 1.664527133107185364e-02 3.389002685546875000e+02
-1.026904225349426270e+00 -2.528697019442915916e-03 1.137921586632728577e-02 1.650265976786613464e-02 3.396502380371093750e+02
-1.018496394157409668e+00 -2.541912021115422249e-03 1.220434904098510742e-02 1.634957827627658844e-02 3.404001770019531250e+02
-1.009470462799072266e+00 -2.553434344008564949e-03 1.302182767540216446e-02 1.618625409901142120e-02 3.411501159667968750e+02
-9.998320341110229492e-01 -2.563540358096361160e-03 1.383114047348499298e-02 1.601262390613555908e-02 3.419000549316406250e+02
-9.895871877670288086e-01 -2.571683842688798904e-03 1.463177148252725601e-02 1.582910306751728058e-02 3.426499938964843750e+02
-9.787423014640808105e-01 -2.578348387032747269e-03 1.542322710156440735e-02 1.563558727502822876e-02 3.433999023437500000e+02
-9.673042297363281250e-01 -2.583323046565055847e-03 1.620500721037387848e-02 1.543229538947343826e-02 3.441498107910156250e+02
-9.552801847457885742e-01 -2.586634829640388489e-03 1.697662286460399628e-02 1.521935500204563141e-02 3.448997192382812500e+02
-9.426776170730590820e-01 -2.588127972558140755e-03 1.773758977651596069e-02 1.499702688306570053e-02 3.456496276855468750e+02
-9.295045137405395508e-01 -2.587973838672041893e-03 1.848744042217731476e-02 1.476540323346853256e-02 3.463995056152343750e+02
-9.157691001892089844e-01 -2.586324932053685188e-03 1.922571100294589996e-02 1.452453155070543289e-02 3.471493835449218750e+02
-9.014800190925598145e-01 -2.583214314654469490e-03 1.995193772017955780e-02 1.427449565380811691e-02 3.478992614746093750e+02
-8.866462111473083496e-01 -2.578343031927943230e-03 2.066566236317157745e-02 1.401560939848423004e-02 3.486491088867187500e+02
-8.712769746780395508e-01 -2.571938559412956238e-03 2.136644348502159119e-02 1.374793052673339844e-02 3.493989562988281250e+02
-8.553819060325622559e-01 -2.564087975770235062e-03 2.205383963882923126e-02 1.347154192626476288e-02 3.501487731933593750e+02
-8.389710187911987305e-01 -2.554686041548848152e-03 2.272741682827472687e-02 1.318662986159324646e-02 3.508985900878906250e+02
-8.220546245574951172e-01 -2.543614478781819344e-03 2.338674850761890411e-02 1.289344113320112228e-02 3.516484069824218750e+02
-8.046433329582214355e-01 -2.530766651034355164e-03 2.403142116963863373e-02 1.259226631373167038e-02 3.523981933593750000e+02
-7.867479920387268066e-01 -2.516280394047498703e-03 2.466103434562683105e-02 1.228327024728059769e-02 3.531479797363281250e+02
-7.683798670768737793e-01 -2.500190166756510735e-03 2.527519874274730682e-02 1.196665503084659576e-02 3.538977661132812500e+02
-7.495504617691040039e-01 -2.482282696291804314e-03 2.587353065609931946e-02 1.164279133081436157e-02 3.546475219726562500e+02
-7.302715778350830078e-01 -2.462891163304448128e-03 2.645567059516906738e-02 1.131175737828016281e-02 3.553972778320312500e+02
-7.105552554130554199e-01 -2.441947581246495247e-03 2.702125906944274902e-02 1.097379904240369797e-02 3.561470336914062500e+02
-6.904138326644897461e-01 -2.419542288407683372e-03 2.756994962692260742e-02 1.062908954918384552e-02 3.568967590332031250e+02
-6.698599457740783691e-01 -2.395687857642769814e-03 2.810140326619148254e-02 1.027783099561929703e-02 3.576464843750000000e+02
-6.489064097404479980e-01 -2.370662055909633636e-03 2.861529402434825897e-02 9.920043870806694031e-03 3.583961791992187500e+02
-6.275663375854492188e-01 -2.344246022403240204e-03 2.911129593849182129e-02 9.556004777550697327e-03 3.591458740234375000e+02
-6.058531403541564941e-01 -2.316307742148637772e-03 2.958909608423709869e-02 9.186015464365482330e-03 3.598955688476562500e+02
-5.837803483009338379e-01 -2.286943607032299042e-03 3.004839643836021423e-02 8.810277096927165985e-03 3.606452331542968750e+02
-5.613617300987243652e-01 -2.256406703963875771e-03 3.048891015350818634e-02 8.428855799138545990e-03 3.613948974609375000e+02
-5.386113524436950684e-01 -2.224107738584280014e-03 3.091035224497318268e-02 8.042328059673309326e-03 3.621445617675781250e+02
-5.155434608459472656e-01 -2.190209925174713135e-03 3.131246939301490784e-02 7.650968153029680252e-03 3.628941955566406250e+02
-4.921723902225494385e-01 -2.155135618522763252e-03 3.169501945376396179e-02 7.254823576658964157e-03 3.636438293457031250e+02
-4.685128033161163330e-01 -2.118717180564999580e-03 3.205776214599609375e-02 6.854212842881679535e-03 3.643934631347656250e+02
-4.445794820785522461e-01 -2.080880803987383842e-03 3.240047395229339600e-02 6.449461914598941803e-03 3.651430664062500000e+02
-4.203873574733734131e-01 -2.041829284280538559e-03 3.272294625639915466e-02 6.040741223841905594e-03 3.658926696777343750e+02
-3.959515690803527832e-01 -2.001336077228188515e-03 3.302498161792755127e-02 5.628460552543401718e-03 3.666422729492187500e+02
-3.712873458862304688e-01 -1.959620742127299309e-03 3.330640494823455811e-02 5.212812684476375580e-03 3.673918762207031250e+02
-3.464100956916809082e-01 -1.916723325848579407e-03 3.356704488396644592e-02 4.794048611074686050e-03 3.681414489746093750e+02
-3.213353157043457031e-01 -1.872912398539483547e-03 3.380674868822097778e-02 4.372254014015197754e-03 3.688910217285156250e+02
-2.960786819458007812e-01 -1.828059554100036621e-03 3.402535989880561829e-02 3.947706893086433411e-03 3.696405944824218750e+02
-2.706559300422668457e-01 -1.781985512934625149e-03 3.422274440526962280e-02 3.520777914673089981e-03 3.703901672363281250e+02
-2.450829297304153442e-01 -1.734750461764633656e-03 3.439878299832344055e-02 3.091746009886264801e-03 3.711397399902343750e+02
-2.193756103515625000e-01 -1.686436473391950130e-03 3.455337136983871460e-02 2.660866593942046165e-03 3.718893127441406250e+02
-1.935500055551528931e-01 -1.637235865928232670e-03 3.468641638755798340e-02 2.228298457339406013e-03 3.726388549804687500e+02
-1.676222234964370728e-01 -1.587154692970216274e-03 3.479783236980438232e-02 1.794273732230067253e-03 3.733883972167968750e+02
-1.416084319353103638e-01 -1.536091323941946030e-03 3.488754481077194214e-02 1.359107671305537224e-03 3.741379394531250000e+02
-1.155248433351516724e-01 -1.484278123825788498e-03 3.495550155639648438e-02 9.229283314198255539e-04 3.748874816894531250e+02
