-3.872862635034834966e-06
-7.489519703085534275e-06
-1.815657014958560467e-05
-3.615805326262488961e-05
-6.167076207930222154e-05
-9.478213178226724267e-05
-1.354742271360009909e-04
-1.836464361986145377e-04
-2.391089365119114518e-04
-3.015928959939628839e-04
-3.707525320351123810e-04
-4.461801436264067888e-04
-5.274021532386541367e-04
-6.139007746241986752e-04
-7.051149150356650352e-04
-8.004425326362252235e-04
-8.992644725367426872e-04
-1.000936608761548996e-03
-1.104814233258366585e-03
-1.210239599458873272e-03
-1.316569629125297070e-03
-1.423164503648877144e-03
-1.529415720142424107e-03
-1.634724903851747513e-03
-1.738533028401434422e-03
-1.840308308601379395e-03
-1.939560519531369209e-03
-2.035843208432197571e-03
-2.128753112629055977e-03
-2.217919332906603813e-03
-2.303036628291010857e-03
-2.383838174864649773e-03
-2.460097428411245346e-03
-2.531655132770538330e-03
-2.598384395241737366e-03
-2.660201163962483406e-03
-2.717068884521722794e-03
-2.768996637314558029e-03
-2.816024003550410271e-03
-2.858228050172328949e-03
-2.895718906074762344e-03
-2.928636036813259125e-03
-2.957147778943181038e-03
-2.981437603011727333e-03
-3.001718083396553993e-03
-3.018202958628535271e-03
-3.031125757843255997e-03
-3.040729556232690811e-03
-3.047256264835596085e-03
-3.050955012440681458e-03
-3.052073530852794647e-03
-3.050853963941335678e-03
-3.047524951398372650e-03
-3.042317228391766548e-03
-3.035444999113678932e-03
-3.027109662070870399e-03
-3.017490962520241737e-03
-3.006766783073544502e-03
-2.995084738358855247e-03
-2.982586389407515526e-03
-2.969380933791399002e-03
-2.955562202259898186e-03
-2.941217971965670586e-03
-2.926405519247055054e-03
-2.911159303039312363e-03
-2.895514480769634247e-03
-2.879464998841285706e-03
-2.863011788576841354e-03
-2.846125513315200806e-03
-2.828771946951746941e-03
-2.810897305607795715e-03
-2.792449435219168663e-03
-2.773350570350885391e-03
-2.753525972366333008e-03
-2.732896478846669197e-03
-2.711358480155467987e-03
-2.688834909349679947e-03
-2.665221458300948143e-03
-2.640429418534040451e-03
-2.614363562315702438e-03
-2.586934715509414673e-03
-2.558058360591530800e-03
-2.527636475861072540e-03
-2.495613647624850273e-03
-2.461903262883424759e-03
-2.426454564556479454e-03
-2.389196772128343582e-03
-2.350107999518513680e-03
-2.309125382453203201e-03
-2.266233554109930992e-03
-2.221412491053342819e-03
-2.174656139686703682e-03
-2.125958912074565887e-03
-2.075344324111938477e-03
-2.022814471274614334e-03
-1.968406839296221733e-03
-1.912164269015192986e-03
-1.854120171628892422e-03
-1.794335315935313702e-03
-1.732862205244600773e-03
-1.669790595769882202e-03
-1.605149242095649242e-03
-1.539062359370291233e-03
-1.471586409024894238e-03
-1.402819529175758362e-03
-1.332835177890956402e-03
-1.261740457266569138e-03
-1.189611502923071384e-03
-1.116566243581473827e-03
-1.042661606334149837e-03
-9.680122602730989456e-04
-8.927141316235065460e-04
-8.168567437678575516e-04
-7.405225187540054321e-04
-6.638031336478888988e-04
-5.867804284207522869e-04
-5.095198284834623337e-04
-4.321282031014561653e-04
-3.546754014678299427e-04
-2.772041480056941509e-04
-1.998237567022442818e-04
-1.225526211783289909e-04
-4.549020013655535877e-05
3.134833968942984939e-05
1.078748391591943800e-04
1.840667100623250008e-04
2.598564897198230028e-04
3.352285712026059628e-04
4.101179365534335375e-04
4.845204821322113276e-04
5.583663587458431721e-04
6.316618528217077255e-04
7.043546647764742374e-04
7.764204638078808784e-04
8.478611707687377930e-04
9.186165989376604557e-04
9.886766783893108368e-04
1.058047055266797543e-03
1.126669929362833500e-03
1.194535871036350727e-03
1.261624041944742203e-03
1.327916164882481098e-03
1.393392099998891354e-03
1.458027167245745659e-03
1.521799829788506031e-03
1.584667363204061985e-03
1.646636752411723137e-03
1.707660965621471405e-03
1.767735462635755539e-03
1.826797844842076302e-03
1.884854282252490520e-03
1.941843773238360882e-03
1.997760031372308731e-03
2.052554162219166756e-03
2.106201369315385818e-03
2.158667892217636108e-03
2.209926722571253777e-03
2.259924076497554779e-03
2.308644354343414307e-03
2.356038428843021393e-03
2.402074867859482765e-03
2.446712926030158997e-03
2.489929320290684700e-03
2.531663747504353523e-03
2.571906894445419312e-03
2.610610332340002060e-03
2.647738903760910034e-03
2.683270024135708809e-03
2.717149443924427032e-03
2.749376930296421051e-03
2.779892878606915474e-03
2.808685181662440300e-03
2.835711231455206871e-03
2.860966138541698456e-03
2.884412417188286781e-03
2.906030742451548576e-03
2.925795037299394608e-03
2.943700179457664490e-03
2.959714736789464951e-03
2.973826369270682335e-03
2.986030420288443565e-03
2.996304305270314217e-03
3.004648955538868904e-03
3.011049237102270126e-03
3.015502123162150383e-03
3.018004586920142174e-03
3.018557792529463768e-03
3.017159644514322281e-03
3.013808280229568481e-03
3.008509054780006409e-03
3.001275938004255295e-03
2.992107067257165909e-03
2.981024794280529022e-03
2.968027489259839058e-03
2.953115850687026978e-03
2.936322707682847977e-03
2.917657373473048210e-03
2.897140104323625565e-03
2.874774392694234848e-03
2.850587246939539909e-03
2.824609400704503059e-03
2.796833636239171028e-03
2.767317695543169975e-03
2.736056922003626823e-03
2.703090198338031769e-03
2.668431028723716736e-03
2.632118761539459229e-03
2.594148041680455208e-03
2.554593840613961220e-03
2.513437066227197647e-03
2.470722887665033340e-03
2.426513703539967537e-03
2.380791818723082542e-03
2.333596814423799515e-03
2.284986898303031921e-03
2.234968356788158417e-03
2.183578908443450928e-03
2.130847889930009842e-03
2.076835138723254204e-03
2.021546708419919014e-03
1.965024741366505623e-03
1.907276455312967300e-03
1.848404528573155403e-03
1.788401859812438488e-03
1.727283466607332230e-03
1.665126648731529713e-03
1.601977273821830750e-03
1.537821372039616108e-03
1.472721341997385025e-03
1.406740630045533180e-03
1.339896814897656441e-03
1.272228313609957695e-03
1.203798688948154449e-03
1.134625286795198917e-03
1.064748386852443218e-03
9.942102478817105293e-04
9.230795549228787422e-04
8.513720822520554066e-04
7.791573298163712025e-04
7.064497331157326698e-04
6.333211786113679409e-04
5.597883136942982674e-04
4.859201144427061081e-04
4.117616917937994003e-04
3.373048675712198019e-04
2.626749046612530947e-04
1.878861075965687633e-04
1.129853044403716922e-04
3.796368400799110532e-05
-3.705136987264268100e-05
-1.120443848776631057e-04
-1.869665284175425768e-04
-2.618045255076140165e-04
-3.364557633176445961e-04
-4.109053988941013813e-04
-4.851058183703571558e-04
-5.590398213826119900e-04
-6.325849099084734917e-04
-7.057479815557599068e-04
-7.784879417158663273e-04
-8.507563616149127483e-04
-9.225118556059896946e-04
-9.936862625181674957e-04
-1.064259209670126438e-03
-1.134164514951407909e-03
-1.203384599648416042e-03
-1.271856017410755157e-03
-1.339554204605519772e-03
-1.406420255079865456e-03
-1.472433214075863361e-03
-1.537528703920543194e-03
-1.601692405529320240e-03
-1.664839684963226318e-03
-1.726978807710111141e-03
-1.788064022548496723e-03
-1.848020707257091999e-03
-1.906853634864091873e-03
-1.964520895853638649e-03
-2.020950429141521454e-03
-2.076147124171257019e-03
-2.130035310983657837e-03
-2.182621043175458908e-03
-2.233868231996893883e-03
-2.283711917698383331e-03
-2.332138130441308022e-03
-2.379116136580705643e-03
-2.424630802124738693e-03
-2.468649996444582939e-03
-2.511119004338979721e-03
-2.552014309912919998e-03
-2.591345924884080887e-03
-2.629059134051203728e-03
-2.665136009454727173e-03
-2.699556061998009682e-03
-2.732290886342525482e-03
-2.763311145827174187e-03
-2.792619168758392334e-03
-2.820178400725126266e-03
-2.845969283953309059e-03
-2.869984367862343788e-03
-2.892198972404003143e-03
-2.912606578320264816e-03
-2.931181807070970535e-03
-2.947926521301269531e-03
-2.962820930406451225e-03
-2.975859912112355232e-03
-2.987026236951351166e-03
-2.996316412463784218e-03
-3.003719728440046310e-03
-3.009234322234988213e-03
-3.012861823663115501e-03
-3.014589892700314522e-03
-3.014416899532079697e-03
-3.012348897755146027e-03
-3.008386818692088127e-03
-3.002526238560676575e-03
-2.994772512465715408e-03
-2.985126571729779243e-03
-2.973612630739808083e-03
-2.960223704576492310e-03
-2.944974228739738464e-03
-2.927848603576421738e-03
-2.908889669924974442e-03
-2.888105111196637154e-03
-2.865482354536652565e-03
-2.841076813638210297e-03
-2.814868930727243423e-03
-2.786890137940645218e-03
-2.757169539108872414e-03
-2.725692233070731163e-03
-2.692510141059756279e-03
-2.657643053680658340e-03
-2.621117746457457542e-03
-2.582928165793418884e-03
-2.543131122365593910e-03
-2.501753391698002815e-03
-2.458786591887474060e-03
-2.414294984191656113e-03
-2.368305344134569168e-03
-2.320815809071063995e-03
-2.271857811138033867e-03
-2.221536356955766678e-03
-2.169807441532611847e-03
-2.116746036335825920e-03
-2.062347717583179474e-03
-2.006684662774205208e-03
-1.949711004272103310e-03
-1.891592051833868027e-03
-1.832325360737740993e-03
-1.771897077560424805e-03
-1.710398122668266296e-03
-1.647862489335238934e-03
-1.584238023497164249e-03
-1.519705168902873993e-03
-1.454211887903511524e-03
-1.387796830385923386e-03
-1.320601673796772957e-03
-1.252566697075963020e-03
-1.183734042569994926e-03
-1.114251092076301575e-03
-1.044001895934343338e-03
-9.731888421811163425e-04
-9.017511620186269283e-04
-8.298326283693313599e-04
-7.573220063932240009e-04
-6.844192976132035255e-04
-6.110674585215747356e-04
-5.374087486416101456e-04
-4.633349308278411627e-04
-3.890456864610314369e-04
-3.144837392028421164e-04
-2.397446951363235712e-04
-1.649262558203190565e-04
-8.996287215268239379e-05
-1.500743655924452469e-05
6.000188295729458332e-05
1.349676749669015408e-04
2.097950200550258160e-04
2.845436101779341698e-04
3.590646956581622362e-04
4.334179684519767761e-04
5.075084045529365540e-04
5.812377785332500935e-04
6.546685472130775452e-04
7.276515243574976921e-04
8.002435206435620785e-04
8.723522769287228584e-04
9.438839624635875225e-04
1.014846493490040302e-03
1.085146795958280563e-03
1.154843019321560860e-03
1.223795348778367043e-03
1.292052445933222771e-03
1.359439338557422161e-03
1.426050555892288685e-03
1.491754432208836079e-03
1.556596020236611366e-03
1.620409195311367512e-03
1.683242619037628174e-03
1.745093613862991333e-03
1.805809093639254570e-03
1.865456812083721161e-03
1.923932693898677826e-03
1.981204375624656677e-03
2.037264173850417137e-03
2.092083450406789780e-03
2.145590260624885559e-03
2.197782276198267937e-03
2.248598728328943253e-03
2.298037288710474968e-03
2.346037421375513077e-03
2.392595168203115463e-03
2.437680028378963470e-03
2.481241477653384209e-03
2.523270435631275177e-03
2.563738496974110603e-03
2.602602355182170868e-03
2.639852929860353470e-03
2.675465773791074753e-03
2.709398511797189713e-03
2.741647651419043541e-03
2.772171748802065849e-03
2.800974762067198753e-03
2.828014548867940903e-03
2.853304846212267876e-03
2.876797458156943321e-03
2.898495877161622047e-03
2.918368205428123474e-03
2.936417935416102409e-03
2.952616894617676735e-03
2.966968808323144913e-03
2.979454351589083672e-03
2.990067237988114357e-03
2.998800948262214661e-03
3.005646634846925735e-03
3.010600572451949120e-03
3.013666253536939621e-03
3.014832735061645508e-03
3.014103509485721588e-03
3.011464374139904976e-03
3.006928833201527596e-03
3.000508761033415794e-03
2.992185996845364571e-03
2.981989644467830658e-03
2.969897817820310593e-03
2.955938689410686493e-03
2.940133213996887207e-03
2.922461600974202156e-03
2.902970649302005768e-03
2.881611930206418037e-03
2.858442952856421471e-03
2.833500737324357033e-03
2.806752920150756836e-03
2.778251189738512039e-03
2.748006489127874374e-03
2.716011833399534225e-03
2.682322170585393906e-03
2.646956127136945724e-03
2.609936986118555069e-03
2.571263816207647324e-03
2.530984114855527878e-03
2.489106031134724617e-03
2.445680554956197739e-03
2.400738187134265900e-03
2.354274503886699677e-03
2.306396141648292542e-03
2.257052809000015259e-03
2.206281758844852448e-03
2.154155867174267769e-03
2.100706566125154495e-03
2.045928034931421280e-03
1.989855896681547165e-03
1.932569080963730812e-03
1.874105772003531456e-03
1.814504736103117466e-03
1.753753982484340668e-03
1.691945595666766167e-03
1.629018108360469341e-03
1.565158367156982422e-03
1.500354846939444542e-03
1.434597419574856758e-03
1.367936725728213787e-03
1.300499541684985161e-03
1.232189591974020004e-03
1.163196400739252567e-03
1.093510421924293041e-03
1.023074844852089882e-03
9.520833264105021954e-04
8.804785320535302162e-04
8.084066794253885746e-04
7.357551949098706245e-04
6.627257680520415306e-04
5.892573972232639790e-04
5.154975806362926960e-04
4.413340357132256031e-04
3.669187135528773069e-04
2.923486754298210144e-04
2.175601694034412503e-04
1.427024981239810586e-04
6.771687912987545133e-05
