0.000000000000000000e+00 0.000000000000000000e+00 3.333333507180213928e-02 0.000000000000000000e+00 0.000000000000000000e+00
2.499537169933319092e-02 -4.936345067108049989e-05 3.333333507180213928e-02 -3.488078436930663884e-05 7.495833635330200195e-01
4.998827725648880005e-02 -8.587089541833847761e-05 3.333159163594245911e-02 -7.934674795251339674e-05 1.499166727066040039e+00
7.497805356979370117e-02 -1.910737482830882072e-04 3.332762420177459717e-02 -1.869868719950318336e-04 2.248750209808349609e+00
9.995959699153900146e-02 -3.558248863555490971e-04 3.331827372312545776e-02 -3.779659164138138294e-04 2.998333930969238281e+00
1.249258965253829956e-01 -5.495420191437005997e-04 3.329937532544136047e-02 -6.550208199769258499e-04 3.747918367385864258e+00
1.498683542013168335e-01 -7.440005429089069366e-04 3.326662257313728333e-02 -1.012065564282238483e-03 4.497503280639648438e+00
1.747765392065048218e-01 -9.190540295094251633e-04 3.321601822972297668e-02 -1.438660779967904091e-03 5.247089385986328125e+00
1.996380388736724854e-01 -1.062614726833999157e-03 3.314408659934997559e-02 -1.922609983012080193e-03 5.996677398681640625e+00
2.244384586811065674e-01 -1.168732764199376106e-03 3.304795548319816589e-02 -2.451320877298712730e-03 6.746267318725585938e+00
2.491615116596221924e-01 -1.235831528902053833e-03 3.292538970708847046e-02 -3.012670436874032021e-03 7.495859622955322266e+00
2.737893462181091309e-01 -1.265102764591574669e-03 3.277475759387016296e-02 -3.595408517867326736e-03 8.245454788208007812e+00
2.983027994632720947e-01 -1.259567914530634880e-03 3.259498625993728638e-02 -4.189495462924242020e-03 8.995054244995117188e+00
3.226817548274993896e-01 -1.223158789798617363e-03 3.238551318645477295e-02 -4.786139354109764099e-03 9.744657516479492188e+00
3.469055294990539551e-01 -1.160446903668344021e-03 3.214620798826217651e-02 -5.377976689487695694e-03 1.049426651000976562e+01
3.709530532360076904e-01 -1.076089218258857727e-03 3.187730908393859863e-02 -5.958965513855218887e-03 1.124388122558593750e+01
3.948031961917877197e-01 -9.746365249156951904e-04 3.157936036586761475e-02 -6.524338386952877045e-03 1.199350166320800781e+01
4.184350669384002686e-01 -8.604262256994843483e-04 3.125314414501190186e-02 -7.070545107126235962e-03 1.274312973022460938e+01
4.418281018733978271e-01 -7.373836124315857887e-04 3.089961782097816467e-02 -7.595092523843050003e-03 1.349276447296142578e+01
4.649622738361358643e-01 -6.090544629842042923e-04 3.051986359059810638e-02 -8.096470497548580170e-03 1.424240779876708984e+01
4.878181815147399902e-01 -4.784666234627366066e-04 3.011504001915454865e-02 -8.573966100811958313e-03 1.499205970764160156e+01
5.103771090507507324e-01 -3.481708699837327003e-04 2.968634106218814850e-02 -9.027549996972084045e-03 1.574172019958496094e+01
5.326212048530578613e-01 -2.202697360189631581e-04 2.923496440052986145e-02 -9.457753971219062805e-03 1.649139022827148438e+01
5.545333027839660645e-01 -9.646119724493473768e-05 2.876207605004310608e-02 -9.865581989288330078e-03 1.724106979370117188e+01
5.760970711708068848e-01 2.216993016190826893e-05 2.826879732310771942e-02 -1.025223359465599060e-02 1.799075889587402344e+01
5.972969532012939453e-01 1.346900826320052147e-04 2.775618620216846466e-02 -1.061923149973154068e-02 1.874045944213867188e+01
6.181181669235229492e-01 2.406649000477045774e-04 2.722522430121898651e-02 -1.096813660115003586e-02 1.949016952514648438e+01
6.385465860366821289e-01 3.398515109438449144e-04 2.667681686580181122e-02 -1.130059268325567245e-02 2.023989105224609375e+01
6.585687994956970215e-01 4.323102475609630346e-04 2.611178718507289886e-02 -1.161818765103816986e-02 2.098962402343750000e+01
6.781719923019409180e-01 5.182780441828072071e-04 2.553087845444679260e-02 -1.192243210971355438e-02 2.173936843872070312e+01
6.973440051078796387e-01 5.980782443657517433e-04 2.493475750088691711e-02 -1.221475843340158463e-02 2.248912429809570312e+01
7.160730361938476562e-01 6.721921381540596485e-04 2.432402037084102631e-02 -1.249644160270690918e-02 2.323888969421386719e+01
7.343478798866271973e-01 7.411531987600028515e-04 2.369919791817665100e-02 -1.276860851794481277e-02 2.398866653442382812e+01
7.521576881408691406e-01 8.056126534938812256e-04 2.306076698005199432e-02 -1.303216535598039627e-02 2.473845481872558594e+01
7.694920301437377930e-01 8.661806350573897362e-04 2.240915782749652863e-02 -1.328786276280879974e-02 2.548825454711914062e+01
7.863407731056213379e-01 9.235069155693054199e-04 2.174476534128189087e-02 -1.353624463081359863e-02 2.623806571960449219e+01
8.026942014694213867e-01 9.781584376469254494e-04 2.106795273721218109e-02 -1.377771329134702682e-02 2.698788833618164062e+01
8.185428977012634277e-01 1.030589686706662178e-03 2.037906646728515625e-02 -1.401256863027811050e-02 2.773772048950195312e+01
8.338776826858520508e-01 1.081252936273813248e-03 1.967843808233737946e-02 -1.424097269773483276e-02 2.848756408691406250e+01
8.486896157264709473e-01 1.130636082962155342e-03 1.896638981997966766e-02 -1.446290779858827591e-02 2.923741722106933594e+01
8.629700541496276855e-01 1.179108861833810806e-03 1.824324391782283783e-02 -1.467827148735523224e-02 2.998728179931640625e+01
8.767106533050537109e-01 1.226915512233972549e-03 1.750933006405830383e-02 -1.488691568374633789e-02 3.073715591430664062e+01
8.899033069610595703e-01 1.274362322874367237e-03 1.676498353481292725e-02 -1.508855819702148438e-02 3.148703956604003906e+01
9.025401473045349121e-01 1.321558724157512188e-03 1.601055637001991272e-02 -1.528293918818235397e-02 3.223693466186523438e+01
9.146136045455932617e-01 1.368588302284479141e-03 1.524640899151563644e-02 -1.546976063400506973e-02 3.298683929443359375e+01
9.261164069175720215e-01 1.415594713762402534e-03 1.447292137891054153e-02 -1.564864814281463623e-02 3.373675155639648438e+01
9.370415210723876953e-01 1.462539308704435825e-03 1.369048934429883957e-02 -1.581928320229053497e-02 3.448667144775390625e+01
9.473822116851806641e-01 1.509426510892808437e-03 1.289952546358108521e-02 -1.598131470382213593e-02 3.523659896850585938e+01
9.571320414543151855e-01 1.556259347125887871e-03 1.210046000778675079e-02 -1.613438315689563751e-02 3.598653411865234375e+01
9.662849903106689453e-01 1.602999866008758545e-03 1.129374094307422638e-02 -1.627813093364238739e-02 3.673647689819335938e+01
9.748352766036987305e-01 1.649504876695573330e-03 1.047983393073081970e-02 -1.641228049993515015e-02 3.748642730712890625e+01
9.827774763107299805e-01 1.695690327323973179e-03 9.659219533205032349e-03 -1.653654314577579498e-02 3.823638534545898438e+01
9.901065826416015625e-01 1.741440617479383945e-03 8.832392282783985138e-03 -1.665066927671432495e-02 3.898635101318359375e+01
9.968178868293762207e-01 1.786601613275706768e-03 7.999858818948268890e-03 -1.675446517765522003e-02 3.973632049560546875e+01
1.002907037734985352e+00 1.831117318943142891e-03 7.162135560065507889e-03 -1.684771478176116943e-02 4.048629760742187500e+01
1.008370161056518555e+00 1.874846289865672588e-03 6.319749634712934494e-03 -1.693027094006538391e-02 4.123627853393554688e+01
1.013203740119934082e+00 1.917645451612770557e-03 5.473236087709665298e-03 -1.700202748179435730e-02 4.198626327514648438e+01
1.017404556274414062e+00 1.959468470886349678e-03 4.623134620487689972e-03 -1.706285960972309113e-02 4.273625183105468750e+01
1.020969867706298828e+00 2.000199398025870323e-03 3.769991686567664146e-03 -1.711269654333591461e-02 4.348624420166015625e+01
1.023897409439086914e+00 2.039797836914658546e-03 2.914356766268610954e-03 -1.715145073831081390e-02 4.423623657226562500e+01
1.026185154914855957e+00 2.078090794384479523e-03 2.056784229353070259e-03 -1.717914268374443054e-02 4.498623275756835938e+01
1.027831673622131348e+00 2.115100855007767677e-03 1.197827048599720001e-03 -1.719571277499198914e-02 4.573623275756835938e+01
1.028835773468017578e+00 2.150722080841660500e-03 3.380413982085883617e-04 -1.720118336379528046e-02 4.648623275756835938e+01
1.029196858406066895e+00 2.184941200539469719e-03 -5.220177699811756611e-04 -1.719554699957370758e-02 4.723623275756835938e+01
1.028914570808410645e+00 2.217634348198771477e-03 -1.381795154884457588e-03 -1.717887818813323975e-02 4.798623275756835938e+01
1.027989149093627930e+00 2.248856704682111740e-03 -2.240739064291119576e-03 -1.715117134153842926e-02 4.873623275756835938e+01
1.026421070098876953e+00 2.278496511280536652e-03 -3.098297631368041039e-03 -1.711252331733703613e-02 4.948623275756835938e+01
1.024211287498474121e+00 2.306580776348710060e-03 -3.953923936933279037e-03 -1.706296950578689575e-02 5.023622894287109375e+01
1.021361231803894043e+00 2.333139069378376007e-03 -4.807072225958108902e-03 -1.700254157185554504e-02 5.098622512817382812e+01
1.017872571945190430e+00 2.358010504394769669e-03 -5.657199304550886154e-03 -1.693139225244522095e-02 5.173621749877929688e+01
1.013747572898864746e+00 2.381400903686881065e-03 -6.503768730908632278e-03 -1.684948429465293884e-02 5.248620605468750000e+01
1.008988857269287109e+00 2.403199905529618263e-03 -7.346243131905794144e-03 -1.675692386925220490e-02 5.323619079589843750e+01
1.003599405288696289e+00 2.423332771286368370e-03 -8.184089325368404388e-03 -1.665383763611316681e-02 5.398617172241210938e+01
9.975825548171997070e-01 2.441848162561655045e-03 -9.016781114041805267e-03 -1.654029823839664459e-02 5.473614883422851562e+01
9.909421205520629883e-01 2.458789385855197906e-03 -9.843796491622924805e-03 -1.641636714339256287e-02 5.548611831665039062e+01
9.836823344230651855e-01 2.474118256941437721e-03 -1.066461484879255295e-02 -1.628215238451957703e-02 5.623608398437500000e+01
9.758077263832092285e-01 2.487795194610953331e-03 -1.147872209548950195e-02 -1.613778062164783478e-02 5.698604202270507812e+01
9.673232436180114746e-01 2.499892609193921089e-03 -1.228561066091060638e-02 -1.598332077264785767e-02 5.773599243164062500e+01
9.582342505455017090e-01 2.510447753593325615e-03 -1.308477669954299927e-02 -1.581884175539016724e-02 5.848593902587890625e+01
9.485464692115783691e-01 2.519261091947555542e-03 -1.387571915984153748e-02 -1.564457267522811890e-02 5.923587799072265625e+01
9.382659792900085449e-01 2.526520285755395889e-03 -1.465794816613197327e-02 -1.546054705977439880e-02 5.998580932617187500e+01
9.273992180824279785e-01 2.532185055315494537e-03 -1.543097570538520813e-02 -1.526689529418945312e-02 6.073572921752929688e+01
9.159530401229858398e-01 2.536356681957840919e-03 -1.619432121515274048e-02 -1.506367325782775879e-02 6.148564147949218750e+01
9.039346575736999512e-01 2.538898726925253868e-03 -1.694750413298606873e-02 -1.485106628388166428e-02 6.223554611206054688e+01
8.913515806198120117e-01 2.539828652516007423e-03 -1.769005693495273590e-02 -1.462921034544706345e-02 6.298543930053710938e+01
8.782116770744323730e-01 2.539088018238544464e-03 -1.842151768505573273e-02 -1.439829636365175247e-02 6.373532485961914062e+01
8.645232319831848145e-01 2.536788117140531540e-03 -1.914143189787864685e-02 -1.415842026472091675e-02 6.448519897460937500e+01
8.502948284149169922e-01 2.532994374632835388e-03 -1.984935253858566284e-02 -1.390968076884746552e-02 6.523506164550781250e+01
8.355354070663452148e-01 2.527673263102769852e-03 -2.054483629763126373e-02 -1.365222409367561340e-02 6.598491668701171875e+01
8.202542066574096680e-01 2.520703244954347610e-03 -2.122744731605052948e-02 -1.338628306984901428e-02 6.673476409912109375e+01
8.044608235359191895e-01 2.511966042220592499e-03 -2.189676091074943542e-02 -1.311213709414005280e-02 6.748459625244140625e+01
7.881651520729064941e-01 2.501832554116845131e-03 -2.255236729979515076e-02 -1.282977312803268433e-02 6.823442077636718750e+01
7.713773846626281738e-01 2.490124665200710297e-03 -2.319385670125484467e-02 -1.253943797200918198e-02 6.898423004150390625e+01
7.541080117225646973e-01 2.476923633366823196e-03 -2.382082864642143250e-02 -1.224126946181058884e-02 6.973403167724609375e+01
7.363678812980651855e-01 2.462115604430437088e-03 -2.443289197981357574e-02 -1.193552091717720032e-02 7.048382568359375000e+01
7.181680798530578613e-01 2.445743652060627937e-03 -2.502966858446598053e-02 -1.162238698452711105e-02 7.123360443115234375e+01
6.995200514793395996e-01 2.428035950288176537e-03 -2.561078779399394989e-02 -1.130192261189222336e-02 7.198337554931640625e+01
6.804354190826416016e-01 2.408628584817051888e-03 -2.617588452994823456e-02 -1.097452733665704727e-02 7.273313140869140625e+01
6.609261631965637207e-01 2.387854037806391716e-03 -2.672461047768592834e-02 -1.064025145024061203e-02 7.348287963867187500e+01
6.410044431686401367e-01 2.365407766774296761e-03 -2.725662291049957275e-02 -1.029948331415653229e-02 7.423261260986328125e+01
6.206827163696289062e-01 2.341753570362925529e-03 -2.777159772813320160e-02 -9.952190332114696503e-03 7.498233795166015625e+01
5.999737381935119629e-01 2.316554309800267220e-03 -2.826920710504055023e-02 -9.598745964467525482e-03 7.573205566406250000e+01
5.788904428482055664e-01 2.289825351908802986e-03 -2.874914370477199554e-02 -9.239406324923038483e-03 7.648175811767578125e+01
5.574460029602050781e-01 2.261733636260032654e-03 -2.921111322939395905e-02 -8.874326013028621674e-03 7.723145294189453125e+01
5.356538295745849609e-01 2.232190687209367752e-03 -2.965482883155345917e-02 -8.503791876137256622e-03 7.798113250732421875e+01
5.135275125503540039e-01 2.201357856392860413e-03 -3.008001856505870819e-02 -8.127954788506031036e-03 7.873080444335937500e+01
4.910809099674224854e-01 2.169137820601463318e-03 -3.048641607165336609e-02 -7.747101597487926483e-03 7.948046875000000000e+01
4.683280587196350098e-01 2.135512651875615120e-03 -3.087377175688743591e-02 -7.361507974565029144e-03 8.023012542724609375e+01
4.452831447124481201e-01 2.100674435496330261e-03 -3.124184720218181610e-02 -6.971321068704128265e-03 8.097977447509765625e+01
4.219605624675750732e-01 2.064374508336186409e-03 -3.159041330218315125e-02 -6.576938554644584656e-03 8.172940826416015625e+01
3.983748555183410645e-01 2.027078066021203995e-03 -3.191925957798957825e-02 -6.178356241434812546e-03 8.247903442382812500e+01
3.745407760143280029e-01 1.988526200875639915e-03 -3.222817555069923401e-02 -5.775922443717718124e-03 8.322865295410156250e+01
3.504731953144073486e-01 1.948521006852388382e-03 -3.251697123050689697e-02 -5.370046477764844894e-03 8.397826385498046875e+01
3.261871337890625000e-01 1.907422090880572796e-03 -3.278547525405883789e-02 -4.960830323398113251e-03 8.472786712646484375e+01
3.016977608203887939e-01 1.865195226855576038e-03 -3.303351625800132751e-02 -4.548532888293266296e-03 8.547747039794921875e+01
2.770203351974487305e-01 1.821658457629382610e-03 -3.326094150543212891e-02 -4.133542068302631378e-03 8.622706604003906250e+01
2.521702647209167480e-01 1.777041237801313400e-03 -3.346761688590049744e-02 -3.716035280376672745e-03 8.697665405273437500e+01
2.271630465984344482e-01 1.731391763314604759e-03 -3.365341946482658386e-02 -3.296244889497756958e-03 8.772623443603515625e+01
2.020142674446105957e-01 1.684767659753561020e-03 -3.381823003292083740e-02 -2.874390454962849617e-03 8.847581481933593750e+01
1.767396181821823120e-01 1.637001987546682358e-03 -3.396194800734519958e-02 -2.450840082019567490e-03 8.922538757324218750e+01
1.513548493385314941e-01 1.588325714692473412e-03 -3.408449143171310425e-02 -2.025754423812031746e-03 8.997496032714843750e+01
1.258758008480072021e-01 1.538628246635198593e-03 -3.418577834963798523e-02 -1.599462004378437996e-03 9.072452545166015625e+01
1.003183424472808838e-01 1.488069072365760803e-03 -3.426575288176536560e-02 -1.172153162769973278e-03 9.147409057617187500e+01
7.469841837882995605e-02 1.436716644093394279e-03 -3.432435914874076843e-02 -7.440355839207768440e-04 9.222365570068359375e+01
4.903199523687362671e-02 1.384229864925146103e-03 -3.436155989766120911e-02 -3.155911981593817472e-04 9.297321319580078125e+01
2.333506755530834198e-02 1.331014209426939487e-03 -3.437734022736549377e-02 1.130861055571585894e-04 9.372277069091796875e+01
-2.376347780227661133e-03 1.276983413845300674e-03 -3.437168523669242859e-02 5.416918429546058178e-04 9.447232818603515625e+01
-2.808622084558010101e-02 1.222313381731510162e-03 -3.434460237622261047e-02 9.700636728666722775e-04 9.522188568115234375e+01
-5.377852916717529297e-02 1.166703528724610806e-03 -3.429609909653663635e-02 1.397756859660148621e-03 9.597144317626953125e+01
-7.943725585937500000e-02 1.110326615162193775e-03 -3.422621265053749084e-02 1.824537292122840881e-03 9.672100067138671875e+01
-1.050464212894439697e-01 1.053333980962634087e-03 -3.413498401641845703e-02 2.250205958262085915e-03 9.747056579589843750e+01
-1.305900514125823975e-01 9.955832501873373985e-04 -3.402247279882431030e-02 2.674400340765714645e-03 9.822013092041015625e+01
-1.560522317886352539e-01 9.374456130899488926e-04 -3.388875350356101990e-02 3.097055247053503990e-03 9.896969604492187500e+01
-1.814170926809310913e-01 8.786530815996229649e-04 -3.373390063643455505e-02 3.517780685797333717e-03 9.971926879882812500e+01
-2.066688090562820435e-01 8.192058303393423557e-04 -3.355801105499267578e-02 3.936265595257282257e-03 1.004688415527343750e+02
-2.317916601896286011e-01 7.593484479002654552e-04 -3.336119651794433594e-02 4.352359101176261902e-03 1.012184219360351562e+02
-2.567699849605560303e-01 6.989540415816009045e-04 -3.314357995986938477e-02 4.765725228935480118e-03 1.019680023193359375e+02
-2.815881967544555664e-01 6.382560241036117077e-04 -3.290529549121856689e-02 5.176225211471319199e-03 1.027175903320312500e+02
-3.062308132648468018e-01 5.771485739387571812e-04 -3.264648467302322388e-02 5.583554971963167191e-03 1.034671859741210938e+02
-3.306824862957000732e-01 5.155788385309278965e-04 -3.236730769276618958e-02 5.987396929413080215e-03 1.042167892456054688e+02
-3.549279570579528809e-01 4.536943160928785801e-04 -3.206793963909149170e-02 6.387544330209493637e-03 1.049664001464843750e+02
-3.789521157741546631e-01 3.914909029845148325e-04 -3.174856305122375488e-02 6.783725693821907043e-03 1.057160186767578125e+02
-4.027399718761444092e-01 3.290676977485418320e-04 -3.140937536954879761e-02 7.175728678703308105e-03 1.064656448364257812e+02
-4.262766838073730469e-01 2.662946935743093491e-04 -3.105058893561363220e-02 7.563203573226928711e-03 1.072152786254882812e+02
-4.495475888252258301e-01 2.035507350228726864e-04 -3.067242912948131561e-02 7.946101017296314240e-03 1.079649200439453125e+02
-4.725381433963775635e-01 1.406048831995576620e-04 -3.027512319386005402e-02 8.324069902300834656e-03 1.087145690917968750e+02
-4.952339828014373779e-01 7.770782394800335169e-05 -2.985891886055469513e-02 8.697003126144409180e-03 1.094642257690429688e+02
-5.176209807395935059e-01 1.461258216295391321e-05 -2.942406944930553436e-02 9.064524434506893158e-03 1.102138900756835938e+02
-5.396851301193237305e-01 -4.836643347516655922e-05 -2.897084318101406097e-02 9.426551871001720428e-03 1.109635620117187500e+02
-5.614126324653625488e-01 -1.114840270020067692e-04 -2.849951572716236115e-02 9.782707318663597107e-03 1.117132492065429688e+02
-5.827899575233459473e-01 -1.746351481415331364e-04 -2.801037952303886414e-02 1.013276167213916779e-02 1.124629440307617188e+02
-6.038036942481994629e-01 -2.376730262767523527e-04 -2.750374190509319305e-02 1.047654077410697937e-02 1.132126464843750000e+02
-6.244407892227172852e-01 -3.005447506438940763e-04 -2.697991579771041870e-02 1.081384718418121338e-02 1.139623641967773438e+02
-6.446883082389831543e-01 -3.633106825873255730e-04 -2.643922343850135803e-02 1.114441454410552979e-02 1.147120895385742188e+02
-6.645335555076599121e-01 -4.258180852048099041e-04 -2.588200196623802185e-02 1.146809384226799011e-02 1.154618301391601562e+02
-6.839641928672790527e-01 -4.882263892795890570e-04 -2.530859783291816711e-02 1.178456004709005356e-02 1.162115783691406250e+02
-7.029680013656616211e-01 -5.501675186678767204e-04 -2.471937052905559540e-02 1.209379360079765320e-02 1.169613342285156250e+02
-7.215331196784973145e-01 -6.118046585470438004e-04 -2.411468140780925751e-02 1.239552348852157593e-02 1.177111053466796875e+02
-7.396479845046997070e-01 -6.730953464284539223e-04 -2.349490486085414886e-02 1.268955599516630173e-02 1.184608840942382812e+02
-7.573012113571166992e-01 -7.340053562074899673e-04 -2.286042645573616028e-02 1.297569833695888519e-02 1.192106781005859375e+02
-7.744817137718200684e-01 -7.944921380840241909e-04 -2.221164107322692871e-02 1.325376518070697784e-02 1.199604797363281250e+02
-7.911787629127502441e-01 -8.545125019736588001e-04 -2.154895290732383728e-02 1.352358050644397736e-02 1.207102966308593750e+02
-8.073819279670715332e-01 -9.140418842434883118e-04 -2.087277360260486603e-02 1.378495898097753525e-02 1.214601211547851562e+02
-8.230810761451721191e-01 -9.729260345920920372e-04 -2.018352597951889038e-02 1.403780747205018997e-02 1.222099533081054688e+02
-8.382663130760192871e-01 -1.031226129271090031e-03 -1.948163472115993500e-02 1.428193040192127228e-02 1.229598007202148438e+02
-8.529281616210937500e-01 -1.089097000658512115e-03 -1.876753754913806915e-02 1.451703812927007675e-02 1.237096557617187500e+02
-8.670574426651000977e-01 -1.146081252954900265e-03 -1.804168522357940674e-02 1.474320236593484879e-02 1.244595260620117188e+02
-8.806452751159667969e-01 -1.202519400976598263e-03 -1.730452477931976318e-02 1.496009435504674911e-02 1.252094039916992188e+02
-8.936831355094909668e-01 -1.258123083971440792e-03 -1.655652001500129700e-02 1.516769826412200928e-02 1.259592895507812500e+02
-9.061628580093383789e-01 -1.313010812737047672e-03 -1.579813472926616669e-02 1.536580733954906464e-02 1.267091827392578125e+02
-9.180766344070434570e-01 -1.367017859593033791e-03 -1.502984389662742615e-02 1.555436477065086365e-02 1.274590911865234375e+02
-9.294169545173645020e-01 -1.420301385223865509e-03 -1.425212528556585312e-02 1.573314331471920013e-02 1.282089996337890625e+02
-9.401766657829284668e-01 -1.472607487812638283e-03 -1.346546784043312073e-02 1.590213552117347717e-02 1.289589233398437500e+02
-9.503490924835205078e-01 -1.524092513136565685e-03 -1.267036143690347672e-02 1.606113649904727936e-02 1.297088470458984375e+02
-9.599277973175048828e-01 -1.574550871737301350e-03 -1.186730433255434036e-02 1.621012948453426361e-02 1.304587860107421875e+02
-9.689067602157592773e-01 -1.624118071049451828e-03 -1.105679757893085480e-02 1.634893193840980530e-02 1.312087249755859375e+02
-9.772803783416748047e-01 -1.672612386755645275e-03 -1.023935060948133469e-02 1.647752523422241211e-02 1.319586791992187500e+02
-9.850434064865112305e-01 -1.720120315439999104e-03 -9.415474720299243927e-03 1.659576594829559326e-02 1.327086334228515625e+02
-9.921908974647521973e-01 -1.766517292708158493e-03 -8.585686795413494110e-03 1.670362055301666260e-02 1.334586029052734375e+02
-9.987183809280395508e-01 -1.811836147680878639e-03 -7.750505581498146057e-03 1.680098660290241241e-02 1.342085723876953125e+02
-1.004621744155883789e+00 -1.856012153439223766e-03 -6.910456344485282898e-03 1.688781566917896271e-02 1.349585418701171875e+02
-1.009897351264953613e+00 -1.899015391245484352e-03 -6.066065747290849686e-03 1.696405187249183655e-02 1.357085266113281250e+02
-1.014541864395141602e+00 -1.940802671015262604e-03 -5.217863246798515320e-03 1.702966354787349701e-02 1.364585113525390625e+02
-1.018552303314208984e+00 -1.981332432478666306e-03 -4.366380162537097931e-03 1.708462275564670563e-02 1.372084960937500000e+02
-1.021926164627075195e+00 -2.020670101046562195e-03 -3.512148978188633919e-03 1.712884195148944855e-02 1.379584960937500000e+02
-1.024661302566528320e+00 -2.058757469058036804e-03 -2.655706834048032761e-03 1.716229505836963654e-02 1.387084960937500000e+02
-1.026756048202514648e+00 -2.095508156344294548e-03 -1.797592034563422203e-03 1.718499325215816498e-02 1.394584960937500000e+02
-1.028208971023559570e+00 -2.130917739123106003e-03 -9.383423603139817715e-04 1.719692163169384003e-02 1.402084960937500000e+02
-1.029019236564636230e+00 -2.165038371458649635e-03 -7.849629037082195282e-05 1.719802618026733398e-02 1.409584960937500000e+02
-1.029186367988586426e+00 -2.197807421907782555e-03 7.814050186425447464e-04 1.718831062316894531e-02 1.417084960937500000e+02
-1.028710246086120605e+00 -2.229223493486642838e-03 1.640820642933249474e-03 1.716776192188262939e-02 1.424584960937500000e+02
-1.027591109275817871e+00 -2.259103348478674889e-03 2.499208785593509674e-03 1.713649183511734009e-02 1.432084960937500000e+02
-1.025829672813415527e+00 -2.287530340254306793e-03 3.356033470481634140e-03 1.709449291229248047e-02 1.439584960937500000e+02
-1.023427009582519531e+00 -2.314544748514890671e-03 4.210758022964000702e-03 1.704175770282745361e-02 1.447084960937500000e+02
-1.020384669303894043e+00 -2.340134466066956520e-03 5.062846001237630844e-03 1.697830483317375183e-02 1.454584960937500000e+02
-1.016704559326171875e+00 -2.364296698942780495e-03 5.911761429160833359e-03 1.690414734184741974e-02 1.462084808349609375e+02
-1.012388944625854492e+00 -2.386956941336393356e-03 6.756968796253204346e-03 1.681935414671897888e-02 1.469584655761718750e+02
-1.007440567016601562e+00 -2.408027183264493942e-03 7.597936317324638367e-03 1.672403328120708466e-02 1.477084503173828125e+02
-1.001862525939941406e+00 -2.427544677630066872e-03 8.434138260781764984e-03 1.661823503673076630e-02 1.484584350585937500e+02
-9.956583976745605469e-01 -2.445615362375974655e-03 9.265050292015075684e-03 1.650195382535457611e-02 1.492084045410156250e+02
-9.888319969177246094e-01 -2.462055068463087082e-03 1.009014807641506195e-02 1.637535355985164642e-02 1.499583740234375000e+02
-9.813876152038574219e-01 -2.476862398907542229e-03 1.090891566127538681e-02 1.623853854835033417e-02 1.507083435058593750e+02
-9.733299016952514648e-01 -2.490184037014842033e-03 1.172084268182516098e-02 1.609151437878608704e-02 1.514582977294921875e+02
-9.646639823913574219e-01 -2.501914976164698601e-03 1.252541877329349518e-02 1.593441329896450043e-02 1.522082519531250000e+02
-9.553952217102050781e-01 -2.511962084099650383e-03 1.332213915884494781e-02 1.576740108430385590e-02 1.529581909179687500e+02
-9.455295205116271973e-01 -2.520687412470579147e-03 1.411050930619239807e-02 1.559036597609519958e-02 1.537081298828125000e+02
-9.350730180740356445e-01 -2.527554519474506378e-03 1.489002723246812820e-02 1.540369540452957153e-02 1.544580535888671875e+02
-9.240322709083557129e-01 -2.533053047955036163e-03 1.566021144390106201e-02 1.520726084709167480e-02 1.552079772949218750e+02
-9.124142527580261230e-01 -2.536665881052613258e-03 1.642057485878467560e-02 1.500146370381116867e-02 1.559578857421875000e+02
-9.002261757850646973e-01 -2.538936911150813103e-03 1.717064715921878815e-02 1.478616055101156235e-02 1.567077941894531250e+02
-8.874757289886474609e-01 -2.539512002840638161e-03 1.790995523333549500e-02 1.456164196133613586e-02 1.574576873779296875e+02
-8.741709589958190918e-01 -2.538357861340045929e-03 1.863803714513778687e-02 1.432810910046100616e-02 1.582075653076171875e+02
-8.603201508522033691e-01 -2.535843290388584137e-03 1.935444213449954987e-02 1.408550236374139786e-02 1.589574432373046875e+02
-8.459320068359375000e-01 -2.531600883230566978e-03 2.005871757864952087e-02 1.383415050804615021e-02 1.597073059082031250e+02
-8.310155272483825684e-01 -2.525807358324527740e-03 2.075042575597763062e-02 1.357414014637470245e-02 1.604571533203125000e+02
-8.155800700187683105e-01 -2.518241293728351593e-03 2.142913267016410828e-02 1.330578140914440155e-02 1.612070007324218750e+02
-7.996353507041931152e-01 -2.509196288883686066e-03 2.209442108869552612e-02 1.302911341190338135e-02 1.619568328857421875e+02
-7.831913232803344727e-01 -2.498672343790531158e-03 2.274587750434875488e-02 1.274428144097328186e-02 1.627066497802734375e+02
-7.662582993507385254e-01 -2.486660610884428024e-03 2.338309213519096375e-02 1.245144382119178772e-02 1.634564514160156250e+02
-7.488468885421752930e-01 -2.473097527399659157e-03 2.400566451251506805e-02 1.215081103146076202e-02 1.642062530517578125e+02
-7.309679985046386719e-01 -2.457737457007169724e-03 2.461320534348487854e-02 1.184274815022945404e-02 1.649560394287109375e+02
-7.126328349113464355e-01 -2.440887968987226486e-03 2.520534209907054901e-02 1.152733527123928070e-02 1.657058105468750000e+02
-6.938528418540954590e-01 -2.422841964289546013e-03 2.578170970082283020e-02 1.120456121861934662e-02 1.664555816650390625e+02
-6.746398210525512695e-01 -2.402817830443382263e-03 2.634193748235702515e-02 1.087506767362356186e-02 1.672053375244140625e+02
-6.550057530403137207e-01 -2.381325932219624519e-03 2.688569016754627228e-02 1.053888630121946335e-02 1.679550781250000000e+02
-6.349629163742065430e-01 -2.358485478907823563e-03 2.741263434290885925e-02 1.019614934921264648e-02 1.687048034667968750e+02
-6.145238876342773438e-01 -2.334580291062593460e-03 2.792244218289852142e-02 9.846838191151618958e-03 1.694545288085937500e+02
-5.937014818191528320e-01 -2.308732829988002777e-03 2.841478399932384491e-02 9.491653181612491608e-03 1.702042388916015625e+02
-5.725086331367492676e-01 -2.281711902469396591e-03 2.888936735689640045e-02 9.130470454692840576e-03 1.709539337158203125e+02
-5.509586334228515625e-01 -2.253118902444839478e-03 2.934589050710201263e-02 8.763716556131839752e-03 1.717036285400390625e+02
-5.290649533271789551e-01 -2.223174320533871651e-03 2.978407591581344604e-02 8.391538634896278381e-03 1.724533081054687500e+02
-5.068413019180297852e-01 -2.191682113334536552e-03 3.020365349948406219e-02 8.014310151338577271e-03 1.732029724121093750e+02
-4.843015372753143311e-01 -2.159256720915436745e-03 3.060436993837356567e-02 7.631912361830472946e-03 1.739526367187500000e+02
-4.614597558975219727e-01 -2.125289523974061012e-03 3.098596632480621338e-02 7.244875188916921616e-03 1.747022857666015625e+02
-4.383302032947540283e-01 -2.089816844090819359e-03 3.134820982813835144e-02 6.853507366031408310e-03 1.754519348144531250e+02
-4.149273335933685303e-01 -2.053175354376435280e-03 3.169088438153266907e-02 6.457905750721693039e-03 1.762015686035156250e+02
-3.912657499313354492e-01 -2.015438163653016090e-03 3.201378136873245239e-02 6.058240775018930435e-03 1.769512023925781250e+02
-3.673602342605590820e-01 -1.976354978978633881e-03 3.231669217348098755e-02 5.654894281178712845e-03 1.777008209228515625e+02
-3.432256877422332764e-01 -1.936150481924414635e-03 3.259943798184394836e-02 5.248016212135553360e-03 1.784504394531250000e+02
-3.188771903514862061e-01 -1.894349348731338978e-03 3.286183997988700867e-02 4.838178865611553192e-03 1.792000427246093750e+02
-2.943299114704132080e-01 -1.851895591244101524e-03 3.310374915599822998e-02 4.425141960382461548e-03 1.799496459960937500e+02
-2.695991694927215576e-01 -1.808242639526724815e-03 3.332500532269477844e-02 4.009381402283906937e-03 1.806992340087890625e+02
-2.447004020214080811e-01 -1.763621345162391663e-03 3.352547436952590942e-02 3.591032000258564949e-03 1.814488220214843750e+02
-2.196491360664367676e-01 -1.717786653898656368e-03 3.370502591133117676e-02 3.170492127537727356e-03 1.821984100341796875e+02
-1.944609880447387695e-01 -1.670738682150840759e-03 3.386355191469192505e-02 2.748089376837015152e-03 1.829479827880859375e+02
-1.691516637802124023e-01 -1.622833078727126122e-03 3.400095552206039429e-02 2.323913620784878731e-03 1.836975555419921875e+02
-1.437369585037231445e-01 -1.573874149471521378e-03 3.411715105175971985e-02 1.898324815556406975e-03 1.844471282958984375e+02
-1.182327121496200562e-01 -1.524099847301840782e-03 3.421206772327423096e-02 1.471460214816033840e-03 1.851967010498046875e+02
-9.265482425689697266e-02 -1.473030308261513710e-03 3.428564220666885376e-02 1.043887692503631115e-03 1.859462585449218750e+02
-6.701923906803131104e-02 -1.421258319169282913e-03 3.433783724904060364e-02 6.156080635264515877e-04 1.866958160400390625e+02
-4.134194180369377136e-02 -1.368605648167431355e-03 3.436861932277679443e-02 1.869613479357212782e-04 1.874453735351562500e+02
-1.563894003629684448e-02 -1.315069152042269707e-03 3.437796607613563538e-02 -2.417599607724696398e-04 1.881949310302734375e+02
1.007374189794063568e-02 -1.260677818208932877e-03 3.436587750911712646e-02 -6.702720420435070992e-04 1.889444885253906250e+02
3.578007966279983521e-02 -1.205557025969028473e-03 3.433236479759216309e-02 -1.098357141017913818e-03 1.896940460205078125e+02
6.146405637264251709e-02 -1.149720977991819382e-03 3.427744656801223755e-02 -1.525753061287105083e-03 1.904436035156250000e+02
8.710965514183044434e-02 -1.093479222618043423e-03 3.420116007328033447e-02 -1.952400314621627331e-03 1.911931610107421875e+02
1.127008795738220215e-01 -1.036259694956243038e-03 3.410353884100914001e-02 -2.377721015363931656e-03 1.919427185058593750e+02
1.382218003273010254e-01 -9.783612331375479698e-04 3.398465365171432495e-02 -2.801529597491025925e-03 1.926922912597656250e+02
1.636564880609512329e-01 -9.196605533361434937e-04 3.384457901120185852e-02 -3.223437350243330002e-03 1.934418640136718750e+02
1.889891177415847778e-01 -8.605144685134291649e-04 3.368340805172920227e-02 -3.643335774540901184e-03 1.941914367675781250e+02
2.142038941383361816e-01 -8.010087185539305210e-04 3.350124135613441467e-02 -4.061043728142976761e-03 1.949410095214843750e+02
2.392850965261459351e-01 -7.411267142742872238e-04 3.329819068312644958e-02 -4.476329777389764786e-03 1.956905975341796875e+02
2.642170786857604980e-01 -6.806142046116292477e-04 3.307437524199485779e-02 -4.888778552412986755e-03 1.964401855468750000e+02
2.889843285083770752e-01 -6.197615875862538815e-04 3.282993659377098083e-02 -5.298254545778036118e-03 1.971897735595703125e+02
3.135713934898376465e-01 -5.586321931332349777e-04 3.256502375006675720e-02 -5.704555660486221313e-03 1.979393768310546875e+02
3.379629254341125488e-01 -4.970036097802221775e-04 3.227979689836502075e-02 -6.107291672378778458e-03 1.986889801025390625e+02
3.621437251567840576e-01 -4.351414390839636326e-04 3.197443112730979919e-02 -6.506322417408227921e-03 1.994385833740234375e+02
3.860987126827239990e-01 -3.730892785824835300e-04 3.164911642670631409e-02 -6.901437416672706604e-03 2.001882019042968750e+02
4.098129272460937500e-01 -3.106213698629289865e-04 3.130404278635978699e-02 -7.292241789400577545e-03 2.009378204345703125e+02
4.332715868949890137e-01 -2.480022085364907980e-04 3.093942999839782715e-02 -7.678591180592775345e-03 2.016874542236328125e+02
4.564600586891174316e-01 -1.848600222729146481e-04 3.055549971759319305e-02 -8.059977553784847260e-03 2.024371032714843750e+02
4.793638885021209717e-01 -1.217524841194972396e-04 3.015250153839588165e-02 -8.436398580670356750e-03 2.031867523193359375e+02
5.019687414169311523e-01 -5.882115510758012533e-05 2.973068132996559143e-02 -8.807751350104808807e-03 2.039364166259765625e+02
5.242605209350585938e-01 4.500587237998843193e-06 2.929029427468776703e-02 -9.173475205898284912e-03 2.046860809326171875e+02
5.462253093719482422e-01 6.745874270563945174e-05 2.883161976933479309e-02 -9.533722884953022003e-03 2.054357604980468750e+02
5.678493976593017578e-01 1.304385077673941851e-04 2.835493348538875580e-02 -9.888111613690853119e-03 2.061854553222656250e+02
5.891192555427551270e-01 1.937036286108195782e-04 2.786052785813808441e-02 -1.023619249463081360e-02 2.069351501464843750e+02
6.100216507911682129e-01 2.565202303230762482e-04 2.734871767461299896e-02 -1.057810988277196884e-02 2.076848602294921875e+02
6.305434703826904297e-01 3.194351738784462214e-04 2.681981213390827179e-02 -1.091336365789175034e-02 2.084345855712890625e+02
6.506718993186950684e-01 3.820371930487453938e-04 2.627414464950561523e-02 -1.124192029237747192e-02 2.091843109130859375e+02
6.703943610191345215e-01 4.444372898433357477e-04 2.571204863488674164e-02 -1.156351622194051743e-02 2.099340515136718750e+02
6.896984577178955078e-01 5.067070014774799347e-04 2.513387240469455719e-02 -1.187786832451820374e-02 2.106838073730468750e+02
7.085722088813781738e-01 5.685266805812716484e-04 2.453997917473316193e-02 -1.218493003398180008e-02 2.114335632324218750e+02
7.270037531852722168e-01 6.300580571405589581e-04 2.393073216080665588e-02 -1.248442381620407104e-02 2.121833343505859375e+02
7.449815869331359863e-01 6.912965909577906132e-04 2.330651134252548218e-02 -1.277612242847681046e-02 2.129331207275390625e+02
7.624944448471069336e-01 7.521574152633547783e-04 2.266770601272583008e-02 -1.305984426289796829e-02 2.136829223632812500e+02
7.795313596725463867e-01 8.125912863761186600e-04 2.201471291482448578e-02 -1.333540305495262146e-02 2.144327239990234375e+02
7.960816621780395508e-01 8.723941282369196415e-04 2.134794369339942932e-02 -1.360273361206054688e-02 2.151825408935546875e+02
8.121350407600402832e-01 9.317290387116372585e-04 2.066780626773834229e-02 -1.386157795786857605e-02 2.159323730468750000e+02
8.276813626289367676e-01 9.904872858896851540e-04 1.997472718358039856e-02 -1.411180011928081512e-02 2.166822052001953125e+02
8.427109122276306152e-01 1.048570498824119568e-03 1.926913671195507050e-02 -1.435329113155603409e-02 2.174320526123046875e+02
8.572142720222473145e-01 1.106123207136988640e-03 1.855147257447242737e-02 -1.458579488098621368e-02 2.181819152832031250e+02
8.711823821067810059e-01 1.163015142083168030e-03 1.782218366861343384e-02 -1.480919308960437775e-02 2.189317779541015625e+02
8.846064805984497070e-01 1.219146302901208401e-03 1.708172447979450226e-02 -1.502338051795959473e-02 2.196816558837890625e+02
8.974781036376953125e-01 1.274629263207316399e-03 1.633055508136749268e-02 -1.522813364863395691e-02 2.204315490722656250e+02
9.097892045974731445e-01 1.329290447756648064e-03 1.556914858520030975e-02 -1.542338170111179352e-02 2.211814422607421875e+02
9.215320348739624023e-01 1.383076887577772141e-03 1.479797996580600739e-02 -1.560902502387762070e-02 2.219313507080078125e+02
9.326992630958557129e-01 1.436142949387431145e-03 1.401752885431051254e-02 -1.578483358025550842e-02 2.226812744140625000e+02
9.432838559150695801e-01 1.488247071392834187e-03 1.322828698903322220e-02 -1.595078967511653900e-02 2.234311981201171875e+02
9.532791972160339355e-01 1.539417658932507038e-03 1.243074797093868256e-02 -1.610676944255828857e-02 2.241811370849609375e+02
9.626789689064025879e-01 1.589579391293227673e-03 1.162540912628173828e-02 -1.625270396471023560e-02 2.249310760498046875e+02
9.714773297309875488e-01 1.638821791857481003e-03 1.081277430057525635e-02 -1.638843305408954620e-02 2.256810302734375000e+02
9.796686768531799316e-01 1.686973380856215954e-03 9.993352927267551422e-03 -1.651394180953502655e-02 2.264309844970703125e+02
9.872478842735290527e-01 1.734122168272733688e-03 9.167656302452087402e-03 -1.662908867001533508e-02 2.271809387207031250e+02
9.942102432250976562e-01 1.780155580490827560e-03 8.336202241480350494e-03 -1.673384010791778564e-02 2.279309082031250000e+02
1.000551342964172363e+00 1.825113897211849689e-03 7.499510422348976135e-03 -1.682808808982372284e-02 2.286808776855468750e+02
1.006267189979553223e+00 1.868932275101542473e-03 6.658106110990047455e-03 -1.691178232431411743e-02 2.294308624267578125e+02
1.011354207992553711e+00 1.911566010676324368e-03 5.812516901642084122e-03 -1.698487810790538788e-02 2.301808471679687500e+02
1.015809178352355957e+00 1.953001716174185276e-03 4.963273182511329651e-03 -1.704732142388820648e-02 2.309308319091796875e+02
1.019629240036010742e+00 1.993228914216160774e-03 4.110907204449176788e-03 -1.709905825555324554e-02 2.316808166503906250e+02
1.022812128067016602e+00 2.032246207818388939e-03 3.255954245105385780e-03 -1.714002899825572968e-02 2.324308166503906250e+02
1.025355696678161621e+00 2.069855341687798500e-03 2.398952841758728027e-03 -1.717030815780162811e-02 2.331808166503906250e+02
1.027258396148681641e+00 2.106264932081103325e-03 1.540437340736389160e-03 -1.718976162374019623e-02 2.339308166503906250e+02
1.028519034385681152e+00 2.141355769708752632e-03 6.809492479078471661e-04 -1.719840243458747864e-02 2.346808166503906250e+02
1.029136776924133301e+00 2.175027970224618912e-03 -1.789708621799945831e-04 -1.719627156853675842e-02 2.354308166503906250e+02
1.029111266136169434e+00 2.207349985837936401e-03 -1.038784394040703773e-03 -1.718333363533020020e-02 2.361808166503906250e+02
1.028442502021789551e+00 2.238311572000384331e-03 -1.897951122373342514e-03 -1.715957559645175934e-02 2.369308166503906250e+02
1.027130961418151855e+00 2.267890376970171928e-03 -2.755929948762059212e-03 -1.712499931454658508e-02 2.376808166503906250e+02
1.025177359580993652e+00 2.295873360708355904e-03 -3.612180007621645927e-03 -1.707975193858146667e-02 2.384308166503906250e+02
1.022583007812500000e+00 2.322474960237741470e-03 -4.466167651116847992e-03 -1.702375710010528564e-02 2.391808166503906250e+02
1.019349575042724609e+00 2.347513334825634956e-03 -5.317355506122112274e-03 -1.695713587105274200e-02 2.399308166503906250e+02
1.015478968620300293e+00 2.371070673689246178e-03 -6.165212485939264297e-03 -1.687990128993988037e-02 2.406808013916015625e+02
1.010973691940307617e+00 2.393361413851380348e-03 -7.009207736700773239e-03 -1.679193414747714996e-02 2.414307861328125000e+02
1.005836486816406250e+00 2.413948765024542809e-03 -7.848804816603660583e-03 -1.669350452721118927e-02 2.421807708740234375e+02
1.000070691108703613e+00 2.433013403788208961e-03 -8.683480322360992432e-03 -1.658460684120655060e-02 2.429307556152343750e+02
9.936798214912414551e-01 2.450465690344572067e-03 -9.512710385024547577e-03 -1.646536216139793396e-02 2.436807250976562500e+02
9.866679310798645020e-01 2.466632053256034851e-03 -1.033597812056541443e-02 -1.633563451468944550e-02 2.444306945800781250e+02
9.790394306182861328e-01 2.481173258274793625e-03 -1.115276012569665909e-02 -1.619564183056354523e-02 2.451806488037109375e+02
9.707990884780883789e-01 2.494029235094785690e-03 -1.196254231035709381e-02 -1.604553125798702240e-02 2.459306030273437500e+02
9.619520902633666992e-01 2.505208132788538933e-03 -1.276481896638870239e-02 -1.588542759418487549e-02 2.466805572509765625e+02
9.525039792060852051e-01 2.514734398573637009e-03 -1.355908997356891632e-02 -1.571545191109180450e-02 2.474304962158203125e+02
9.424607157707214355e-01 2.522927010431885719e-03 -1.434486266225576401e-02 -1.553550641983747482e-02 2.481804351806640625e+02
9.318285584449768066e-01 2.529486548155546188e-03 -1.512163784354925156e-02 -1.534582395106554031e-02 2.489303588867187500e+02
9.206142425537109375e-01 2.534278668463230133e-03 -1.588892936706542969e-02 -1.514662709087133408e-02 2.496802825927734375e+02
9.088247418403625488e-01 2.537352032959461212e-03 -1.664626039564609528e-02 -1.493807509541511536e-02 2.504301910400390625e+02
8.964674472808837891e-01 2.539192326366901398e-03 -1.739316433668136597e-02 -1.472000312060117722e-02 2.511800842285156250e+02
8.835501670837402344e-01 2.539305482059717178e-03 -1.812916435301303864e-02 -1.449276320636272430e-02 2.519299774169921875e+02
8.700810074806213379e-01 2.538059838116168976e-03 -1.885380223393440247e-02 -1.425628829747438431e-02 2.526798553466796875e+02
8.560683727264404297e-01 2.534596715122461319e-03 -1.956661604344844818e-02 -1.401124615222215652e-02 2.534297180175781250e+02
8.415210247039794922e-01 2.530212048441171646e-03 -2.026717923581600189e-02 -1.375710964202880859e-02 2.541795806884765625e+02
8.264481425285339355e-01 2.523695118725299835e-03 -2.095503546297550201e-02 -1.349465083330869675e-02 2.549294281005859375e+02
8.108592033386230469e-01 2.515862230211496353e-03 -2.162976749241352081e-02 -1.322366483509540558e-02 2.556792602539062500e+02
7.947639226913452148e-01 2.506684511899948120e-03 -2.229095064103603363e-02 -1.294425036758184433e-02 2.564290771484375000e+02
7.781723737716674805e-01 2.495706081390380859e-03 -2.293816395103931427e-02 -1.265682280063629150e-02 2.571788940429687500e+02
7.610949873924255371e-01 2.482907380908727646e-03 -2.357100509107112885e-02 -1.236166898161172867e-02 2.579287109375000000e+02
7.435424923896789551e-01 2.468341495841741562e-03 -2.418908849358558655e-02 -1.205904223024845123e-02 2.586784973144531250e+02
7.255258560180664062e-01 2.452651970088481903e-03 -2.479203976690769196e-02 -1.174877025187015533e-02 2.594282836914062500e+02
7.070563435554504395e-01 2.435274189338088036e-03 -2.537947893142700195e-02 -1.143130660057067871e-02 2.601780700683593750e+02
6.881455183029174805e-01 2.416223054751753807e-03 -2.595104463398456573e-02 -1.110691111534833908e-02 2.609278259277343750e+02
6.688051819801330566e-01 2.396093914285302162e-03 -2.650639042258262634e-02 -1.077543850988149643e-02 2.616775817871093750e+02
6.490474939346313477e-01 2.374347066506743431e-03 -2.704516239464282990e-02 -1.043733395636081696e-02 2.624273071289062500e+02
6.288847923278808594e-01 2.351479837670922279e-03 -2.756702899932861328e-02 -1.009251829236745834e-02 2.631770324707031250e+02
6.083296537399291992e-01 2.327399561181664467e-03 -2.807165496051311493e-02 -9.741150774061679840e-03 2.639267578125000000e+02
5.873950123786926270e-01 2.300994703546166420e-03 -2.855871245265007019e-02 -9.384150616824626923e-03 2.646764526367187500e+02
5.660939216613769531e-01 2.273375401273369789e-03 -2.902792021632194519e-02 -9.021296165883541107e-03 2.654261474609375000e+02
5.444396734237670898e-01 2.244228031486272812e-03 -2.947898581624031067e-02 -8.652973920106887817e-03 2.661758422851562500e+02
5.224457979202270508e-01 2.214056905359029770e-03 -2.991163358092308044e-02 -8.279121480882167816e-03 2.669255065917968750e+02
5.001260638236999512e-01 2.182375174015760422e-03 -3.032558970153331757e-02 -7.900195196270942688e-03 2.676751708984375000e+02
4.774944186210632324e-01 2.149106934666633606e-03 -3.072059899568557739e-02 -7.516554556787014008e-03 2.684248352050781250e+02
4.545649886131286621e-01 2.114924369379878044e-03 -3.109642677009105682e-02 -7.128070108592510223e-03 2.691744995117187500e+02
4.313521087169647217e-01 2.078709658235311508e-03 -3.145283088088035583e-02 -6.735638715326786041e-03 2.699241333007812500e+02
4.078702628612518311e-01 2.041672123596072197e-03 -3.178961202502250671e-02 -6.338941399008035660e-03 2.706737670898437500e+02
3.841341137886047363e-01 2.003957284614443779e-03 -3.210655972361564636e-02 -5.937975831329822540e-03 2.714234008789062500e+02
3.601584732532501221e-01 1.964229624718427658e-03 -3.240345790982246399e-02 -5.533735267817974091e-03 2.721730041503906250e+02
3.359583020210266113e-01 1.924249459989368916e-03 -3.268014639616012573e-02 -5.125534255057573318e-03 2.729226074218750000e+02
3.115487098693847656e-01 1.882342970930039883e-03 -3.293642401695251465e-02 -4.714471288025379181e-03 2.736722106933593750e+02
2.869449257850646973e-01 1.839017495512962341e-03 -3.317214921116828918e-02 -4.300734493881464005e-03 2.744218139648437500e+02
2.621622681617736816e-01 1.795100048184394836e-03 -3.338718414306640625e-02 -3.884116886183619499e-03 2.751714172363281250e+02
2.372162342071533203e-01 1.749450573697686195e-03 -3.358139097690582275e-02 -3.465505316853523254e-03 2.759209899902343750e+02
2.121223509311676025e-01 1.703885034658014774e-03 -3.375466540455818176e-02 -3.044132841750979424e-03 2.766705627441406250e+02
1.868963092565536499e-01 1.656534150242805481e-03 -3.390687331557273865e-02 -2.621171995997428894e-03 2.774201354980468750e+02
1.615538001060485840e-01 1.608556485734879971e-03 -3.403793275356292725e-02 -2.196356421336531639e-03 2.781697082519531250e+02
1.361106634140014648e-01 1.558867981657385826e-03 -3.414775058627128601e-02 -1.770589966326951981e-03 2.789192810058593750e+02
1.105827242136001587e-01 1.508731511421501637e-03 -3.423627838492393494e-02 -1.343534095212817192e-03 2.796688537597656250e+02
8.498591929674148560e-02 1.457648701034486294e-03 -3.430345654487609863e-02 -9.156415471807122231e-04 2.804184265136718750e+02
5.933621525764465332e-02 1.405023736879229546e-03 -3.434924036264419556e-02 -4.876260936725884676e-04 2.811679992675781250e+02
3.364955633878707886e-02 1.352199935354292393e-03 -3.437362238764762878e-02 -5.906977457925677299e-05 2.819175720214843750e+02
7.941985502839088440e-03 1.298068324103951454e-03 -3.437657654285430908e-02 3.691978054121136665e-04 2.826671447753906250e+02
-1.777050457894802094e-02 1.243828330188989639e-03 -3.435811772942543030e-02 7.975568878464400768e-04 2.834167175292968750e+02
-4.347186908125877380e-02 1.188323367387056351e-03 -3.431823849678039551e-02 1.225156360305845737e-03 2.841662902832031250e+02
-6.914611160755157471e-02 1.132718753069639206e-03 -3.425697982311248779e-02 1.652346923947334290e-03 2.849158630371093750e+02
-9.477721899747848511e-02 1.075909938663244247e-03 -3.417436406016349792e-02 2.078295685350894928e-03 2.856654357910156250e+02
-1.203492432832717896e-01 1.019025454297661781e-03 -3.407045081257820129e-02 2.503328025341033936e-03 2.864150085449218750e+02
-1.458462178707122803e-01 9.609587723389267921e-04 -3.394528478384017944e-02 2.926596207544207573e-03 2.871645812988281250e+02
-1.712522655725479126e-01 9.028414497151970863e-04 -3.379895538091659546e-02 3.348413156345486641e-03 2.879141540527343750e+02
-1.965515464544296265e-01 8.436307543888688087e-04 -3.363153338432312012e-02 3.767961636185646057e-03 2.886637268066406250e+02
-2.217282801866531372e-01 7.843766361474990845e-04 -3.344313427805900574e-02 4.185506142675876617e-03 2.894132995605468750e+02
-2.467667609453201294e-01 7.240865379571914673e-04 -3.323385864496231079e-02 4.600243177264928818e-03 2.901628723144531250e+02
-2.716513872146606445e-01 6.638496997766196728e-04 -3.300384804606437683e-02 5.012461449950933456e-03 2.909124450683593750e+02
-2.963666021823883057e-01 6.031662342138588428e-04 -3.275322541594505310e-02 5.421717651188373566e-03 2.916620483398437500e+02
-3.208969831466674805e-01 5.409281584434211254e-04 -3.248213976621627808e-02 5.826945882290601730e-03 2.924116516113281250e+02
-3.452272713184356689e-01 4.784502089023590088e-04 -3.219079226255416870e-02 6.228360813111066818e-03 2.931612548828125000e+02
-3.693422973155975342e-01 4.165578575339168310e-04 -3.187937289476394653e-02 6.626297719776630402e-03 2.939108581542968750e+02
-3.932269513607025146e-01 3.540888428688049316e-04 -3.154805675148963928e-02 7.019987795501947403e-03 2.946604919433593750e+02
-4.168663620948791504e-01 2.914737851824611425e-04 -3.119705803692340851e-02 7.409351412206888199e-03 2.954101257324218750e+02
-4.402458071708679199e-01 2.283789217472076416e-04 -3.082659095525741577e-02 7.793914061039686203e-03 2.961597595214843750e+02
-4.633506834506988525e-01 1.658234687056392431e-04 -3.043689578771591187e-02 8.174022659659385681e-03 2.969093933105468750e+02
-4.861665368080139160e-01 1.028124170261435211e-04 -3.002819418907165527e-02 8.548967540264129639e-03 2.976590576171875000e+02
-5.086791515350341797e-01 3.933272091671824455e-05 -2.960074506700038910e-02 8.918357081711292267e-03 2.984087219238281250e+02
-5.308744907379150391e-01 -2.352782757952809334e-05 -2.915482781827449799e-02 9.282555431127548218e-03 2.991583862304687500e+02
-5.527386665344238281e-01 -8.664095366839319468e-05 -2.869069948792457581e-02 9.640935808420181274e-03 2.999080810546875000e+02
-5.742580890655517578e-01 -1.500483776908367872e-04 -2.820865251123905182e-02 9.993129409849643707e-03 3.006577758789062500e+02
-5.954192876815795898e-01 -2.127710904460400343e-04 -2.770899608731269836e-02 1.033945567905902863e-02 3.014074707031250000e+02
-6.162090301513671875e-01 -2.755742752924561501e-04 -2.719202265143394470e-02 1.067935675382614136e-02 3.021571960449218750e+02
-6.366143226623535156e-01 -3.385756281204521656e-04 -2.665805444121360779e-02 1.101244054734706879e-02 3.029069213867187500e+02
-6.566224098205566406e-01 -4.012126591987907887e-04 -2.610743232071399689e-02 1.133873872458934784e-02 3.036566467285156250e+02
-6.762208342552185059e-01 -4.633952048607170582e-04 -2.554049529135227203e-02 1.165814511477947235e-02 3.044064025878906250e+02
-6.953972578048706055e-01 -5.251701804809272289e-04 -2.495758794248104095e-02 1.197048276662826538e-02 3.051561584472656250e+02
-7.141397595405578613e-01 -5.869615706615149975e-04 -2.435906417667865753e-02 1.227528322488069534e-02 3.059059143066406250e+02
-7.324365973472595215e-01 -6.483834004029631615e-04 -2.374530024826526642e-02 1.257248502224683762e-02 3.066557006835937500e+02
-7.502763271331787109e-01 -7.095995824784040451e-04 -2.311667613685131073e-02 1.286176498979330063e-02 3.074054870605468750e+02
-7.676477432250976562e-01 -7.702457951381802559e-04 -2.247358858585357666e-02 1.314310636371374130e-02 3.081552734375000000e+02
-7.845399975776672363e-01 -8.303421782329678535e-04 -2.181643247604370117e-02 1.341634243726730347e-02 3.089050903320312500e+02
-8.009425401687622070e-01 -8.901286055333912373e-04 -2.114561572670936584e-02 1.368113793432712555e-02 3.096549072265625000e+02
-8.168450593948364258e-01 -9.493145043961703777e-04 -2.046155929565429688e-02 1.393743418157100677e-02 3.104047241210937500e+02
-8.322376012802124023e-01 -1.007788116112351418e-03 -1.976468786597251892e-02 1.418514456599950790e-02 3.111545715332031250e+02
-8.471105098724365234e-01 -1.065842341631650925e-03 -1.905542984604835510e-02 1.442392822355031967e-02 3.119044189453125000e+02
-8.614544868469238281e-01 -1.123203663155436516e-03 -1.833423413336277008e-02 1.465373300015926361e-02 3.126542968750000000e+02
-8.752605319023132324e-01 -1.180029939860105515e-03 -1.760154776275157928e-02 1.487428881227970123e-02 3.134041748046875000e+02
-8.885200023651123047e-01 -1.235992764122784138e-03 -1.685783267021179199e-02 1.508560311049222946e-02 3.141540527343750000e+02
-9.012245535850524902e-01 -1.291273860260844231e-03 -1.610355265438556671e-02 1.528743840754032135e-02 3.149039306640625000e+02
-9.133662581443786621e-01 -1.345530501566827297e-03 -1.533918082714080811e-02 1.547985430806875229e-02 3.156538391113281250e+02
-9.249374866485595703e-01 -1.399030908942222595e-03 -1.456518843770027161e-02 1.566259562969207764e-02 3.164037475585937500e+02
-9.359309077262878418e-01 -1.451688585802912712e-03 -1.378205884248018265e-02 1.583555713295936584e-02 3.171536560058593750e+02
-9.463397264480590820e-01 -1.503463368862867355e-03 -1.299028098583221436e-02 1.599862612783908844e-02 3.179035949707031250e+02
-9.561573266983032227e-01 -1.554486458189785480e-03 -1.219034940004348755e-02 1.615157350897789001e-02 3.186535339355468750e+02
-9.653775691986083984e-01 -1.604409771971404552e-03 -1.138277072459459305e-02 1.629445701837539673e-02 3.194034729003906250e+02
-9.739946722984313965e-01 -1.653275918215513229e-03 -1.056804787367582321e-02 1.642717979848384857e-02 3.201534118652343750e+02
-9.820032119750976562e-01 -1.701153349131345749e-03 -9.746689349412918091e-03 1.654960587620735168e-02 3.209033813476562500e+02
-9.893981814384460449e-01 -1.748052542097866535e-03 -8.919209241867065430e-03 1.666161045432090759e-02 3.216533508300781250e+02
-9.961748719215393066e-01 -1.793796080164611340e-03 -8.086129091680049896e-03 1.676319539546966553e-02 3.224033203125000000e+02
-1.002329111099243164e+00 -1.838408643379807472e-03 -7.247969508171081543e-03 1.685427501797676086e-02 3.231532897949218750e+02
-1.007856965065002441e+00 -1.881847041659057140e-03 -6.405255757272243500e-03 1.693480275571346283e-02 3.239032592773437500e+02
-1.012754917144775391e+00 -1.924139563925564289e-03 -5.558515433222055435e-03 1.700469478964805603e-02 3.246532287597656250e+02
-1.017019987106323242e+00 -1.965274102985858917e-03 -4.708280786871910095e-03 1.706388220191001892e-02 3.254032287597656250e+02
-1.020649433135986328e+00 -2.005058806389570236e-03 -3.855086630210280418e-03 1.711242087185382843e-02 3.261532287597656250e+02
-1.023640990257263184e+00 -2.043643966317176819e-03 -2.999465446919202805e-03 1.715019531548023224e-02 3.269032287597656250e+02
-1.025992751121520996e+00 -2.080892445519566536e-03 -2.141955774277448654e-03 1.717723719775676727e-02 3.276532287597656250e+02
-1.027703285217285156e+00 -2.116905525326728821e-03 -1.283093821257352829e-03 1.719345711171627045e-02 3.284032287597656250e+02
-1.028771400451660156e+00 -2.151589374989271164e-03 -4.234209773130714893e-04 1.719886437058448792e-02 3.291532287597656250e+02
-1.029196500778198242e+00 -2.184844342991709709e-03 4.365222412161529064e-04 1.719350367784500122e-02 3.299032287597656250e+02
-1.028978347778320312e+00 -2.216813387349247932e-03 1.296197413466870785e-03 1.717728935182094574e-02 3.306532287597656250e+02
-1.028117060661315918e+00 -2.247226657345890999e-03 2.155061811208724976e-03 1.715036854147911072e-02 3.314032287597656250e+02
-1.026613116264343262e+00 -2.276313723996281624e-03 3.012580331414937973e-03 1.711263880133628845e-02 3.321532287597656250e+02
-1.024467468261718750e+00 -2.304003108292818069e-03 3.868212224915623665e-03 1.706412620842456818e-02 3.329032287597656250e+02
-1.021681547164916992e+00 -2.330045914277434349e-03 4.721418488770723343e-03 1.700500771403312683e-02 3.336532287597656250e+02
-1.018257021903991699e+00 -2.354789292439818382e-03 5.571668967604637146e-03 1.693513430655002594e-02 3.344032287597656250e+02
-1.014196038246154785e+00 -2.377801109105348587e-03 6.418425589799880981e-03 1.685477606952190399e-02 3.351532287597656250e+02
-1.009501099586486816e+00 -2.399533055722713470e-03 7.261164486408233643e-03 1.676374673843383789e-02 3.359032287597656250e+02
-1.004175305366516113e+00 -2.419776283204555511e-03 8.099352009594440460e-03 1.666215807199478149e-02 3.366531982421875000e+02
-9.982218146324157715e-01 -2.438422758132219315e-03 8.932460099458694458e-03 1.655013114213943481e-02 3.374031677246093750e+02
-9.916445016860961914e-01 -2.455742331221699715e-03 9.759966284036636353e-03 1.642755977809429169e-02 3.381531372070312500e+02
-9.844474196434020996e-01 -2.471377374604344368e-03 1.058134436607360840e-02 1.629468612372875214e-02 3.389031066894531250e+02
-9.766350984573364258e-01 -2.485067816451191902e-03 1.139607839286327362e-02 1.615181565284729004e-02 3.396530761718750000e+02
-9.682124853134155273e-01 -2.497417852282524109e-03 1.220366917550563812e-02 1.599874906241893768e-02 3.404030151367187500e+02
-9.591848254203796387e-01 -2.508454490453004837e-03 1.300360634922981262e-02 1.583547703921794891e-02 3.411529541015625000e+02
-9.495577812194824219e-01 -2.517483197152614594e-03 1.379538048058748245e-02 1.566249132156372070e-02 3.419028930664062500e+02
-9.393374323844909668e-01 -2.525136340409517288e-03 1.457850541919469833e-02 1.547960471361875534e-02 3.426528320312500000e+02
-9.285301566123962402e-01 -2.531104255467653275e-03 1.535248570144176483e-02 1.528707239776849747e-02 3.434027404785156250e+02
-9.171428084373474121e-01 -2.535754814743995667e-03 1.611683890223503113e-02 1.508478820323944092e-02 3.441526489257812500e+02
-9.051824808120727539e-01 -2.538233529776334763e-03 1.687107793986797333e-02 1.487337984144687653e-02 3.449025573730468750e+02
-8.926566839218139648e-01 -2.539349719882011414e-03 1.761474646627902985e-02 1.465262100100517273e-02 3.456524658203125000e+02
-8.795732259750366211e-01 -2.538817003369331360e-03 1.834737695753574371e-02 1.442277152091264725e-02 3.464023437500000000e+02
-8.659403920173645020e-01 -2.537044463679194450e-03 1.906851492822170258e-02 1.418371032923460007e-02 3.471522216796875000e+02
-8.517667055130004883e-01 -2.533515216782689095e-03 1.977770030498504639e-02 1.393582392483949661e-02 3.479020996093750000e+02
-8.370610475540161133e-01 -2.528168726712465286e-03 2.047449164092540741e-02 1.367937214672565460e-02 3.486519470214843750e+02
-8.218326568603515625e-01 -2.521509304642677307e-03 2.115846052765846252e-02 1.341425161808729172e-02 3.494017944335937500e+02
-8.060910701751708984e-01 -2.512652892619371414e-03 2.182917296886444092e-02 1.314115803688764572e-02 3.501516418457031250e+02
-7.898461222648620605e-01 -2.502584131434559822e-03 2.248623035848140717e-02 1.285980362445116043e-02 3.509014587402343750e+02
-7.731079459190368652e-01 -2.491420833393931389e-03 2.312922105193138123e-02 1.257016323506832123e-02 3.516512756347656250e+02
-7.558870911598205566e-01 -2.478542504832148552e-03 2.375772967934608459e-02 1.227268762886524200e-02 3.524010925292968750e+02
-7.381943464279174805e-01 -2.463817829266190529e-03 2.437136322259902954e-02 1.196772046387195587e-02 3.531508789062500000e+02
-7.200407981872558594e-01 -2.447835635393857956e-03 2.496974915266036987e-02 1.165515650063753128e-02 3.539006652832031250e+02
-7.014377713203430176e-01 -2.430617343634366989e-03 2.555250748991966248e-02 1.133508048951625824e-02 3.546504211425781250e+02
-6.823969483375549316e-01 -2.411608584225177765e-03 2.611926198005676270e-02 1.100798510015010834e-02 3.554001770019531250e+02
-6.629302501678466797e-01 -2.390696201473474503e-03 2.666966058313846588e-02 1.067426428198814392e-02 3.561499328613281250e+02
-6.430498957633972168e-01 -2.368069486692547798e-03 2.720337361097335815e-02 1.033415086567401886e-02 3.568996582031250000e+02
-6.227682232856750488e-01 -2.344346838071942329e-03 2.772008068859577179e-02 9.987525641918182373e-03 3.576493835449218750e+02
-6.020979881286621094e-01 -2.319090068340301514e-03 2.821945771574974060e-02 9.634792804718017578e-03 3.583991088867187500e+02
-5.810521245002746582e-01 -2.292799996212124825e-03 2.870119735598564148e-02 9.275864809751510620e-03 3.591488037109375000e+02
-5.596437454223632812e-01 -2.264821669086813927e-03 2.916499041020870209e-02 8.911293931305408478e-03 3.598984985351562500e+02
-5.378863215446472168e-01 -2.235202584415674210e-03 2.961055561900138855e-02 8.541385643184185028e-03 3.606481933593750000e+02
-5.157933831214904785e-01 -2.204012125730514526e-03 3.003762476146221161e-02 8.166425861418247223e-03 3.613978576660156250e+02
-4.933786988258361816e-01 -2.172545995563268661e-03 3.044594638049602509e-02 7.785827852785587311e-03 3.621475219726562500e+02
-4.706563353538513184e-01 -2.139008371159434319e-03 3.083523735404014587e-02 7.400709670037031174e-03 3.628971862792968750e+02
-4.476404786109924316e-01 -2.103828126564621925e-03 3.120527230203151703e-02 7.011291570961475372e-03 3.636468200683593750e+02
-4.243454635143280029e-01 -2.068439731374382973e-03 3.155583515763282776e-02 6.616944447159767151e-03 3.643964538574218750e+02
-4.007858932018280029e-01 -2.030983334407210350e-03 3.188668191432952881e-02 6.218839902430772781e-03 3.651460876464843750e+02
-3.769764304161071777e-01 -1.992571866139769554e-03 3.219762444496154785e-02 5.816747434437274933e-03 3.658957214355468750e+02
-3.529319465160369873e-01 -1.952183432877063751e-03 3.248846158385276794e-02 5.411548539996147156e-03 3.666453247070312500e+02
-3.286674320697784424e-01 -1.911144121550023556e-03 3.275904059410095215e-02 5.002858582884073257e-03 3.673949279785156250e+02
-3.041980564594268799e-01 -1.869491301476955414e-03 3.300918266177177429e-02 4.590726923197507858e-03 3.681445312500000000e+02
-2.795390784740447998e-01 -1.825914368964731693e-03 3.323872014880180359e-02 4.176143556833267212e-03 3.688941345214843750e+02
-2.547058761119842529e-01 -1.781649305485188961e-03 3.344752639532089233e-02 3.758798120543360710e-03 3.696437377929687500e+02
-2.297139465808868408e-01 -1.735608209855854511e-03 3.363546729087829590e-02 3.339579328894615173e-03 3.703933105468750000e+02
-2.045788317918777466e-01 -1.689685275778174400e-03 3.380244597792625427e-02 2.917685313150286674e-03 3.711428833007812500e+02
-1.793162673711776733e-01 -1.642053481191396713e-03 3.394833207130432129e-02 2.494250889867544174e-03 3.718924560546875000e+02
-1.539419591426849365e-01 -1.593811321072280407e-03 3.407304361462593079e-02 2.069027861580252647e-03 3.726420288085937500e+02
-1.284717619419097900e-01 -1.543850754387676716e-03 3.417649492621421814e-02 1.642933464609086514e-03 3.733916015625000000e+02
-1.029215306043624878e-01 -1.493469695560634136e-03 3.425864130258560181e-02 1.215610885992646217e-03 3.741411743164062500e+02
-7.730720937252044678e-02 -1.441584667190909386e-03 3.431942313909530640e-02 7.879190961830317974e-04 3.748907470703125000e+02
