0.000000000000000000e+00 0.000000000000000000e+00 3.333333507180213928e-02 0.000000000000000000e+00 0.000000000000000000e+00
2.499537169933319092e-02 -1.169492974877357483e-01 3.333333507180213928e-02 -8.263771981000900269e-02 7.495833635330200195e-01
4.414653033018112183e-02 3.586473315954208374e-02 2.920144796371459961e-02 -1.888805627822875977e-02 1.499361515045166016e+00
6.783697754144668579e-02 7.335381209850311279e-02 2.825704589486122131e-02 1.916023716330528259e-02 2.248989343643188477e+00
9.269316494464874268e-02 4.855559021234512329e-02 2.921505831182003021e-02 2.791408821940422058e-02 2.998586416244506836e+00
1.170280873775482178e-01 1.943237893283367157e-02 3.061076253652572632e-02 2.541598491370677948e-02 3.748195409774780273e+00
1.409537345170974731e-01 -1.747498288750648499e-03 3.188156336545944214e-02 1.831724494695663452e-02 4.497814178466796875e+00
1.647735238075256348e-01 -1.425968017429113388e-02 3.279742598533630371e-02 9.684315882623195648e-03 5.247435569763183594e+00
1.886545866727828979e-01 -1.924570836126804352e-02 3.328164294362068176e-02 1.646731980144977570e-03 5.997055530548095703e+00
2.126494646072387695e-01 -1.864223740994930267e-02 3.336397930979728699e-02 -4.529051017016172409e-03 6.746672153472900391e+00
2.367362082004547119e-01 -1.470269076526165009e-02 3.313752636313438416e-02 -8.413052186369895935e-03 7.496285915374755859e+00
2.608500719070434570e-01 -9.479308500885963440e-03 3.271687403321266174e-02 -1.019531115889549255e-02 8.245898246765136719e+00
2.849096357822418213e-01 -4.491328261792659760e-03 3.220710903406143188e-02 -1.041059009730815887e-02 8.995512008666992188e+00
3.088363409042358398e-01 -6.250371225178241730e-04 3.168657794594764709e-02 -9.697650559246540070e-03 9.745130538940429688e+00
3.325660526752471924e-01 1.797959906980395317e-03 3.120169602334499359e-02 -8.631882257759571075e-03 1.049475479125976562e+01
3.560533821582794189e-01 2.866003662347793579e-03 3.077010251581668854e-02 -7.635855115950107574e-03 1.124438667297363281e+01
3.792705535888671875e-01 2.901674015447497368e-03 3.038831055164337158e-02 -6.954663433134555817e-03 1.199402713775634766e+01
4.022032916545867920e-01 2.307750284671783447e-03 3.004057705402374268e-02 -6.675739772617816925e-03 1.274367618560791016e+01
4.248456656932830811e-01 1.456601079553365707e-03 2.970678918063640594e-02 -6.772201508283615112e-03 1.349333381652832031e+01
4.471952915191650391e-01 6.281266687437891960e-04 2.936817891895771027e-02 -7.152149919420480728e-03 1.424300098419189453e+01
4.692496657371520996e-01 -1.010164851322770119e-05 2.901057153940200806e-02 -7.701887749135494232e-03 1.499267673492431641e+01
4.910040497779846191e-01 -3.927847137674689293e-04 2.862547710537910461e-02 -8.316813036799430847e-03 1.574236106872558594e+01
5.124505758285522461e-01 -5.304274964146316051e-04 2.820963598787784576e-02 -8.918598294258117676e-03 1.649205398559570312e+01
5.335785150527954102e-01 -4.780528834089636803e-04 2.776370570063591003e-02 -9.460551664233207703e-03 1.724175643920898438e+01
5.543746948242187500e-01 -3.071440150961279869e-04 2.729067765176296234e-02 -9.924630634486675262e-03 1.799146842956542969e+01
5.748248100280761719e-01 -8.514279033988714218e-05 2.679444663226604462e-02 -1.031393185257911682e-02 1.874118995666503906e+01
5.949139595031738281e-01 1.363525370834395289e-04 2.627874910831451416e-02 -1.064388547092676163e-02 1.949092102050781250e+01
6.146275401115417480e-01 3.256867057643830776e-04 2.574655413627624512e-02 -1.093440689146518707e-02 2.024066162109375000e+01
6.339516043663024902e-01 4.697317490354180336e-04 2.519983425736427307e-02 -1.120418217033147812e-02 2.099041175842285156e+01
6.528729796409606934e-01 5.693393177352845669e-04 2.463962510228157043e-02 -1.146739814430475235e-02 2.174017333984375000e+01
6.713792681694030762e-01 6.337704253382980824e-04 2.406625449657440186e-02 -1.173263601958751678e-02 2.248994445800781250e+01
6.894589066505432129e-01 6.756203365512192249e-04 2.347962185740470886e-02 -1.200328767299652100e-02 2.323972702026367188e+01
7.071007490158081055e-01 7.070230203680694103e-04 2.287945710122585297e-02 -1.227885298430919647e-02 2.398951911926269531e+01
7.242941856384277344e-01 7.374229026027023792e-04 2.226551435887813568e-02 -1.255650259554386139e-02 2.473932266235351562e+01
7.410287857055664062e-01 7.727356860414147377e-04 2.163768932223320007e-02 -1.283250190317630768e-02 2.548913574218750000e+01
7.572944164276123047e-01 8.155251271091401577e-04 2.099606394767761230e-02 -1.310326531529426575e-02 2.623896026611328125e+01
7.730810642242431641e-01 8.657808066345751286e-04 2.034090086817741394e-02 -1.336597930639982224e-02 2.698879432678222656e+01
7.883789539337158203e-01 9.219038183800876141e-04 1.967260241508483887e-02 -1.361883152276277542e-02 2.773863792419433594e+01
8.031785488128662109e-01 9.816373931244015694e-04 1.899166032671928406e-02 -1.386094745248556137e-02 2.848849105834960938e+01
8.174704909324645996e-01 1.042743329890072346e-03 1.829861290752887726e-02 -1.409218180924654007e-02 2.923835563659667969e+01
8.312458395957946777e-01 1.103443908505141735e-03 1.759400404989719391e-02 -1.431283168494701385e-02 2.998822975158691406e+01
8.444958329200744629e-01 1.162585103884339333e-03 1.687836274504661560e-02 -1.452338509261608124e-02 3.073811340332031250e+01
8.572121262550354004e-01 1.219619996845722198e-03 1.615219376981258392e-02 -1.472432259470224380e-02 3.148800468444824219e+01
8.693867325782775879e-01 1.274472684599459171e-03 1.541597768664360046e-02 -1.491599995642900467e-02 3.223790740966796875e+01
8.810119628906250000e-01 1.327368081547319889e-03 1.467017736285924911e-02 -1.509860716760158539e-02 3.298781585693359375e+01
8.920805454254150391e-01 1.378665328957140446e-03 1.391524728387594223e-02 -1.527216378599405289e-02 3.373773574829101562e+01
9.025855660438537598e-01 1.428725081495940685e-03 1.315163914114236832e-02 -1.543656922876834869e-02 3.448766326904296875e+01
9.125204682350158691e-01 1.477835583500564098e-03 1.237981021404266357e-02 -1.559164188802242279e-02 3.523759841918945312e+01
9.218789935111999512e-01 1.526169013231992722e-03 1.160022802650928497e-02 -1.573717407882213593e-02 3.598754119873046875e+01
9.306553006172180176e-01 1.573796151205897331e-03 1.081336941570043564e-02 -1.587295904755592346e-02 3.673749160766601562e+01
9.388438463211059570e-01 1.620698254555463791e-03 1.001972146332263947e-02 -1.599882170557975769e-02 3.748744583129882812e+01
9.464395642280578613e-01 1.666800933890044689e-03 9.219780564308166504e-03 -1.611462235450744629e-02 3.823740768432617188e+01
9.534376263618469238e-01 1.712009543552994728e-03 8.414049632847309113e-03 -1.622025854885578156e-02 3.898737335205078125e+01
9.598336815834045410e-01 1.756217563524842262e-03 7.603036705404520035e-03 -1.631565950810909271e-02 3.973734664916992188e+01
9.656237363815307617e-01 1.799343037419021130e-03 6.787253543734550476e-03 -1.640077680349349976e-02 4.048732376098632812e+01
9.708040952682495117e-01 1.841312856413424015e-03 5.967214703559875488e-03 -1.647557318210601807e-02 4.123730468750000000e+01
9.753715395927429199e-01 1.882084645330905914e-03 5.143436137586832047e-03 -1.654002070426940918e-02 4.198728942871093750e+01
9.793232083320617676e-01 1.921625575050711632e-03 4.316435195505619049e-03 -1.659409329295158386e-02 4.273727798461914062e+01
9.826565980911254883e-01 1.959915505722165108e-03 3.486730623990297318e-03 -1.663776859641075134e-02 4.348727035522460938e+01
9.853696227073669434e-01 1.996942562982439995e-03 2.654842101037502289e-03 -1.667102240025997162e-02 4.423726654052734375e+01
9.874606132507324219e-01 2.032691845670342445e-03 1.821290934458374977e-03 -1.669383421540260315e-02 4.498726272583007812e+01
9.889281988143920898e-01 2.067156834527850151e-03 9.865991305559873581e-04 -1.670618914067745209e-02 4.573726272583007812e+01
9.897714853286743164e-01 2.100315643474459648e-03 1.512896851636469364e-04 -1.670807413756847382e-02 4.648726272583007812e+01
9.899899959564208984e-01 2.132154302671551704e-03 -6.841140566393733025e-04 -1.669948734343051910e-02 4.723726272583007812e+01
9.895834922790527344e-01 2.162655582651495934e-03 -1.519088400527834892e-03 -1.668042875826358795e-02 4.798726272583007812e+01
9.885523319244384766e-01 2.191794104874134064e-03 -2.353109885007143021e-03 -1.665090955793857574e-02 4.873726272583007812e+01
9.868971109390258789e-01 2.219548914581537247e-03 -3.185655456036329269e-03 -1.661094836890697479e-02 4.948726272583007812e+01
9.846188426017761230e-01 2.245901618152856827e-03 -4.016202874481678009e-03 -1.656056754291057587e-02 5.023725891113281250e+01
9.817190170288085938e-01 2.270831260830163956e-03 -4.844231065362691879e-03 -1.649980247020721436e-02 5.098725509643554688e+01
9.781994223594665527e-01 2.294319914653897285e-03 -5.669221282005310059e-03 -1.642869412899017334e-02 5.173724746704101562e+01
9.740622639656066895e-01 2.316355006769299507e-03 -6.490656174719333649e-03 -1.634728908538818359e-02 5.248723602294921875e+01
9.693101048469543457e-01 2.336919307708740234e-03 -7.308020722121000290e-03 -1.625563949346542358e-02 5.323722076416015625e+01
9.639459848403930664e-01 2.356004668399691582e-03 -8.120803162455558777e-03 -1.615380495786666870e-02 5.398720169067382812e+01
9.579732418060302734e-01 2.373596187680959702e-03 -8.928493596613407135e-03 -1.604185253381729126e-02 5.473717880249023438e+01
9.513956308364868164e-01 2.389683388173580170e-03 -9.730585850775241852e-03 -1.591985486447811127e-02 5.548714828491210938e+01
9.442172646522521973e-01 2.404258120805025101e-03 -1.052657887339591980e-02 -1.578788831830024719e-02 5.623711395263671875e+01
9.364426732063293457e-01 2.417313866317272186e-03 -1.131597347557544708e-02 -1.564603857696056366e-02 5.698707199096679688e+01
9.280767440795898438e-01 2.428837586194276810e-03 -1.209827512502670288e-02 -1.549439691007137299e-02 5.773702621459960938e+01
9.191247224807739258e-01 2.438826486468315125e-03 -1.287299487739801407e-02 -1.533306110650300980e-02 5.848697280883789062e+01
9.095921516418457031e-01 2.447273116558790207e-03 -1.363964751362800598e-02 -1.516213454306125641e-02 5.923691177368164062e+01
8.994851112365722656e-01 2.454172354191541672e-03 -1.439775433391332626e-02 -1.498172897845506668e-02 5.998684310913085938e+01
8.888098597526550293e-01 2.459526294842362404e-03 -1.514684036374092102e-02 -1.479195710271596909e-02 6.073676681518554688e+01
8.775731325149536133e-01 2.463327487930655479e-03 -1.588643901050090790e-02 -1.459294185042381287e-02 6.148668289184570312e+01
8.657819628715515137e-01 2.465576864778995514e-03 -1.661608554422855377e-02 -1.438481081277132034e-02 6.223659133911132812e+01
8.534437417984008789e-01 2.466273494064807892e-03 -1.733532547950744629e-02 -1.416769716888666153e-02 6.298648834228515625e+01
8.405662178993225098e-01 2.465416677296161652e-03 -1.804370991885662079e-02 -1.394173875451087952e-02 6.373637771606445312e+01
8.271574378013610840e-01 2.463009441271424294e-03 -1.874079741537570953e-02 -1.370708178728818893e-02 6.448625946044921875e+01
8.132258057594299316e-01 2.459056209772825241e-03 -1.942615211009979248e-02 -1.346387434750795364e-02 6.523612976074218750e+01
7.987800240516662598e-01 2.453558379784226418e-03 -2.009934559464454651e-02 -1.321227103471755981e-02 6.598599243164062500e+01
7.838292121887207031e-01 2.446524333208799362e-03 -2.075995877385139465e-02 -1.295243203639984131e-02 6.673583984375000000e+01
7.683826684951782227e-01 2.437956165522336960e-03 -2.140758000314235687e-02 -1.268452405929565430e-02 6.748567962646484375e+01
7.524501085281372070e-01 2.427862957119941711e-03 -2.204180695116519928e-02 -1.240871474146842957e-02 6.823551177978515625e+01
7.360414266586303711e-01 2.416251227259635925e-03 -2.266224287450313568e-02 -1.212518196552991867e-02 6.898532867431640625e+01
7.191669940948486328e-01 2.403133083134889603e-03 -2.326850220561027527e-02 -1.183410268276929855e-02 6.973513793945312500e+01
7.018373012542724609e-01 2.388514345511794090e-03 -2.386020682752132416e-02 -1.153566036373376846e-02 7.048493957519531250e+01
6.840632557868957520e-01 2.372406190261244774e-03 -2.443698979914188385e-02 -1.123004592955112457e-02 7.123472595214843750e+01
6.658559441566467285e-01 2.354820491746068001e-03 -2.499849162995815277e-02 -1.091745030134916306e-02 7.198450469970703125e+01
6.472267508506774902e-01 2.335771685466170311e-03 -2.554436400532722473e-02 -1.059807185083627701e-02 7.273427581787109375e+01
6.281872987747192383e-01 2.315272111445665359e-03 -2.607426792383193970e-02 -1.027211081236600876e-02 7.348403167724609375e+01
6.087495088577270508e-01 2.293336205184459686e-03 -2.658787369728088379e-02 -9.939771145582199097e-03 7.423377990722656250e+01
5.889256000518798828e-01 2.269977238029241562e-03 -2.708486281335353851e-02 -9.601263329386711121e-03 7.498352050781250000e+01
5.687279105186462402e-01 2.245213836431503296e-03 -2.756492607295513153e-02 -9.256799705326557159e-03 7.573324584960937500e+01
5.481690764427185059e-01 2.219060901552438736e-03 -2.802776545286178589e-02 -8.906593546271324158e-03 7.648296356201171875e+01
5.272619128227233887e-01 2.191535430029034615e-03 -2.847309596836566925e-02 -8.550866506993770599e-03 7.723267364501953125e+01
5.060195326805114746e-01 2.162656281143426895e-03 -2.890064008533954620e-02 -8.189840242266654968e-03 7.798237609863281250e+01
4.844551682472229004e-01 2.132444176822900772e-03 -2.931013144552707672e-02 -7.823739200830459595e-03 7.873206329345703125e+01
4.625822901725769043e-01 2.100917045027017593e-03 -2.970131859183311462e-02 -7.452792022377252579e-03 7.948174285888671875e+01
4.404145777225494385e-01 2.068094676360487938e-03 -3.007395751774311066e-02 -7.077230606228113174e-03 8.023141479492187500e+01
4.179658591747283936e-01 2.033998956903815269e-03 -3.042781911790370941e-02 -6.697288714349269867e-03 8.098107910156250000e+01
3.952501714229583740e-01 1.998652238398790359e-03 -3.076268360018730164e-02 -6.313202902674674988e-03 8.173073577880859375e+01
3.722816705703735352e-01 1.962076872587203979e-03 -3.107834421098232269e-02 -5.925211589783430099e-03 8.248038482666015625e+01
3.490747213363647461e-01 1.924297190271317959e-03 -3.137460350990295410e-02 -5.533555988222360611e-03 8.323002624511718750e+01
3.256438076496124268e-01 1.885336940176784992e-03 -3.165128082036972046e-02 -5.138478241860866547e-03 8.397966003417968750e+01
3.020035326480865479e-01 1.845219638198614120e-03 -3.190820291638374329e-02 -4.740223754197359085e-03 8.472928619384765625e+01
2.781686484813690186e-01 1.803970197215676308e-03 -3.214521333575248718e-02 -4.339039325714111328e-03 8.547890472412109375e+01
2.541540563106536865e-01 1.761613995768129826e-03 -3.236216679215431213e-02 -3.935173153877258301e-03 8.622852325439453125e+01
2.299747020006179810e-01 1.718177809379994869e-03 -3.255892544984817505e-02 -3.528875531628727913e-03 8.697813415527343750e+01
2.056456804275512695e-01 1.673688762821257114e-03 -3.273537009954452515e-02 -3.120397916063666344e-03 8.772773742675781250e+01
1.811821758747100830e-01 1.628173864446580410e-03 -3.289138898253440857e-02 -2.709991997107863426e-03 8.847734069824218750e+01
1.565994471311569214e-01 1.581661053933203220e-03 -3.302688896656036377e-02 -2.297912025824189186e-03 8.922693634033203125e+01
1.319128274917602539e-01 1.534178270958364010e-03 -3.314178436994552612e-02 -1.884412718936800957e-03 8.997653198242187500e+01
1.071377098560333252e-01 1.485755434259772301e-03 -3.323600441217422485e-02 -1.469749258831143379e-03 9.072611999511718750e+01
8.228953927755355835e-02 1.436421647667884827e-03 -3.330949321389198303e-02 -1.054177409969270229e-03 9.147570800781250000e+01
5.738382041454315186e-02 1.386206480674445629e-03 -3.336220234632492065e-02 -6.379538681358098984e-04 9.222529602050781250e+01
3.243608027696609497e-02 1.335140317678451538e-03 -3.339409828186035156e-02 -2.213355037383735180e-04 9.297488403320312500e+01
7.461881265044212341e-03 1.283254008740186691e-03 -3.340516611933708191e-02 1.954204926732927561e-04 9.372446441650390625e+01
-1.752320677042007446e-02 1.230578869581222534e-03 -3.339539468288421631e-02 6.120570469647645950e-04 9.447404479980468750e+01
-4.250360280275344849e-02 1.177146332338452339e-03 -3.336479142308235168e-02 1.028316910378634930e-03 9.522362518310546875e+01
-6.746373325586318970e-02 1.122988644056022167e-03 -3.331337496638298035e-02 1.443943241611123085e-03 9.597321319580078125e+01
-9.238802641630172729e-02 1.068137935362756252e-03 -3.324117884039878845e-02 1.858679228462278843e-03 9.672280120849609375e+01
-1.172609403729438782e-01 1.012627733871340752e-03 -3.314824402332305908e-02 2.272269222885370255e-03 9.747238922119140625e+01
-1.420669704675674438e-01 9.564905776642262936e-04 -3.303463011980056763e-02 2.684457460418343544e-03 9.822197723388671875e+01
-1.667906343936920166e-01 8.997596451081335545e-04 -3.290040791034698486e-02 3.094988875091075897e-03 9.897157287597656250e+01
-1.914165318012237549e-01 8.424700936302542686e-04 -3.274565935134887695e-02 3.503610379993915558e-03 9.972116851806640625e+01
-2.159292846918106079e-01 7.846554508432745934e-04 -3.257047757506370544e-02 3.910068888217210770e-03 1.004707641601562500e+02
-2.403136044740676880e-01 7.263501756824553013e-04 -3.237497434020042419e-02 4.314112942665815353e-03 1.012203674316406250e+02
-2.645542919635772705e-01 6.675893091596662998e-04 -3.215926885604858398e-02 4.715492483228445053e-03 1.019699783325195312e+02
-2.886362373828887939e-01 6.084085907787084579e-04 -3.192349523305892944e-02 5.113959778100252151e-03 1.027195892333984375e+02
-3.125443756580352783e-01 5.488415481522679329e-04 -3.166779875755310059e-02 5.509266164153814316e-03 1.034692077636718750e+02
-3.362638354301452637e-01 4.889250849373638630e-04 -3.139233589172363281e-02 5.901166237890720367e-03 1.042188339233398438e+02
-3.597797751426696777e-01 4.286968323867768049e-04 -3.109727799892425537e-02 6.289418321102857590e-03 1.049684677124023438e+02
-3.830775618553161621e-01 3.681910457089543343e-04 -3.078280761837959290e-02 6.673780269920825958e-03 1.057181091308593750e+02
-4.061426222324371338e-01 3.074453561566770077e-04 -3.044911846518516541e-02 7.054013665765523911e-03 1.064677581787109375e+02
-4.289605617523193359e-01 2.464951248839497566e-04 -3.009641729295253754e-02 7.429881952702999115e-03 1.072174072265625000e+02
-4.515171349048614502e-01 1.853761496022343636e-04 -2.972492389380931854e-02 7.801149971783161163e-03 1.079670715332031250e+02
-4.737982749938964844e-01 1.241275313077494502e-04 -2.933486551046371460e-02 8.167586289346218109e-03 1.087167434692382812e+02
-4.957900643348693848e-01 6.278727232711389661e-05 -2.892648614943027496e-02 8.528962731361389160e-03 1.094664230346679688e+02
-5.174787640571594238e-01 1.390013494528830051e-06 -2.850003726780414581e-02 8.885052986443042755e-03 1.102161102294921875e+02
-5.388508439064025879e-01 -6.002363079460337758e-05 -2.805578522384166718e-02 9.235635399818420410e-03 1.109658050537109375e+02
-5.598928928375244141e-01 -1.214193980558775365e-04 -2.759400382637977600e-02 9.580489248037338257e-03 1.117155075073242188e+02
-5.805918574333190918e-01 -1.827577943913638592e-04 -2.711497992277145386e-02 9.919398464262485504e-03 1.124652252197265625e+02
-6.009347438812255859e-01 -2.440008247504010797e-04 -2.661900967359542847e-02 1.025215163826942444e-02 1.132149505615234375e+02
-6.209088563919067383e-01 -3.051127132494002581e-04 -2.610640227794647217e-02 1.057853922247886658e-02 1.139646835327148438e+02
-6.405016779899597168e-01 -3.660532529465854168e-04 -2.557747438549995422e-02 1.089835539460182190e-02 1.147144241333007812e+02
-6.597009897232055664e-01 -4.267881449777632952e-04 -2.503255754709243774e-02 1.121139805763959885e-02 1.154641799926757812e+02
-6.784947514533996582e-01 -4.872741992585361004e-04 -2.447198703885078430e-02 1.151747163385152817e-02 1.162139434814453125e+02
-6.968712806701660156e-01 -5.474778590723872185e-04 -2.389611303806304932e-02 1.181638147681951523e-02 1.169637145996093750e+02
-7.148190140724182129e-01 -6.073611439205706120e-04 -2.330529317259788513e-02 1.210793759673833847e-02 1.177135009765625000e+02
-7.323267459869384766e-01 -6.668838323093950748e-04 -2.269989624619483948e-02 1.239195652306079865e-02 1.184632949829101562e+02
-7.493835687637329102e-01 -7.260086713358759880e-04 -2.208029851317405701e-02 1.266826316714286804e-02 1.192131042480468750e+02
-7.659787535667419434e-01 -7.847006199881434441e-04 -2.144688554108142853e-02 1.293667592108249664e-02 1.199629211425781250e+02
-7.821019291877746582e-01 -8.429239387623965740e-04 -2.080005221068859100e-02 1.319702621549367905e-02 1.207127456665039062e+02
-7.977429628372192383e-01 -9.006398613564670086e-04 -2.014020085334777832e-02 1.344914920628070831e-02 1.214625854492187500e+02
-8.128921389579772949e-01 -9.578081662766635418e-04 -1.946774311363697052e-02 1.369288377463817596e-02 1.222124328613281250e+02
-8.275399208068847656e-01 -1.014396781101822853e-03 -1.878309808671474457e-02 1.392807532101869583e-02 1.229622879028320312e+02
-8.416771292686462402e-01 -1.070367754437029362e-03 -1.808669418096542358e-02 1.415457483381032944e-02 1.237121582031250000e+02
-8.552949428558349609e-01 -1.125683891586959362e-03 -1.737896539270877838e-02 1.437223609536886215e-02 1.244620361328125000e+02
-8.683847784996032715e-01 -1.180313061922788620e-03 -1.666035316884517670e-02 1.458091940730810165e-02 1.252119216918945312e+02
-8.809384703636169434e-01 -1.234215800650417805e-03 -1.593130640685558319e-02 1.478049252182245255e-02 1.259618148803710938e+02
-8.929481506347656250e-01 -1.287358580157160759e-03 -1.519228145480155945e-02 1.497082877904176712e-02 1.267117156982421875e+02
-9.044063091278076172e-01 -1.339709386229515076e-03 -1.444374024868011475e-02 1.515180338174104691e-02 1.274616317749023438e+02
-9.153057336807250977e-01 -1.391228637658059597e-03 -1.368615031242370605e-02 1.532330177724361420e-02 1.282115478515625000e+02
-9.256395697593688965e-01 -1.441885833628475666e-03 -1.291998475790023804e-02 1.548521500080823898e-02 1.289614715576171875e+02
-9.354013800621032715e-01 -1.491650473326444626e-03 -1.214572414755821228e-02 1.563743874430656433e-02 1.297114105224609375e+02
-9.445850253105163574e-01 -1.540489727631211281e-03 -1.136385183781385422e-02 1.577987335622310638e-02 1.304613494873046875e+02
-9.531847238540649414e-01 -1.588367158547043800e-03 -1.057485863566398621e-02 1.591242849826812744e-02 1.312113037109375000e+02
-9.611951112747192383e-01 -1.635253662243485451e-03 -9.779237210750579834e-03 1.603501848876476288e-02 1.319612579345703125e+02
-9.686111807823181152e-01 -1.681120134890079498e-03 -8.977485820651054382e-03 1.614756137132644653e-02 1.327112274169921875e+02
-9.754282832145690918e-01 -1.725929439999163151e-03 -8.170107379555702209e-03 1.624999195337295532e-02 1.334611968994140625e+02
-9.816420674324035645e-01 -1.769659924320876598e-03 -7.357607595622539520e-03 1.634223759174346924e-02 1.342111663818359375e+02
-9.872487187385559082e-01 -1.812277943827211857e-03 -6.540495902299880981e-03 1.642424240708351135e-02 1.349611511230468750e+02
-9.922446608543395996e-01 -1.853759051300585270e-03 -5.719283595681190491e-03 1.649595238268375397e-02 1.357111358642578125e+02
-9.966267943382263184e-01 -1.894074142910540104e-03 -4.894486162811517715e-03 1.655732095241546631e-02 1.364611206054687500e+02
-1.000392317771911621e+00 -1.933199353516101837e-03 -4.066620022058486938e-03 1.660830713808536530e-02 1.372111053466796875e+02
-1.003538966178894043e+00 -1.971102785319089890e-03 -3.236204618588089943e-03 1.664887927472591400e-02 1.379611053466796875e+02
-1.006064653396606445e+00 -2.007762668654322624e-03 -2.403760561719536781e-03 1.667901314795017242e-02 1.387111053466796875e+02
-1.007967829704284668e+00 -2.043154323473572731e-03 -1.569809857755899429e-03 1.669868640601634979e-02 1.394611053466796875e+02
-1.009247303009033203e+00 -2.077254233881831169e-03 -7.348755025304853916e-04 1.670788973569869995e-02 1.402111053466796875e+02
-1.009902358055114746e+00 -2.110042842105031013e-03 1.005189842544496059e-04 1.670661568641662598e-02 1.409611053466796875e+02
-1.009932518005371094e+00 -2.141497796401381493e-03 9.358497918583452702e-04 1.669486425817012787e-02 1.417111053466796875e+02
-1.009337663650512695e+00 -2.171599538996815681e-03 1.770592993125319481e-03 1.667264103889465332e-02 1.424611053466796875e+02
-1.008118271827697754e+00 -2.200323855504393578e-03 2.604225184768438339e-03 1.663996651768684387e-02 1.432111053466796875e+02
-1.006275177001953125e+00 -2.227657707408070564e-03 3.436223603785037994e-03 1.659685559570789337e-02 1.439611053466796875e+02
-1.003809452056884766e+00 -2.253578277304768562e-03 4.266066476702690125e-03 1.654333993792533875e-02 1.447111053466796875e+02
-1.000722646713256836e+00 -2.278069034218788147e-03 5.093233659863471985e-03 1.647945307195186615e-02 1.454611053466796875e+02
-9.970166683197021484e-01 -2.301119733601808548e-03 5.917206406593322754e-03 1.640523783862590790e-02 1.462110900878906250e+02
-9.926938414573669434e-01 -2.322710817679762840e-03 6.737468298524618149e-03 1.632073894143104553e-02 1.469610748291015625e+02
-9.877569079399108887e-01 -2.342826686799526215e-03 7.553505245596170425e-03 1.622601412236690521e-02 1.477110595703125000e+02
-9.822089672088623047e-01 -2.361460588872432709e-03 8.364805951714515686e-03 1.612112484872341156e-02 1.484610443115234375e+02
-9.760534763336181641e-01 -2.378600649535655975e-03 9.170861914753913879e-03 1.600613631308078766e-02 1.492110137939453125e+02
-9.692943692207336426e-01 -2.394233364611864090e-03 9.971168823540210724e-03 1.588112488389015198e-02 1.499609832763671875e+02
-9.619358181953430176e-01 -2.408350817859172821e-03 1.076522469520568848e-02 1.574617065489292145e-02 1.507109527587890625e+02
-9.539824724197387695e-01 -2.420942997559905052e-03 1.155253313481807709e-02 1.560136117041110992e-02 1.514609069824218750e+02
-9.454392790794372559e-01 -2.432007808238267899e-03 1.233260147273540497e-02 1.544678583741188049e-02 1.522108612060546875e+02
-9.363116621971130371e-01 -2.441531978547573090e-03 1.310494076460599899e-02 1.528254989534616470e-02 1.529608001708984375e+02
-9.266052842140197754e-01 -2.449512947350740433e-03 1.386906858533620834e-02 1.510875578969717026e-02 1.537107391357421875e+02
-9.163262844085693359e-01 -2.455950947478413582e-03 1.462450623512268066e-02 1.492551155388355255e-02 1.544606628417968750e+02
-9.054811000823974609e-01 -2.460837131366133690e-03 1.537078153342008591e-02 1.473294012248516083e-02 1.552105865478515625e+02
-8.940764665603637695e-01 -2.464167540892958641e-03 1.610742881894111633e-02 1.453116349875926971e-02 1.559604949951171875e+02
-8.821195960044860840e-01 -2.465948229655623436e-03 1.683398708701133728e-02 1.432031299918889999e-02 1.567104034423828125e+02
-8.696179986000061035e-01 -2.466176170855760574e-03 1.755000278353691101e-02 1.410051900893449783e-02 1.574602966308593750e+02
-8.565794825553894043e-01 -2.464854391291737556e-03 1.825502887368202209e-02 1.387192402034997940e-02 1.582101898193359375e+02
-8.430122137069702148e-01 -2.461982192471623421e-03 1.894862577319145203e-02 1.363467331975698471e-02 1.589600677490234375e+02
-8.289246559143066406e-01 -2.457563299685716629e-03 1.963035948574542999e-02 1.338891778141260147e-02 1.597099304199218750e+02
-8.143256902694702148e-01 -2.451601438224315643e-03 2.029980532824993134e-02 1.313481573015451431e-02 1.604597930908203125e+02
-7.992244362831115723e-01 -2.444101031869649887e-03 2.095654606819152832e-02 1.287252828478813171e-02 1.612096405029296875e+02
-7.836303710937500000e-01 -2.435074653476476669e-03 2.160017192363739014e-02 1.260222122073173523e-02 1.619594726562500000e+02
-7.675532102584838867e-01 -2.424523234367370605e-03 2.223028242588043213e-02 1.232406590133905411e-02 1.627093048095703125e+02
-7.510030865669250488e-01 -2.412456320598721504e-03 2.284648641943931580e-02 1.203823834657669067e-02 1.634591217041015625e+02
-7.339903116226196289e-01 -2.398885088041424751e-03 2.344839833676815033e-02 1.174491923302412033e-02 1.642089233398437500e+02
-7.165255546569824219e-01 -2.383814891800284386e-03 2.403564378619194031e-02 1.144429575651884079e-02 1.649587249755859375e+02
-6.986197233200073242e-01 -2.367261098697781563e-03 2.460785768926143646e-02 1.113655697554349899e-02 1.657085113525390625e+02
-6.802840232849121094e-01 -2.349233720451593399e-03 2.516468614339828491e-02 1.082189567387104034e-02 1.664582824707031250e+02
-6.615298986434936523e-01 -2.329746726900339127e-03 2.570578083395957947e-02 1.050051115453243256e-02 1.672080535888671875e+02
-6.423691511154174805e-01 -2.308811992406845093e-03 2.623080648481845856e-02 1.017260551452636719e-02 1.679578094482421875e+02
-6.228137016296386719e-01 -2.286443021148443222e-03 2.673943713307380676e-02 9.838385507464408875e-03 1.687075500488281250e+02
-6.028757691383361816e-01 -2.262659370899200439e-03 2.723135612905025482e-02 9.498060680925846100e-03 1.694572906494140625e+02
-5.825678706169128418e-01 -2.237475709989666939e-03 2.770625986158847809e-02 9.151842445135116577e-03 1.702070159912109375e+02
-5.619026422500610352e-01 -2.210906939581036568e-03 2.816385217010974884e-02 8.799949660897254944e-03 1.709567260742187500e+02
-5.408930182456970215e-01 -2.182972384616732597e-03 2.860384993255138397e-02 8.442601189017295837e-03 1.717064361572265625e+02
-5.195521712303161621e-01 -2.153689274564385414e-03 2.902597934007644653e-02 8.080021478235721588e-03 1.724561309814453125e+02
-4.978933930397033691e-01 -2.123078564181923866e-03 2.942997962236404419e-02 7.712435908615589142e-03 1.732058258056640625e+02
-4.759302139282226562e-01 -2.091158879920840263e-03 2.981560118496417999e-02 7.340074051171541214e-03 1.739555053710937500e+02
-4.536763429641723633e-01 -2.057950478047132492e-03 3.018260560929775238e-02 6.963167805224657059e-03 1.747051696777343750e+02
-4.311456680297851562e-01 -2.023475943133234978e-03 3.053076379001140594e-02 6.581952795386314392e-03 1.754548339843750000e+02
-4.083522856235504150e-01 -1.987758325412869453e-03 3.085986152291297913e-02 6.196664180606603622e-03 1.762044830322265625e+02
-3.853104114532470703e-01 -1.950817997567355633e-03 3.116969391703605652e-02 5.807543173432350159e-03 1.769541320800781250e+02
-3.620344102382659912e-01 -1.912679639644920826e-03 3.146007284522056580e-02 5.414829589426517487e-03 1.777037658691406250e+02
-3.385388255119323730e-01 -1.873367349617183208e-03 3.173081576824188232e-02 5.018768366426229477e-03 1.784533996582031250e+02
-3.148383200168609619e-01 -1.832904410548508167e-03 3.198175504803657532e-02 4.619604907929897308e-03 1.792030181884765625e+02
-2.909476757049560547e-01 -1.791318994946777821e-03 3.221273422241210938e-02 4.217586014419794083e-03 1.799526367187500000e+02
-2.668818235397338867e-01 -1.748634269461035728e-03 3.242361173033714294e-02 3.812960814684629440e-03 1.807022552490234375e+02
-2.426557540893554688e-01 -1.704878173768520355e-03 3.261426091194152832e-02 3.405979368835687637e-03 1.814518585205078125e+02
-2.182845920324325562e-01 -1.660077250562608242e-03 3.278455883264541626e-02 2.996893366798758507e-03 1.822014617919921875e+02
-1.937835365533828735e-01 -1.614257809706032276e-03 3.293440490961074829e-02 2.585956593975424767e-03 1.829510650634765625e+02
-1.691678613424301147e-01 -1.567449886351823807e-03 3.306370228528976440e-02 2.173422137275338173e-03 1.837006683349609375e+02
-1.444529294967651367e-01 -1.519681070931255817e-03 3.317237272858619690e-02 1.759545062668621540e-03 1.844502563476562500e+02
-1.196541562676429749e-01 -1.470980700105428696e-03 3.326034918427467346e-02 1.344580668956041336e-03 1.851998443603515625e+02
-9.478700160980224609e-02 -1.421378110535442829e-03 3.332757949829101562e-02 9.287855355069041252e-04 1.859494323730468750e+02
-6.986697018146514893e-02 -1.370903220959007740e-03 3.337401896715164185e-02 5.124158924445509911e-04 1.866990203857421875e+02
-4.490960761904716492e-02 -1.319586648605763912e-03 3.339964151382446289e-02 9.572904673404991627e-05 1.874486083984375000e+02
-1.993047632277011871e-02 -1.267459359951317310e-03 3.340442851185798645e-02 -3.210180148016661406e-04 1.881981964111328125e+02
5.054848268628120422e-03 -1.214552670717239380e-03 3.338837623596191406e-02 -7.375680725090205669e-04 1.889477844238281250e+02
3.003078512847423553e-02 -1.160898245871067047e-03 3.335149958729743958e-02 -1.153664081357419491e-03 1.896973724365234375e+02
5.498175695538520813e-02 -1.106528216041624546e-03 3.329381719231605530e-02 -1.569049083627760410e-03 1.904469604492187500e+02
7.989221066236495972e-02 -1.051475177519023418e-03 3.321536630392074585e-02 -1.983466558158397675e-03 1.911965484619140625e+02
1.047466099262237549e-01 -9.957720758393406868e-04 3.311619162559509277e-02 -2.396660624071955681e-03 1.919461364746093750e+02
1.295294463634490967e-01 -9.394529624842107296e-04 3.299636021256446838e-02 -2.808376448228955269e-03 1.926957244873046875e+02
1.542252749204635620e-01 -8.825500844977796078e-04 3.285594284534454346e-02 -3.218358848243951797e-03 1.934453125000000000e+02
1.788187026977539062e-01 -8.250988321378827095e-04 3.269502520561218262e-02 -3.626355435699224472e-03 1.941949157714843750e+02
2.032943665981292725e-01 -7.671323837712407112e-04 3.251370787620544434e-02 -4.032112658023834229e-03 1.949445190429687500e+02
2.276370078325271606e-01 -7.086855475790798664e-04 3.231210261583328247e-02 -4.435379989445209503e-03 1.956941223144531250e+02
2.518314421176910400e-01 -6.497942958958446980e-04 3.209033235907554626e-02 -4.835907835513353348e-03 1.964437255859375000e+02
2.758625745773315430e-01 -5.904932622797787189e-04 3.184853866696357727e-02 -5.233447533100843430e-03 1.971933441162109375e+02
2.997154295444488525e-01 -5.308178369887173176e-04 3.158686682581901550e-02 -5.627753213047981262e-03 1.979429626464843750e+02
3.233751058578491211e-01 -4.708041669800877571e-04 3.130548074841499329e-02 -6.018579937517642975e-03 1.986925964355468750e+02
3.468268513679504395e-01 -4.104876134078949690e-04 3.100455179810523987e-02 -6.405685096979141235e-03 1.994422302246093750e+02
3.700560331344604492e-01 -3.499054582789540291e-04 3.068426810204982758e-02 -6.788827478885650635e-03 2.001918640136718750e+02
3.930481374263763428e-01 -2.890938194468617439e-04 3.034482710063457489e-02 -7.167769595980644226e-03 2.009415130615234375e+02
4.157888293266296387e-01 -2.280892076669260859e-04 2.998643927276134491e-02 -7.542275357991456985e-03 2.016911621093750000e+02
4.382638931274414062e-01 -1.669292541919276118e-04 2.960932627320289612e-02 -7.912111468613147736e-03 2.024408264160156250e+02
4.604592919349670410e-01 -1.056489709299057722e-04 2.921372093260288239e-02 -8.277047425508499146e-03 2.031904907226562500e+02
4.823611974716186523e-01 -4.428673128131777048e-05 2.879986912012100220e-02 -8.636853657662868500e-03 2.039401702880859375e+02
5.039559006690979004e-01 1.711872027954086661e-05 2.836802601814270020e-02 -8.991308510303497314e-03 2.046898651123046875e+02
5.252299308776855469e-01 7.853311399230733514e-05 2.791845984756946564e-02 -9.340187534689903259e-03 2.054395599365234375e+02
5.461699962615966797e-01 1.399169559590518475e-04 2.745145000517368317e-02 -9.683271870017051697e-03 2.061892700195312500e+02
5.667629837989807129e-01 2.012307668337598443e-04 2.696728706359863281e-02 -1.002034824341535568e-02 2.069389801025390625e+02
5.869960784912109375e-01 2.624372718855738640e-04 2.646626904606819153e-02 -1.035120431333780289e-02 2.076887054443359375e+02
6.068565845489501953e-01 3.235007461626082659e-04 2.594870887696743011e-02 -1.067563239485025406e-02 2.084384460449218750e+02
6.263321042060852051e-01 3.843824088107794523e-04 2.541492693126201630e-02 -1.099342759698629379e-02 2.091881866455078125e+02
6.454104781150817871e-01 4.450450360309332609e-04 2.486525475978851318e-02 -1.130439061671495438e-02 2.099379425048828125e+02
6.640797257423400879e-01 5.054506473243236542e-04 2.430003508925437927e-02 -1.160832401365041733e-02 2.106877136230468750e+02
6.823282241821289062e-01 5.655619315803050995e-04 2.371961809694766998e-02 -1.190503779798746109e-02 2.114374847412109375e+02
7.001445293426513672e-01 6.253386964090168476e-04 2.312436699867248535e-02 -1.219434291124343872e-02 2.121872711181640625e+02
7.175174951553344727e-01 6.847466574981808662e-04 2.251465059816837311e-02 -1.247605681419372559e-02 2.129370727539062500e+02
7.344362735748291016e-01 7.437478052452206612e-04 2.189084701240062714e-02 -1.275000069290399551e-02 2.136868743896484375e+02
7.508902549743652344e-01 8.023034315556287766e-04 2.125334739685058594e-02 -1.301600132137537003e-02 2.144366912841796875e+02
7.668691873550415039e-01 8.603754686191678047e-04 2.060254663228988647e-02 -1.327388919889926910e-02 2.151865234375000000e+02
7.823629975318908691e-01 9.179289918392896652e-04 1.993885263800621033e-02 -1.352350041270256042e-02 2.159363708496093750e+02
7.973620295524597168e-01 9.749259334057569504e-04 1.926267705857753754e-02 -1.376467756927013397e-02 2.166862182617187500e+02
8.118568658828735352e-01 1.031332067213952541e-03 1.857444271445274353e-02 -1.399726606905460358e-02 2.174360809326171875e+02
8.258384466171264648e-01 1.087112352252006531e-03 1.787457987666130066e-02 -1.422111503779888153e-02 2.181859436035156250e+02
8.392980098724365234e-01 1.142224296927452087e-03 1.716352440416812897e-02 -1.443608384579420090e-02 2.189358215332031250e+02
8.522271513938903809e-01 1.196637400425970554e-03 1.644171960651874542e-02 -1.464203465729951859e-02 2.196857147216796875e+02
8.646177053451538086e-01 1.250313594937324524e-03 1.570961810648441315e-02 -1.483883801847696304e-02 2.204356079101562500e+02
8.764619231224060059e-01 1.303220866248011589e-03 1.496767625212669373e-02 -1.502636447548866272e-02 2.211855163574218750e+02
8.877524137496948242e-01 1.355324988253414631e-03 1.421635784208774567e-02 -1.520449668169021606e-02 2.219354248046875000e+02
8.984820842742919922e-01 1.406590221449732780e-03 1.345613319426774979e-02 -1.537311635911464691e-02 2.226853485107421875e+02
9.086441993713378906e-01 1.456981524825096130e-03 1.268747728317975998e-02 -1.553212013095617294e-02 2.234352722167968750e+02
9.182323813438415527e-01 1.506470493040978909e-03 1.191087160259485245e-02 -1.568140275776386261e-02 2.241852111816406250e+02
9.272406697273254395e-01 1.555022899992763996e-03 1.112680137157440186e-02 -1.582086831331253052e-02 2.249351501464843750e+02
9.356633424758911133e-01 1.602603821083903313e-03 1.033575832843780518e-02 -1.595042832195758820e-02 2.256851043701171875e+02
9.434951543807983398e-01 1.649185549467802048e-03 9.538237005472183228e-03 -1.606999710202217102e-02 2.264350585937500000e+02
9.507311582565307617e-01 1.694733975455164909e-03 8.734737522900104523e-03 -1.617950201034545898e-02 2.271850280761718750e+02
9.573668837547302246e-01 1.739221392199397087e-03 7.925762794911861420e-03 -1.627887040376663208e-02 2.279349975585937500e+02
9.633980989456176758e-01 1.782622537575662136e-03 7.111819460988044739e-03 -1.636803522706031799e-02 2.286849670410156250e+02
9.688210487365722656e-01 1.824903069064021111e-03 6.293417885899543762e-03 -1.644694060087203979e-02 2.294349517822265625e+02
9.736323356628417969e-01 1.866033999249339104e-03 5.471070762723684311e-03 -1.651553809642791748e-02 2.301849365234375000e+02
9.778289198875427246e-01 1.905991462990641594e-03 4.645294044166803360e-03 -1.657378301024436951e-02 2.309349212646484375e+02
9.814081788063049316e-01 1.944750081747770309e-03 3.816604847088456154e-03 -1.662163436412811279e-02 2.316849060058593750e+02
9.843678474426269531e-01 1.982283079996705055e-03 2.985523082315921783e-03 -1.665906235575675964e-02 2.324349060058593750e+02
9.867060780525207520e-01 2.018563682213425636e-03 2.152570057660341263e-03 -1.668604463338851929e-02 2.331849060058593750e+02
9.884214401245117188e-01 2.053568838164210320e-03 1.318267779424786568e-03 -1.670256443321704865e-02 2.339349060058593750e+02
9.895128011703491211e-01 2.087277593091130257e-03 4.831395344808697701e-04 -1.670861057937145233e-02 2.346849060058593750e+02
9.899795055389404297e-01 2.119667595252394676e-03 -3.522909828461706638e-04 -1.670417562127113342e-02 2.354349060058593750e+02
9.898212552070617676e-01 2.150715561583638191e-03 -1.187499845400452614e-03 -1.668926700949668884e-02 2.361849060058593750e+02
9.890381693840026855e-01 2.180401701480150223e-03 -2.021963242441415787e-03 -1.666389219462871552e-02 2.369349060058593750e+02
9.876307249069213867e-01 2.208707854151725769e-03 -2.855157945305109024e-03 -1.662806980311870575e-02 2.376849060058593750e+02
9.855998158454895020e-01 2.235615625977516174e-03 -3.686561482027173042e-03 -1.658182032406330109e-02 2.384349060058593750e+02
9.829466938972473145e-01 2.261108485981822014e-03 -4.515652544796466827e-03 -1.652517542243003845e-02 2.391849060058593750e+02
9.796730279922485352e-01 2.285167807713150978e-03 -5.341911222785711288e-03 -1.645817048847675323e-02 2.399349060058593750e+02
9.757808446884155273e-01 2.307779621332883835e-03 -6.164819933474063873e-03 -1.638085022568702698e-02 2.406848907470703125e+02
9.712726473808288574e-01 2.328929491341114044e-03 -6.983862258493900299e-03 -1.629326306283473969e-02 2.414348754882812500e+02
9.661512374877929688e-01 2.348601352423429489e-03 -7.798525504767894745e-03 -1.619546860456466675e-02 2.421848602294921875e+02
9.604198336601257324e-01 2.366785192862153053e-03 -8.608299307525157928e-03 -1.608752645552158356e-02 2.429348449707031250e+02
9.540820121765136719e-01 2.383469371125102043e-03 -9.412676095962524414e-03 -1.596950925886631012e-02 2.436848144531250000e+02
9.471417665481567383e-01 2.398646203801035881e-03 -1.021115109324455261e-02 -1.584149338304996490e-02 2.444347839355468750e+02
9.396034479141235352e-01 2.412306144833564758e-03 -1.100322604179382324e-02 -1.570355892181396484e-02 2.451847534179687500e+02
9.314718246459960938e-01 2.424441743642091751e-03 -1.178840361535549164e-02 -1.555579528212547302e-02 2.459347076416015625e+02
9.227519631385803223e-01 2.435040893033146858e-03 -1.256619300693273544e-02 -1.539829839020967484e-02 2.466846618652343750e+02
9.134492874145507812e-01 2.444100100547075272e-03 -1.333610806614160538e-02 -1.523116882890462875e-02 2.474346008300781250e+02
9.035696983337402344e-01 2.451616339385509491e-03 -1.409766636788845062e-02 -1.505451463162899017e-02 2.481845397949218750e+02
8.931193947792053223e-01 2.457585651427507401e-03 -1.485039200633764267e-02 -1.486844848841428757e-02 2.489344635009765625e+02
8.821048736572265625e-01 2.462003845721483231e-03 -1.559381466358900070e-02 -1.467308960855007172e-02 2.496843872070312500e+02
8.705330491065979004e-01 2.464869990944862366e-03 -1.632746867835521698e-02 -1.446856372058391571e-02 2.504342956542968750e+02
8.584111928939819336e-01 2.466181991621851921e-03 -1.705089770257472992e-02 -1.425500120967626572e-02 2.511842041015625000e+02
8.457469344139099121e-01 2.465941244736313820e-03 -1.776364818215370178e-02 -1.403253991156816483e-02 2.519340972900390625e+02
8.325482010841369629e-01 2.464149380102753639e-03 -1.846527494490146637e-02 -1.380132138729095459e-02 2.526839752197265625e+02
8.188232183456420898e-01 2.460810821503400803e-03 -1.915534026920795441e-02 -1.356149092316627502e-02 2.534338531494140625e+02
8.045806288719177246e-01 2.455926267430186272e-03 -1.983341574668884277e-02 -1.331320405006408691e-02 2.541837158203125000e+02
7.898293137550354004e-01 2.449502469971776009e-03 -2.049907669425010681e-02 -1.305661723017692566e-02 2.549335632324218750e+02
7.745785117149353027e-01 2.441542223095893860e-03 -2.115190774202346802e-02 -1.279189437627792358e-02 2.556834106445312500e+02
7.588378190994262695e-01 2.432053908705711365e-03 -2.179150283336639404e-02 -1.251920405775308609e-02 2.564332580566406250e+02
7.426170706748962402e-01 2.421045675873756409e-03 -2.241746336221694946e-02 -1.223871763795614243e-02 2.571830749511718750e+02
7.259263992309570312e-01 2.408525673672556877e-03 -2.302940003573894501e-02 -1.195061299949884415e-02 2.579328918457031250e+02
7.087762951850891113e-01 2.394499955698847771e-03 -2.362693101167678833e-02 -1.165507268160581589e-02 2.586827087402343750e+02
6.911774277687072754e-01 2.378982724621891975e-03 -2.420968376100063324e-02 -1.135228388011455536e-02 2.594324951171875000e+02
6.731408834457397461e-01 2.361981896683573723e-03 -2.477729879319667816e-02 -1.104243751615285873e-02 2.601822814941406250e+02
6.546778678894042969e-01 2.343512605875730515e-03 -2.532942034304141998e-02 -1.072573009878396988e-02 2.609320678710937500e+02
6.357999444007873535e-01 2.323587425053119659e-03 -2.586570754647254944e-02 -1.040235999971628189e-02 2.616818237304687500e+02
6.165189743041992188e-01 2.302220556885004044e-03 -2.638582512736320496e-02 -1.007252931594848633e-02 2.624315795898437500e+02
5.968469977378845215e-01 2.279425505548715591e-03 -2.688945084810256958e-02 -9.736446663737297058e-03 2.631813354492187500e+02
5.767962932586669922e-01 2.255218569189310074e-03 -2.737627364695072174e-02 -9.394321590662002563e-03 2.639310607910156250e+02
5.563793778419494629e-01 2.229613950476050377e-03 -2.784598991274833679e-02 -9.046370163559913635e-03 2.646807861328125000e+02
5.356090068817138672e-01 2.202630974352359772e-03 -2.829830907285213470e-02 -8.692809380590915680e-03 2.654305114746093750e+02
5.144981741905212402e-01 2.174286637455224991e-03 -2.873294986784458160e-02 -8.333860896527767181e-03 2.661802062988281250e+02
4.930600821971893311e-01 2.144602127373218536e-03 -2.914964221417903900e-02 -7.969748228788375854e-03 2.669299011230468750e+02
4.713081419467926025e-01 2.113593975082039833e-03 -2.954812906682491302e-02 -7.600699085742235184e-03 2.676795959472656250e+02
4.492559134960174561e-01 2.081284066662192345e-03 -2.992816455662250519e-02 -7.226943504065275192e-03 2.684292602539062500e+02
4.269171655178070068e-01 2.047692425549030304e-03 -3.028951212763786316e-02 -6.848713848739862442e-03 2.691789245605468750e+02
4.043058454990386963e-01 2.012840937823057175e-03 -3.063194826245307922e-02 -6.466245278716087341e-03 2.699285888671875000e+02
3.814360797405242920e-01 1.976752188056707382e-03 -3.095526061952114105e-02 -6.079776212573051453e-03 2.706782531738281250e+02
3.583221435546875000e-01 1.939448295161128044e-03 -3.125924989581108093e-02 -5.689546931535005569e-03 2.714278869628906250e+02
3.349784612655639648e-01 1.900953706353902817e-03 -3.154372796416282654e-02 -5.295799113810062408e-03 2.721775207519531250e+02
3.114195764064788818e-01 1.861292053945362568e-03 -3.180851787328720093e-02 -4.898776765912771225e-03 2.729271545410156250e+02
2.876602411270141602e-01 1.820488600060343742e-03 -3.205345571041107178e-02 -4.498726222664117813e-03 2.736767883300781250e+02
2.637152373790740967e-01 1.778568257577717304e-03 -3.227839246392250061e-02 -4.095895681530237198e-03 2.744263916015625000e+02
2.395995259284973145e-01 1.735557685606181622e-03 -3.248318657279014587e-02 -3.690533805638551712e-03 2.751759948730468750e+02
2.153281569480895996e-01 1.691483426839113235e-03 -3.266771510243415833e-02 -3.282892052084207535e-03 2.759255981445312500e+02
1.909162551164627075e-01 1.646372722461819649e-03 -3.283185884356498718e-02 -2.873221877962350845e-03 2.766752014160156250e+02
1.663790643215179443e-01 1.600253046490252018e-03 -3.297552093863487244e-02 -2.461776370182633400e-03 2.774248046875000000e+02
1.417318731546401978e-01 1.553152687847614288e-03 -3.309860825538635254e-02 -2.048810478299856186e-03 2.781744079589843750e+02
1.169900596141815186e-01 1.505100051872432232e-03 -3.320105001330375671e-02 -1.634578919038176537e-03 2.789240112304687500e+02
9.216906130313873291e-02 1.456124591641128063e-03 -3.328277915716171265e-02 -1.219336874783039093e-03 2.796736145019531250e+02
6.728434562683105469e-02 1.406255760230123997e-03 -3.334374725818634033e-02 -8.033415069803595543e-04 2.804231872558593750e+02
4.235143959522247314e-02 1.355523825623095036e-03 -3.338391333818435669e-02 -3.868492494802922010e-04 2.811727600097656250e+02
1.738589070737361908e-02 1.303959754295647144e-03 -3.340325504541397095e-02 2.988288179039955139e-05 2.819223327636718750e+02
-7.596733048558235168e-03 1.251594047062098980e-03 -3.340176120400428772e-02 4.465975798666477203e-04 2.826719055175781250e+02
-3.258085250854492188e-02 1.198458601720631123e-03 -3.337943181395530701e-02 8.630378288216888905e-04 2.834214782714843750e+02
-5.755088850855827332e-02 1.144585199654102325e-03 -3.333628177642822266e-02 1.278946641832590103e-03 2.841710510253906250e+02
-8.249127119779586792e-02 1.090005855076014996e-03 -3.327233344316482544e-02 1.694067032076418400e-03 2.849206237792968750e+02
-1.073864474892616272e-01 1.034753397107124329e-03 -3.318763151764869690e-02 2.108142711222171783e-03 2.856701965332031250e+02
-1.322208940982818604e-01 9.788612369447946548e-04 -3.308222442865371704e-02 2.520918147638440132e-03 2.864197998046875000e+02
-1.569791138172149658e-01 9.223622037097811699e-04 -3.295617923140525818e-02 2.932138275355100632e-03 2.871694030761718750e+02
-1.816456764936447144e-01 8.652904070913791656e-04 -3.280957415699958801e-02 3.341548843309283257e-03 2.879190063476562500e+02
-2.062052041292190552e-01 8.076800731942057610e-04 -3.264249488711357117e-02 3.748896764591336250e-03 2.886686096191406250e+02
-2.306423634290695190e-01 7.495653699152171612e-04 -3.245504945516586304e-02 4.153929650783538818e-03 2.894182128906250000e+02
-2.549419105052947998e-01 6.909814546816051006e-04 -3.224735334515571594e-02 4.556397441774606705e-03 2.901678161621093750e+02
-2.790887057781219482e-01 6.319631938822567463e-04 -3.201953321695327759e-02 4.956050775945186615e-03 2.909174194335937500e+02
-3.030676841735839844e-01 5.725455703213810921e-04 -3.177173063158988953e-02 5.352641921490430832e-03 2.916670227050781250e+02
-3.268638551235198975e-01 5.127636250108480453e-04 -3.150409832596778870e-02 5.745924543589353561e-03 2.924166564941406250e+02
-3.504624068737030029e-01 4.526553093455731869e-04 -3.121680207550525665e-02 6.135655101388692856e-03 2.931662902832031250e+02
-3.738485872745513916e-01 3.922545583918690681e-04 -3.091001883149147034e-02 6.521590519696474075e-03 2.939159240722656250e+02
-3.970077931880950928e-01 3.315997601021081209e-04 -3.058393858373165131e-02 6.903492845594882965e-03 2.946655578613281250e+02
-4.199256002902984619e-01 2.707255480345338583e-04 -3.023876436054706573e-02 7.281122729182243347e-03 2.954152221679687500e+02
-4.425876736640930176e-01 2.096699026878923178e-04 -2.987470850348472595e-02 7.654245477169752121e-03 2.961648864746093750e+02
-4.649798870086669922e-01 1.484693493694067001e-04 -2.949199639260768890e-02 8.022627793252468109e-03 2.969145507812500000e+02
-4.870882630348205566e-01 8.716075535630807281e-05 -2.909086458384990692e-02 8.386041037738323212e-03 2.976642150878906250e+02
-5.088989734649658203e-01 2.578250132501125336e-05 -2.867156267166137695e-02 8.744258433580398560e-03 2.984139099121093750e+02
-5.303984284400939941e-01 -3.562890924513339996e-05 -2.823434956371784210e-02 9.097055532038211823e-03 2.991636047363281250e+02
-5.515731573104858398e-01 -9.703659452497959137e-05 -2.777949720621109009e-02 9.444210678339004517e-03 2.999132995605468750e+02
-5.724099278450012207e-01 -1.584025594638660550e-04 -2.730728685855865479e-02 9.785506874322891235e-03 3.006630249023437500e+02
-5.928957462310791016e-01 -2.196880523115396500e-04 -2.681801095604896545e-02 1.012073177844285965e-02 3.014127502441406250e+02
-6.130177974700927734e-01 -2.808573190122842789e-04 -2.631197497248649597e-02 1.044967304915189743e-02 3.021624755859375000e+02
-6.327635645866394043e-01 -3.418730921112000942e-04 -2.578949183225631714e-02 1.077212300151586533e-02 3.029122009277343750e+02
-6.521206498146057129e-01 -4.026921815238893032e-04 -2.525088563561439514e-02 1.108787953853607178e-02 3.036619567871093750e+02
-6.710769534111022949e-01 -4.632803029380738735e-04 -2.469649165868759155e-02 1.139674335718154907e-02 3.044117126464843750e+02
-6.896206140518188477e-01 -5.236017168499529362e-04 -2.412665449082851410e-02 1.169852074235677719e-02 3.051614685058593750e+02
-7.077400088310241699e-01 -5.836153868585824966e-04 -2.354172803461551666e-02 1.199302077293395996e-02 3.059112548828125000e+02
-7.254238724708557129e-01 -6.432833615690469742e-04 -2.294207736849784851e-02 1.228005718439817429e-02 3.066610412597656250e+02
-7.426610589027404785e-01 -7.025713566690683365e-04 -2.232807502150535583e-02 1.255944836884737015e-02 3.074108581542968750e+02
-7.594408392906188965e-01 -7.614421192556619644e-04 -2.170010283589363098e-02 1.283101644366979599e-02 3.081606750488281250e+02
-7.757527232170104980e-01 -8.198568830266594887e-04 -2.105855196714401245e-02 1.309459004551172256e-02 3.089104919433593750e+02
-7.915864586830139160e-01 -8.777784532867372036e-04 -2.040382288396358490e-02 1.335000153630971909e-02 3.096603393554687500e+02
-8.069321513175964355e-01 -9.351695189252495766e-04 -1.973632350564002991e-02 1.359708607196807861e-02 3.104101867675781250e+02
-8.217802047729492188e-01 -9.919928852468729019e-04 -1.905646920204162598e-02 1.383568905293941498e-02 3.111600341796875000e+02
-8.361212611198425293e-01 -1.048213453032076359e-03 -1.836468465626239777e-02 1.406565867364406586e-02 3.119099121093750000e+02
-8.499463796615600586e-01 -1.103795482777059078e-03 -1.766140200197696686e-02 1.428684685379266739e-02 3.126597900390625000e+02
-8.632469177246093750e-01 -1.158700324594974518e-03 -1.694705896079540253e-02 1.449911296367645264e-02 3.134096679687500000e+02
-8.760145306587219238e-01 -1.212895847856998444e-03 -1.622210256755352020e-02 1.470232009887695312e-02 3.141595458984375000e+02
-8.882412314414978027e-01 -1.266344101168215275e-03 -1.548698637634515762e-02 1.489633973687887192e-02 3.149094543457031250e+02
-8.999193310737609863e-01 -1.319010742008686066e-03 -1.474216952919960022e-02 1.508104708045721054e-02 3.156593627929687500e+02
-9.110414981842041016e-01 -1.370864571072161198e-03 -1.398811675608158112e-02 1.525632385164499283e-02 3.164092712402343750e+02
-9.216007590293884277e-01 -1.421869732439517975e-03 -1.322530023753643036e-02 1.542205736041069031e-02 3.171592102050781250e+02
-9.315905570983886719e-01 -1.471994211897253990e-03 -1.245419774204492569e-02 1.557814143598079681e-02 3.179091491699218750e+02
-9.410045742988586426e-01 -1.521205296739935875e-03 -1.167529076337814331e-02 1.572447456419467926e-02 3.186590881347656250e+02
-9.498369097709655762e-01 -1.569466432556509972e-03 -1.088906731456518173e-02 1.586096361279487610e-02 3.194090270996093750e+02
-9.580820202827453613e-01 -1.616750028915703297e-03 -1.009601913392543793e-02 1.598752290010452271e-02 3.201589965820312500e+02
-9.657347202301025391e-01 -1.663024071604013443e-03 -9.296642616391181946e-03 1.610406674444675446e-02 3.209089660644531250e+02
-9.727902412414550781e-01 -1.708256546407938004e-03 -8.491439744830131531e-03 1.621052250266075134e-02 3.216589355468750000e+02
-9.792441725730895996e-01 -1.752421376295387745e-03 -7.680913433432579041e-03 1.630682125687599182e-02 3.224089050292968750e+02
-9.850924015045166016e-01 -1.795487245544791222e-03 -6.865572184324264526e-03 1.639289967715740204e-02 3.231588745117187500e+02
-9.903312921524047852e-01 -1.837423536926507950e-03 -6.045927293598651886e-03 1.646870374679565430e-02 3.239088439941406250e+02
-9.949575662612915039e-01 -1.878202776424586773e-03 -5.222491919994354248e-03 1.653418689966201782e-02 3.246588439941406250e+02
-9.989683032035827637e-01 -1.917804125696420670e-03 -4.395782481878995895e-03 1.658930070698261261e-02 3.254088439941406250e+02
-1.002361059188842773e+00 -1.956194639205932617e-03 -3.566317493095993996e-03 1.663401350378990173e-02 3.261588439941406250e+02
-1.005133628845214844e+00 -1.993352081626653671e-03 -2.734616864472627640e-03 1.666829548776149750e-02 3.269088439941406250e+02
-1.007284283638000488e+00 -2.029251307249069214e-03 -1.901202136650681496e-03 1.669212616980075836e-02 3.276588439941406250e+02
-1.008811593055725098e+00 -2.063866704702377319e-03 -1.066595781594514847e-03 1.670549064874649048e-02 3.284088439941406250e+02
-1.009714722633361816e+00 -2.097181975841522217e-03 -2.313212607987225056e-04 1.670837588608264923e-02 3.291588439941406250e+02
-1.009993076324462891e+00 -2.129168016836047173e-03 6.040975567884743214e-04 1.670078560709953308e-02 3.299088439941406250e+02
-1.009646415710449219e+00 -2.159809228032827377e-03 1.439136918634176254e-03 1.668272167444229126e-02 3.306588439941406250e+02
-1.008675098419189453e+00 -2.189081860706210136e-03 2.273272955790162086e-03 1.665419526398181915e-02 3.314088439941406250e+02
-1.007079601287841797e+00 -2.216967986896634102e-03 3.105982672423124313e-03 1.661522686481475830e-02 3.321588439941406250e+02
-1.004860997200012207e+00 -2.243450377136468887e-03 3.936743829399347305e-03 1.656584069132804871e-02 3.329088439941406250e+02
-1.002020597457885742e+00 -2.268512733280658722e-03 4.765036050230264664e-03 1.650607027113437653e-02 3.336588439941406250e+02
-9.985602498054504395e-01 -2.292136196047067642e-03 5.590339656919240952e-03 1.643595099449157715e-02 3.344088439941406250e+02
-9.944821000099182129e-01 -2.314308425411581993e-03 6.412137299776077271e-03 1.635553129017353058e-02 3.351588439941406250e+02
-9.897887706756591797e-01 -2.335013588890433311e-03 7.229913957417011261e-03 1.626486144959926605e-02 3.359088439941406250e+02
-9.844831228256225586e-01 -2.354241209104657173e-03 8.043156936764717102e-03 1.616400107741355896e-02 3.366588134765625000e+02
-9.785685539245605469e-01 -2.371976617723703384e-03 8.851356804370880127e-03 1.605301350355148315e-02 3.374087829589843750e+02
-9.720486998558044434e-01 -2.388209104537963867e-03 9.654007852077484131e-03 1.593197323381900787e-02 3.381587524414062500e+02
-9.649277329444885254e-01 -2.402930753305554390e-03 1.045060623437166214e-02 1.580095663666725159e-02 3.389087219238281250e+02
-9.572100639343261719e-01 -2.416130155324935913e-03 1.124065369367599487e-02 1.566004753112792969e-02 3.396586914062500000e+02
-9.489005804061889648e-01 -2.427795436233282089e-03 1.202365569770336151e-02 1.550934184342622757e-02 3.404086303710937500e+02
-9.400044083595275879e-01 -2.437926828861236572e-03 1.279912237077951431e-02 1.534893549978733063e-02 3.411585693359375000e+02
-9.305272102355957031e-01 -2.446516649797558784e-03 1.356656942516565323e-02 1.517892815172672272e-02 3.419085083007812500e+02
-9.204748868942260742e-01 -2.453559776768088341e-03 1.432551629841327667e-02 1.499943342059850693e-02 3.426584472656250000e+02
-9.098537564277648926e-01 -2.459058305248618126e-03 1.507548801600933075e-02 1.481056213378906250e-02 3.434083862304687500e+02
-8.986704945564270020e-01 -2.463009441271424294e-03 1.581601612269878387e-02 1.461243443191051483e-02 3.441582946777343750e+02
-8.869321346282958984e-01 -2.465413650497794151e-03 1.654663868248462677e-02 1.440517324954271317e-02 3.449082031250000000e+02
-8.746459484100341797e-01 -2.466274192556738853e-03 1.726689748466014862e-02 1.418890804052352905e-02 3.456581115722656250e+02
-8.618197441101074219e-01 -2.465593162924051285e-03 1.797634363174438477e-02 1.396377291530370712e-02 3.464079895019531250e+02
-8.484614491462707520e-01 -2.463366836309432983e-03 1.867453195154666901e-02 1.372991129755973816e-02 3.471578674316406250e+02
-8.345795273780822754e-01 -2.459592418745160103e-03 1.936102658510208130e-02 1.348747126758098602e-02 3.479077453613281250e+02
-8.201826214790344238e-01 -2.454263856634497643e-03 2.003540098667144775e-02 1.323661766946315765e-02 3.486575927734375000e+02
-8.052797913551330566e-01 -2.447375096380710602e-03 2.069723233580589294e-02 1.297751907259225845e-02 3.494074401855468750e+02
-7.898803353309631348e-01 -2.438914263620972633e-03 2.134610898792743683e-02 1.271035987883806229e-02 3.501572875976562500e+02
-7.739939093589782715e-01 -2.428879728540778160e-03 2.198162674903869629e-02 1.243533007800579071e-02 3.509071044921875000e+02
-7.576304078102111816e-01 -2.417277777567505836e-03 2.260339260101318359e-02 1.215262338519096375e-02 3.516569213867187500e+02
-7.408001422882080078e-01 -2.404126804322004318e-03 2.321102470159530640e-02 1.186243258416652679e-02 3.524067382812500000e+02
-7.235136032104492188e-01 -2.389475936070084572e-03 2.380414679646492004e-02 1.156493183225393295e-02 3.531565246582031250e+02
-7.057816386222839355e-01 -2.373388735577464104e-03 2.438239380717277527e-02 1.126027293503284454e-02 3.539063110351562500e+02
-6.876152753829956055e-01 -2.355943899601697922e-03 2.494540810585021973e-02 1.094858441501855850e-02 3.546560974121093750e+02
-6.690258979797363281e-01 -2.337236888706684113e-03 2.549283765256404877e-02 1.062996033579111099e-02 3.554058532714843750e+02
-6.500251889228820801e-01 -2.317340113222599030e-03 2.602433599531650543e-02 1.030448451638221741e-02 3.561556091308593750e+02
-6.306249499320983887e-01 -2.296285470947623253e-03 2.653956040740013123e-02 9.972246363759040833e-03 3.569053649902343750e+02
-6.108373999595642090e-01 -2.274019410833716393e-03 2.703817188739776611e-02 9.633387438952922821e-03 3.576550903320312500e+02
-5.906748771667480469e-01 -2.250386169180274010e-03 2.751984074711799622e-02 9.288150817155838013e-03 3.584048156738281250e+02
-5.701500773429870605e-01 -2.225104952231049538e-03 2.798424847424030304e-02 8.936928585171699524e-03 3.591545410156250000e+02
-5.492758154869079590e-01 -2.197791822254657745e-03 2.843109518289566040e-02 8.580303750932216644e-03 3.599042358398437500e+02
-5.280652046203613281e-01 -2.168029081076383591e-03 2.886011078953742981e-02 8.219039067625999451e-03 3.606539306640625000e+02
-5.065314769744873047e-01 -2.135471906512975693e-03 2.927106246352195740e-02 7.854027673602104187e-03 3.614036254882812500e+02
-4.846880435943603516e-01 -2.100025070831179619e-03 2.966376394033432007e-02 7.486144546419382095e-03 3.621533203125000000e+02
-4.625484347343444824e-01 -2.062024781480431557e-03 3.003807179629802704e-02 7.116031832993030548e-03 3.629029846191406250e+02
-4.401263296604156494e-01 -2.022413769736886024e-03 3.039387427270412445e-02 6.743814330548048019e-03 3.636526489257812500e+02
-4.174354970455169678e-01 -1.982819987460970879e-03 3.073106519877910614e-02 6.368812173604965210e-03 3.644023132324218750e+02
-3.944899141788482666e-01 -1.945469062775373459e-03 3.104950487613677979e-02 5.989327561110258102e-03 3.651519470214843750e+02
-3.713037669658660889e-01 -1.912851119413971901e-03 3.134896978735923767e-02 5.602627526968717575e-03 3.659015808105468750e+02
-3.478914797306060791e-01 -1.887087710201740265e-03 3.162910044193267822e-02 5.205255933105945587e-03 3.666512145996093750e+02
-3.242679238319396973e-01 -1.869027502834796906e-03 3.188936412334442139e-02 4.793767351657152176e-03 3.674008483886718750e+02
-3.004483580589294434e-01 -1.857177005149424076e-03 3.212905302643775940e-02 4.365922417491674423e-03 3.681504821777343750e+02
-2.764485180377960205e-01 -1.846723491325974464e-03 3.234734758734703064e-02 3.922247327864170074e-03 3.689000854492187500e+02
-2.522845268249511719e-01 -1.829021261073648930e-03 3.254346176981925964e-02 3.467668080702424049e-03 3.696496887207031250e+02
-2.279726415872573853e-01 -1.791983842849731445e-03 3.271684423089027405e-02 3.012761240825057030e-03 3.703992919921875000e+02
-2.035289406776428223e-01 -1.721695414744317532e-03 3.286748379468917847e-02 2.574056386947631836e-03 3.711488952636718750e+02
-1.789688020944595337e-01 -1.604990800842642784e-03 3.299618512392044067e-02 2.173112472519278526e-03 3.718984985351562500e+02
-1.543063521385192871e-01 -1.433668774552643299e-03 3.310484066605567932e-02 1.833501737564802170e-03 3.726481018066406250e+02
-1.295538991689682007e-01 -1.226109801791608334e-03 3.319651633501052856e-02 1.563902129419147968e-03 3.733977050781250000e+02
-1.047223582863807678e-01 -1.129692420363426208e-03 3.327471017837524414e-02 1.275846036151051521e-03 3.741473083496093750e+02
-7.982738316059112549e-02 -1.531911781057715416e-03 3.333850204944610596e-02 6.561508635058999062e-04 3.748968811035156250e+02
