-3.277371546344474973e-02
9.893668478287886286e-03
1.017839400364532916e-02
6.300229575553806076e-03
3.855453642003379717e-03
1.828434672152787080e-03
9.102738963911914075e-05
-1.163193937588256682e-03
-1.874637681799008488e-03
-2.121079946173608753e-03
-2.045965274323332563e-03
-1.801462390869854047e-03
-1.514280788216087678e-03
-1.270511209502353826e-03
-1.114344933450225504e-03
-1.055465036744263453e-03
-1.080392318989137086e-03
-1.164063137707661800e-03
-1.279253438996036732e-03
-1.402801190357991700e-03
-1.518624835154285240e-03
-1.618174592938697058e-03
-1.699216751726852128e-03
-1.763834549660538587e-03
-1.816344182669724517e-03
-1.861571955176573485e-03
-1.903694794326908114e-03
-1.945656582658116017e-03
-1.989053880997814806e-03
-2.034332720327193100e-03
-2.081137592647271800e-03
-2.128684864870455246e-03
-2.176077242281203132e-03
-2.222519713118097616e-03
-2.267432171443532329e-03
-2.310476235994496190e-03
-2.351524029473305109e-03
-2.390597478112105410e-03
-2.427801521269186500e-03
-2.463266810231433141e-03
-2.497109590106768966e-03
-2.529410089719417391e-03
-2.560206568435651614e-03
-2.589500167328936519e-03
-2.617265442991453112e-03
-2.643462311030454065e-03
-2.668046493918752992e-03
-2.690976983580078367e-03
-2.712220194055156922e-03
-2.731751259832393159e-03
-2.749553324733406030e-03
-2.765615738266361152e-03
-2.779931939078482753e-03
-2.792497566486803334e-03
-2.803309087256013101e-03
-2.812363011984829377e-03
-2.819655629941752745e-03
-2.825183115798824730e-03
-2.828941844422106205e-03
-2.830928771625938842e-03
-2.831141780307854482e-03
-2.829579936807661428e-03
-2.826243641148334929e-03
-2.821134681931526753e-03
-2.814256221196193529e-03
-2.805612738457965213e-03
-2.795209959808707661e-03
-2.783054790738182047e-03
-2.769155263260354195e-03
-2.753520500825724394e-03
-2.736160699483485090e-03
-2.717087120955339035e-03
-2.696312092441915421e-03
-2.673849008468066370e-03
-2.649712331341525211e-03
-2.623917588221364762e-03
-2.596481364096959055e-03
-2.567421290905274982e-03
-2.536756033568750898e-03
-2.504505273880516976e-03
-2.470689693133833621e-03
-2.435330954160436299e-03
-2.398451683174037969e-03
-2.360075451609579267e-03
-2.320226757960953869e-03
-2.278931009504663648e-03
-2.236214503786813305e-03
-2.192104409744856375e-03
-2.146628748371429748e-03
-2.099816372868222418e-03
-2.051696948304871683e-03
-2.002300930793991622e-03
-1.951659546242576898e-03
-1.899804768720846689e-03
-1.846769298522335165e-03
-1.792586539934393946e-03
-1.737290578781166064e-03
-1.680916159757803738e-03
-1.623498663559712948e-03
-1.565074083860155648e-03
-1.505679004126690311e-03
-1.445350574277690699e-03
-1.384126487224267722e-03
-1.322044955297949553e-03
-1.259144686552161278e-03
-1.195464860995866215e-03
-1.131045106739874111e-03
-1.065925476078932906e-03
-1.000146421517481661e-03
-9.337487717562388632e-04
-8.667737076409815552e-04
-7.992627380775372582e-04
-7.312576759307842398e-04
-6.628006138969224021e-04
-5.939339003764455404e-04
-5.247001153134678818e-04
-4.551420460474291758e-04
-3.853026631401140745e-04
-3.152250962036718513e-04
-2.449526097257713323e-04
-1.745285788728277309e-04
-1.039964653020120745e-04
-3.339979295430670514e-05
3.721787615400886799e-05
1.078129661618606707e-04
1.783419115963652806e-04
2.487611816218528236e-04
3.190273043104828931e-04
3.890968909187099162e-04
4.589266601847761672e-04
5.284734626485857898e-04
5.976943049866032063e-04
6.665463743509981824e-04
7.349870627429944906e-04
8.029739913918323545e-04
8.704650351356940045e-04
9.374183468273719188e-04
1.003792381726853131e-03
1.069545921895371978e-03
1.134638100591433500e-03
1.199028426631091986e-03
1.262676808739412364e-03
1.325543579855067815e-03
1.387589521399365360e-03
1.448775887478094071e-03
1.509064429018830726e-03
1.568417417821360094e-03
1.626797670497876760e-03
1.684168572313062386e-03
1.740494100868838004e-03
1.795738849645070944e-03
1.849868051359966148e-03
1.902847601137720810e-03
1.954644079453151696e-03
2.005224774832568228e-03
2.054557706285184675e-03
2.102611645457170674e-03
2.149356138444809706e-03
2.194761527286040719e-03
2.238798971056778567e-03
2.281440466590176248e-03
2.322658868754436026e-03
2.362427910276194542e-03
2.400722221087953599e-03
2.437517347151374643e-03
2.472789768745220669e-03
2.506516918182076677e-03
2.538677196930664518e-03
2.569249992098717860e-03
2.598215692283984985e-03
2.625555702718014323e-03
2.651252459733978092e-03
2.675289444472669139e-03
2.697651195857848298e-03
2.718323322773452417e-03
2.737292515454038937e-03
2.754546556044757191e-03
2.770074328323168973e-03
2.783865826559776303e-03
2.795912163502838662e-03
2.806205577478001166e-03
2.814739438572478377e-03
2.821508253915219061e-03
2.826507672021914049e-03
2.829734486215616362e-03
2.831186637098472795e-03
2.830863214086840138e-03
2.828764455998196339e-03
2.824891750688545995e-03
2.819247633748533238e-03
2.811835786256724166e-03
2.802661031596517197e-03
2.791729331341108802e-03
2.779047780221736812e-03
2.764624600185105856e-03
2.748469133551110621e-03
2.730591835293050100e-03
2.711004264439851458e-03
2.689719074642122915e-03
2.666750003893511665e-03
2.642111863449606891e-03
2.615820525945617824e-03
2.587892912763865849e-03
2.558346980631481804e-03
2.527201707528136960e-03
2.494477077862297491e-03
2.460194067020372074e-03
2.424374625237432548e-03
2.387041660866640394e-03
2.348219023071587523e-03
2.307931483937824754e-03
2.266204720069208214e-03
2.223065293669793541e-03
2.178540633156812213e-03
2.132659013320166875e-03
2.085449535060198908e-03
2.036942104741690067e-03
1.987167413172483826e-03
1.936156914233101191e-03
1.883942803213118624e-03
1.830557994833013078e-03
1.776036101023543631e-03
1.720411408425801024e-03
1.663718855719807307e-03
1.605994010709735961e-03
1.547273047237187520e-03
1.487592721951785935e-03
1.426990350926577887e-03
1.365503786134006749e-03
1.303171391844467134e-03
1.240032020884367439e-03
1.176124990849213188e-03
1.111490060222921185e-03
1.046167404455346792e-03
9.801975919600789712e-04
9.136215601004794374e-04
8.464805911317471081e-04
7.788162881062255004e-04
7.106705507669213795e-04
6.420855514195345209e-04
5.731037107989694250e-04
5.037676738888241003e-04
4.341202858087720188e-04
3.642045675986648173e-04
2.940636920704713044e-04
2.237409596135451432e-04
1.532797740138664355e-04
8.272361825042295761e-05
1.211603028664253344e-05
-5.849942113490845720e-05
-1.290791607357747220e-04
-1.995796309252724705e-04
-2.699573160720911656e-04
-3.401687667591276666e-04
-4.101706240754896481e-04
-4.799196439330807233e-04
-5.493727213574356016e-04
-6.184869148644347656e-04
-6.872194707768177922e-04
-7.555278476180856155e-04
-8.233697404890335993e-04
-8.907031054459941264e-04
-9.574861839264526414e-04
-1.023677527112007869e-03
-1.089236020352599317e-03
-1.154120907528408775e-03
-1.218291815430182830e-03
-1.281708778079366888e-03
-1.344332261037063875e-03
-1.406123185641432356e-03
-1.467042953207080757e-03
-1.527053469119667379e-03
-1.586117166867723801e-03
-1.644197031950795328e-03
-1.701256625679297601e-03
-1.757260108800677957e-03
-1.812172265017337634e-03
-1.865958524259737211e-03
-1.918584985814005602e-03
-1.970018441177788775e-03
-2.020226396694834066e-03
-2.069177095904668924e-03
-2.116839541580412161e-03
-2.163183517475603546e-03
-2.208179609672564388e-03
-2.251799227583064014e-03
-2.294014624537420947e-03
-2.334798917920437051e-03
-2.374126108861689035e-03
-2.411971101427400500e-03
-2.448309721275118266e-03
-2.483118733789031144e-03
-2.516375861608286402e-03
-2.548059801561921092e-03
-2.578150240969362492e-03
-2.606627873274106055e-03
-2.633474412992047476e-03
-2.658672609945780026e-03
-2.682206262759887112e-03
-2.704060231596536971e-03
-2.724220450093813636e-03
-2.742673936510650872e-03
-2.759408804037381899e-03
-2.774414270256219534e-03
-2.787680665746709342e-03
-2.799199441796363860e-03
-2.808963177229064148e-03
-2.816965584321794776e-03
-2.823201513798987306e-03
-2.827666958901788215e-03
-2.830359058521151206e-03
-2.831276099391639642e-03
-2.830417517337971076e-03
-2.827783897575330413e-03
-2.823376974065046341e-03
-2.817199627924247152e-03
-2.809255884896227559e-03
-2.799550911887984002e-03
-2.788091012574469164e-03
-2.774883622094793337e-03
-2.759937300833502707e-03
-2.743261727312957567e-03
-2.724867690211752944e-03
-2.704767079505995386e-03
-2.682972876785635029e-03
-2.659499144724413074e-03
-2.634361015757831232e-03
-2.607574679983648037e-03
-2.579157372268871002e-03
-2.549127358669821698e-03
-2.517503922081673097e-03
-2.484307347259001771e-03
-2.449558905123776827e-03
-2.413280836474929972e-03
-2.375496335074197066e-03
-2.336229530161567855e-03
-2.295505468396529664e-03
-2.253350095319162170e-03
-2.209790236271259173e-03
-2.164853576870357475e-03
-2.118568643041073441e-03
-2.070964780652242293e-03
-2.022072134715753068e-03
-1.971921628292806414e-03
-1.920544941027628374e-03
-1.867974487357695543e-03
-1.814243394495565877e-03
-1.759385480113547038e-03
-1.703435229767363010e-03
-1.646427774174931196e-03
-1.588398866236246341e-03
-1.529384857902441747e-03
-1.469422676897616910e-03
-1.408549803299134068e-03
-1.346804245977303253e-03
-1.284224518945183309e-03
-1.220849617623126450e-03
-1.156718995008810527e-03
-1.091872537778677951e-03
-1.026350542349038601e-03
-9.601936908541584131e-04
-8.934430271600898822e-04
-8.261399327327576068e-04
-7.583261025900819678e-04
-6.900435211621920627e-04
-6.213344381798153191e-04
-5.522413445052297637e-04
-4.828069479817707313e-04
-4.130741492991104919e-04
-3.430860177938382764e-04
-2.728857672622842520e-04
-2.025167318183698436e-04
-1.320223416505156354e-04
-6.144609886509908492e-05
9.168446739793101931e-06
7.977772191693666311e-05
1.503381541554097876e-04
2.208061959607165255e-04
2.911383490914058779e-04
3.612911888696782189e-04
4.312213884235932266e-04
5.008857430230584037e-04
5.702411944232336745e-04
6.392448551691191872e-04
7.078540329776868275e-04
7.760262551057592979e-04
8.437192927411686985e-04
9.108911853781279317e-04
9.775002652539707682e-04
1.043505181685297359e-03
1.108864925525406518e-03
1.173538853498483706e-03
1.237486712567160757e-03
1.300668664262676598e-03
1.363045308981562353e-03
1.424577710159570694e-03
1.485227418511406725e-03
1.544956496077118510e-03
1.603727540193284739e-03
1.661503707421329787e-03
1.718248737246966511e-03
1.773926975716011130e-03
1.828503398853055170e-03
1.881943635910651247e-03
1.934213992404412285e-03
1.985281472919358820e-03
2.035113803646812578e-03
2.083679454649173084e-03
2.130947661822426079e-03
2.176888448507204987e-03
2.221472646742410004e-03
2.264671918164750178e-03
2.306458774413298624e-03
2.346806597191969813e-03
2.385689657755632812e-03
2.423083135982576682e-03
2.458963138861829361e-03
2.493306718446024282e-03
2.526091889213082347e-03
2.557297644835357028e-03
2.586903974275771376e-03
2.614891877227449365e-03
2.641243378871342869e-03
2.665941543864757714e-03
2.688970489610760951e-03
2.710315398715523304e-03
2.729962530630344626e-03
2.747899232511020248e-03
2.764113949199961152e-03
2.778596232405409951e-03
2.791336749054706013e-03
2.802327288835596356e-03
2.811560770917740076e-03
2.819031249874374284e-03
2.824733920712644859e-03
2.828665122984443114e-03
2.830822343831135204e-03
2.831204219831542218e-03
2.829810537504904612e-03
2.826642232373613711e-03
2.821701386569184893e-03
2.814991225146610751e-03
2.806516111478826389e-03
2.796281542310638957e-03
2.784294143253365425e-03
2.770561665531299719e-03
2.755092984591448520e-03
2.737898100681416223e-03
2.718988140652662568e-03
2.698375359088551247e-03
2.676073135565851680e-03
2.652095963893942240e-03
2.626459428801012751e-03
2.599180166535279037e-03
2.570275808502300169e-03
2.539764911719707020e-03
2.507666886299533739e-03
2.474001937144161729e-03
2.438791043206883866e-03
2.402055999742237075e-03
2.363819544678151616e-03
2.324105575920426287e-03
2.282939441424109393e-03
2.240348248679469457e-03
2.196361100473917354e-03
2.151009128843145955e-03
2.104325183820445182e-03
2.056343054473005073e-03
2.007096173650057321e-03
1.956615893387012896e-03
1.904929610884629858e-03
1.852059248290381177e-03
1.798020791333301838e-03
1.742825692608166496e-03
1.686484849797143491e-03
1.629015484752509334e-03
1.570450518653461469e-03
1.510848980086094712e-03
1.450304731827938010e-03
1.388949641392463012e-03
1.326946680168468711e-03
1.264468850436369475e-03
1.201661835645550938e-03
1.138592197339067299e-03
1.075188746961595583e-03
1.011191707617803371e-03
9.461309372457563701e-04
8.793584561908723016e-04
8.101588463292937062e-04
7.379507677263204713e-04
6.625717452413148762e-04
5.846063436549711178e-04
5.056781416167446634e-04
4.285906086244424171e-04
3.572103011899523226e-04
2.960892431494317723e-04
2.495800380757513793e-04
2.164815369959275455e-04
1.643954395627100296e-04
2.716653513474704144e-11
