-1.216037162521388382e-05
-2.140849937859456986e-05
-5.096227687317878008e-05
-9.824353764997795224e-05
-1.605911238584667444e-04
-2.353926247451454401e-04
-3.200998471584171057e-04
-4.123326798435300589e-04
-5.098878173157572746e-04
-6.107967928983271122e-04
-7.133111939765512943e-04
-8.159477147273719311e-04
-9.174415608868002892e-04
-1.016801805235445499e-03
-1.113241771236062050e-03
-1.206182874739170074e-03
-1.295241876505315304e-03
-1.380186062306165695e-03
-1.460935920476913452e-03
-1.537513569928705692e-03
-1.610035891644656658e-03
-1.678694854490458965e-03
-1.743743894621729851e-03
-1.805422245524823666e-03
-1.864045043475925922e-03
-1.919883769005537033e-03
-1.973232021555304527e-03
-2.024347661063075066e-03
-2.073473995551466942e-03
-2.120838966220617294e-03
-2.166630234569311142e-03
-2.211011480540037155e-03
-2.254097489640116692e-03
-2.295987447723746300e-03
-2.336736069992184639e-03
-2.376386197283864021e-03
-2.414970425888895988e-03
-2.452490385621786118e-03
-2.488912083208560944e-03
-2.524202223867177963e-03
-2.558328211307525635e-03
-2.591217635199427605e-03
-2.622829983010888100e-03
-2.653109608218073845e-03
-2.681977348402142525e-03
-2.709390595555305481e-03
-2.735284389927983284e-03
-2.759594703093171120e-03
-2.782263094559311867e-03
-2.803254872560501099e-03
-2.822521608322858810e-03
-2.840026514604687691e-03
-2.855747239664196968e-03
-2.869643038138747215e-03
-2.881701337173581123e-03
-2.891912125051021576e-03
-2.900249557569622993e-03
-2.906713169068098068e-03
-2.911284333094954491e-03
-2.913985634222626686e-03
-2.914792858064174652e-03
-2.913724631071090698e-03
-2.910773735493421555e-03
-2.905968343839049339e-03
-2.899293089285492897e-03
-2.890781965106725693e-03
-2.880431478843092918e-03
-2.868244424462318420e-03
-2.854270162060856819e-03
-2.838466782122850418e-03
-2.820879453793168068e-03
-2.801532391458749771e-03
-2.780428156256675720e-03
-2.757575828582048416e-03
-2.733001718297600746e-03
-2.706730505451560020e-03
-2.678763121366500854e-03
-2.649112138897180557e-03
-2.617844846099615097e-03
-2.584931440651416779e-03
-2.550412202253937721e-03
-2.514282241463661194e-03
-2.476596506312489510e-03
-2.437369665130972862e-03
-2.396642928943037987e-03
-2.354416530579328537e-03
-2.310707001015543938e-03
-2.265548100695014000e-03
-2.218993846327066422e-03
-2.171101048588752747e-03
-2.121814759448170662e-03
-2.071222988888621330e-03
-2.019329927861690521e-03
-1.966198906302452087e-03
-1.911851810291409492e-03
-1.856274204328656197e-03
-1.799594145268201828e-03
-1.741758547723293304e-03
-1.682893489487469196e-03
-1.622917712666094303e-03
-1.561967190355062485e-03
-1.500064507126808167e-03
-1.437217812053859234e-03
-1.373497070744633675e-03
-1.308909617364406586e-03
-1.243521575815975666e-03
-1.177380676381289959e-03
-1.110488083213567734e-03
-1.042956486344337463e-03
-9.747131844051182270e-04
-9.058797731995582581e-04
-8.365368703380227089e-04
-7.666464662179350853e-04
-6.962808547541499138e-04
-6.255283369682729244e-04
-5.543815204873681068e-04
-4.828894452657550573e-04
-4.110872687306255102e-04
-3.390635829418897629e-04
-2.668085508048534393e-04
-1.944078539963811636e-04
-1.218690013047307730e-04
-4.923022061120718718e-05
2.337770456506405026e-05
9.600846533430740237e-05
1.685727329459041357e-04
2.410685265203937888e-04
3.133698774036020041e-04
3.854749666061252356e-04
4.573562764562666416e-04
5.289231776259839535e-04
6.002179579809308052e-04
6.711161113344132900e-04
7.415796280838549137e-04
8.116110693663358688e-04
8.811206207610666752e-04
9.501200984232127666e-04
1.018528477288782597e-03
1.086289528757333755e-03
1.153388060629367828e-03
1.219766214489936829e-03
1.285398961044847965e-03
1.350202364847064018e-03
1.414221944287419319e-03
1.477345358580350876e-03
1.539593329653143883e-03
1.600860035978257656e-03
1.661181333474814892e-03
1.720440224744379520e-03
1.778624951839447021e-03
1.835715840570628643e-03
1.891675638034939766e-03
1.946445787325501442e-03
2.000022679567337036e-03
2.052320167422294617e-03
2.103389007970690727e-03
2.153138164430856705e-03
2.201549476012587547e-03
2.248589647933840752e-03
2.294228877872228622e-03
2.338439458981156349e-03
2.381187397986650467e-03
2.422474557533860207e-03
2.462249016389250755e-03
2.500444184988737106e-03
2.537137595936655998e-03
2.572201890870928764e-03
2.605689922347664833e-03
2.637533005326986313e-03
2.667748369276523590e-03
2.696266165003180504e-03
2.723125740885734558e-03
2.748256782069802284e-03
2.771689789369702339e-03
2.793363761156797409e-03
2.813305705785751343e-03
2.831468125805258751e-03
2.847866155207157135e-03
2.862469758838415146e-03
2.875279635190963745e-03
2.886286703869700432e-03
2.895487472414970398e-03
2.902879612520337105e-03
2.908437978476285934e-03
2.912167925387620926e-03
2.914078766480088234e-03
2.914163284003734589e-03
2.912404946982860565e-03
2.908815629780292511e-03
2.903388813138008118e-03
2.896166639402508736e-03
2.887126756832003593e-03
2.876267535611987114e-03
2.863596891984343529e-03
2.849115990102291107e-03
2.832846483215689659e-03
2.814813284203410149e-03
2.795016160234808922e-03
2.773442771285772324e-03
2.750151325017213821e-03
2.725149272009730339e-03
2.698419382795691490e-03
2.670007525011897087e-03
2.639947226271033287e-03
2.608169335871934891e-03
2.574830548837780952e-03
2.539814449846744537e-03
2.503286115825176239e-03
2.465122146531939507e-03
2.425450133159756660e-03
2.384288469329476357e-03
2.341579180210828781e-03
2.297448692843317986e-03
2.251867437735199928e-03
2.204929245635867119e-03
2.156590344384312630e-03
2.106895903125405312e-03
2.055874327197670937e-03
2.003570320084691048e-03
1.950074802152812481e-03
1.895348657853901386e-03
1.839373609982430935e-03
1.782377134077250957e-03
1.724253175780177116e-03
1.665043295361101627e-03
1.604716759175062180e-03
1.543521881103515625e-03
1.481288694776594639e-03
1.418188796378672123e-03
1.354197156615555286e-03
1.289416570216417313e-03
1.223740051500499249e-03
1.157371094450354576e-03
1.090327743440866470e-03
1.022582757286727428e-03
9.541802573949098587e-04
8.852228638716042042e-04
8.156940457411110401e-04
7.457669125869870186e-04
6.752546760253608227e-04
6.043663597665727139e-04
5.330637213774025440e-04
4.614579083863645792e-04
3.896032576449215412e-04
3.174627490807324648e-04
2.451434847898781300e-04
1.726334012346342206e-04
1.001050623017363250e-04
2.745706296991556883e-05
-4.519245339906774461e-05
-1.178017701022326946e-04
-1.903288357425481081e-04
-2.627408248372375965e-04
-3.349899197928607464e-04
-4.071019066032022238e-04
-4.788858641404658556e-04
-5.503818392753601074e-04
-6.214850000105798244e-04
-6.922290194779634476e-04
-7.625698344781994820e-04
-8.324591326527297497e-04
-9.017940028570592403e-04
-9.706009295769035816e-04
-1.038834336213767529e-03
-1.106394222006201744e-03
-1.173301599919795990e-03
-1.239508390426635742e-03
-1.304914592765271664e-03
-1.369540463201701641e-03
-1.433235011063516140e-03
-1.496088108979165554e-03
-1.558064599521458149e-03
-1.618987647816538811e-03
-1.679012551903724670e-03
-1.737972605042159557e-03
-1.795786200091242790e-03
-1.852581743150949478e-03
-1.908159465529024601e-03
-1.962596783414483070e-03
-2.015808364376425743e-03
-2.067741937935352325e-03
-2.118432661518454552e-03
-2.167792059481143951e-03
-2.215789863839745522e-03
-2.262404654175043106e-03
-2.307604067027568817e-03
-2.351399278268218040e-03
-2.393707167357206345e-03
-2.434533322229981422e-03
-2.473860746249556541e-03
-2.511620055884122849e-03
-2.547815442085266113e-03
-2.582432935014367104e-03
-2.615411998704075813e-03
-2.646768931299448013e-03
-2.676481148228049278e-03
-2.704486250877380371e-03
-2.730819862335920334e-03
-2.755441237241029739e-03
-2.778349444270133972e-03
-2.799500478431582451e-03
-2.818917855620384216e-03
-2.836555708199739456e-03
-2.852426143363118172e-03
-2.866498660296201706e-03
-2.878774888813495636e-03
-2.889248542487621307e-03
-2.897908212617039680e-03
-2.904745284467935562e-03
-2.909748116508126259e-03
-2.912954892963171005e-03
-2.914302749559283257e-03
-2.913822885602712631e-03
-2.911526244133710861e-03
-2.907393267378211021e-03
-2.901426050812005997e-03
-2.893627155572175980e-03
-2.884046873077750206e-03
-2.872633747756481171e-03
-2.859443193301558495e-03
-2.844457281753420830e-03
-2.827633172273635864e-03
-2.809085650369524956e-03
-2.788765355944633484e-03
-2.766713732853531837e-03
-2.742863958701491356e-03
-2.717314288020133972e-03
-2.690079156309366226e-03
-2.661173231899738312e-03
-2.630617702379822731e-03
-2.598357619717717171e-03
-2.564489608630537987e-03
-2.529051620513200760e-03
-2.492057858034968376e-03
-2.453422406688332558e-03
-2.413298469036817551e-03
-2.371598966419696808e-03
-2.328568603843450546e-03
-2.283903770148754120e-03
-2.237968612462282181e-03
-2.190552884712815285e-03
-2.141728065907955170e-03
-2.091621514409780502e-03
-2.040257910266518593e-03
-1.987673807889223099e-03
-1.933765597641468048e-03
-1.878720242530107498e-03
-1.822548802010715008e-03
-1.765152323059737682e-03
-1.706712995655834675e-03
-1.647123019210994244e-03
-1.586452592164278030e-03
-1.524993451312184334e-03
-1.462502870708703995e-03
-1.399156171828508377e-03
-1.334861386567354202e-03
-1.269788132049143314e-03
-1.203982741571962833e-03
-1.137333689257502556e-03
-1.070177182555198669e-03
-1.002242788672447205e-03
-9.335828362964093685e-04
-8.645469206385314465e-04
-7.947172853164374828e-04
-7.246001041494309902e-04
-6.540633621625602245e-04
-5.829982110299170017e-04
-5.117623950354754925e-04
-4.399160970933735371e-04
-3.680115332826972008e-04
-2.957450051326304674e-04
-2.234793500974774361e-04
-1.509345020167529583e-04
-7.832889968995004892e-05
-5.830249392602127045e-06
6.683517131023108959e-05
1.393031561747193336e-04
2.118550328304991126e-04
2.841259120032191277e-04
3.563906357157975435e-04
4.282960144337266684e-04
5.001047975383698940e-04
5.714629078283905983e-04
6.426317850127816200e-04
7.132700411602854729e-04
7.836165605112910271e-04
8.533439831808209419e-04
9.226967231370508671e-04
9.914685506373643875e-04
1.059367437846958637e-03
1.126659219153225422e-03
1.193422125652432442e-03
1.259328215382993221e-03
1.324487500824034214e-03
1.388748991303145885e-03
1.452318159863352776e-03
1.514885807409882545e-03
1.576442620716989040e-03
1.637186040170490742e-03
1.696831546723842621e-03
1.755363191477954388e-03
1.812958507798612118e-03
1.869365689344704151e-03
1.924548065289855003e-03
1.978587126359343529e-03
2.031439682468771935e-03
2.083064056932926178e-03
2.133327303454279900e-03
2.182292984798550606e-03
2.229859121143817902e-03
2.276077633723616600e-03
2.320893574506044388e-03
2.364219864830374718e-03
2.406096085906028748e-03
2.446504542604088783e-03
2.485336503013968468e-03
2.522639930248260498e-03
2.558328909799456596e-03
2.592453965917229652e-03
2.624930813908576965e-03
2.655823249369859695e-03
2.685031387954950333e-03
2.712564775720238686e-03
2.738402225077152252e-03
2.762484131380915642e-03
2.784872194752097130e-03
2.805521944537758827e-03
2.824403811246156693e-03
2.841498469933867455e-03
2.856828039512038231e-03
2.870363881811499596e-03
2.882104599848389626e-03
2.892028773203492165e-03
2.900127554312348366e-03
2.906433539465069771e-03
2.910895738750696182e-03
2.913546049967408180e-03
2.914347918704152107e-03
2.913319971412420273e-03
2.910477342084050179e-03
2.905780682340264320e-03
2.899297978729009628e-03
2.890966832637786865e-03
2.880814252421259880e-03
2.868897048756480217e-03
2.855132566764950752e-03
2.839641412720084190e-03
2.822309732437133789e-03
2.803210634738206863e-03
2.782365074381232262e-03
2.759715775027871132e-03
2.735364716500043869e-03
2.709376625716686249e-03
2.681626006960868835e-03
2.652145922183990479e-03
2.621109131723642349e-03
2.588363131508231163e-03
2.554029924795031548e-03
2.518025925382971764e-03
2.480590017512440681e-03
2.441530814394354820e-03
2.400978468358516693e-03
2.358845435082912445e-03
2.315286779776215553e-03
2.270325552672147751e-03
2.223877236247062683e-03
2.176204230636358261e-03
2.127080922946333885e-03
2.076550154015421867e-03
2.024774439632892609e-03
1.971791032701730728e-03
1.917502726428210735e-03
1.861958415247499943e-03
1.805313397198915482e-03
1.747617381624877453e-03
1.688880962319672108e-03
1.629020669497549534e-03
1.568198786117136478e-03
1.506312168203294277e-03
1.443568733520805836e-03
1.379976514726877213e-03
1.315580913797020912e-03
1.250124652869999409e-03
1.184103777632117271e-03
1.117394189350306988e-03
1.049736747518181801e-03
9.816535748541355133e-04
9.128536912612617016e-04
8.436855860054492950e-04
7.738574640825390816e-04
7.034550653770565987e-04
6.328150629997253418e-04
5.616513662971556187e-04
4.903297522105276585e-04
4.184112185612320900e-04
3.464351466391235590e-04
2.741113130468875170e-04
2.018044324358925223e-04
1.292252854909747839e-04
5.673741907230578363e-05
