0.000000000000000000e+00 0.000000000000000000e+00 3.333333507180213928e-02 0.000000000000000000e+00 0.000000000000000000e+00
2.499537169933319092e-02 -6.486659403890371323e-04 3.333333507180213928e-02 -4.583548288792371750e-04 7.495833635330200195e-01
4.995832592248916626e-02 -1.053584506735205650e-03 3.331041708588600159e-02 -9.898019488900899887e-04 1.499167799949645996e+00
7.488387078046798706e-02 -1.223533879965543747e-03 3.326092660427093506e-02 -1.519212499260902405e-03 2.248753547668457031e+00
9.976382553577423096e-02 -1.266557956114411354e-03 3.318496420979499817e-02 -2.041321247816085815e-03 2.998340845108032227e+00
1.245846897363662720e-01 -1.224623643793165684e-03 3.308289870619773865e-02 -2.541424706578254700e-03 3.747930049896240234e+00
1.493311375379562378e-01 -1.127544674091041088e-03 3.295582905411720276e-02 -3.010141663253307343e-03 4.497521877288818359e+00
1.739871948957443237e-01 -1.003884826786816120e-03 3.280532360076904297e-02 -3.447136376053094864e-03 5.247116565704345703e+00
1.985366046428680420e-01 -8.767779218032956123e-04 3.263296559453010559e-02 -3.858132753521203995e-03 5.996714591979980469e+00
2.229631692171096802e-01 -7.611424662172794342e-04 3.244005888700485229e-02 -4.251327365636825562e-03 6.746316909790039062e+00
2.472509145736694336e-01 -6.637930055148899555e-04 3.222749382257461548e-02 -4.634730983525514603e-03 7.495923519134521484e+00
2.713841795921325684e-01 -5.852124886587262154e-04 3.199575841426849365e-02 -5.014597438275814056e-03 8.245534896850585938e+00
2.953476607799530029e-01 -5.219049053266644478e-04 3.174502775073051453e-02 -5.394813138991594315e-03 8.995151519775390625e+00
3.191263377666473389e-01 -4.686321481131017208e-04 3.147528693079948425e-02 -5.776994396001100540e-03 9.744774818420410156e+00
3.427054882049560547e-01 -4.201258998364210129e-04 3.118643723428249359e-02 -6.160989403724670410e-03 1.049440383911132812e+01
3.660705387592315674e-01 -3.721560933627188206e-04 3.087838739156723022e-02 -6.545546464622020721e-03 1.124403953552246094e+01
3.892070651054382324e-01 -3.219727077521383762e-04 3.055110946297645569e-02 -6.928937509655952454e-03 1.199368286132812500e+01
4.121007323265075684e-01 -2.682897902559489012e-04 3.020466305315494537e-02 -7.309436332434415817e-03 1.274333381652832031e+01
4.347373843193054199e-01 -2.109817869495600462e-04 2.983919158577919006e-02 -7.685617078095674515e-03 1.349299240112304688e+01
4.571029245853424072e-01 -1.506659900769591331e-04 2.945491112768650055e-02 -8.056471124291419983e-03 1.424265861511230469e+01
4.791833758354187012e-01 -8.830835577100515366e-05 2.905208803713321686e-02 -8.421405218541622162e-03 1.499233341217041016e+01
5.009649395942687988e-01 -2.489944017725065351e-05 2.863101847469806671e-02 -8.780154399573802948e-03 1.574201679229736328e+01
5.224339962005615234e-01 3.874491085298359394e-05 2.819201163947582245e-02 -9.132660925388336182e-03 1.649170875549316406e+01
5.435771346092224121e-01 1.020636700559407473e-04 2.773537859320640564e-02 -9.478965774178504944e-03 1.724141120910644531e+01
5.643811225891113281e-01 1.647625467739999294e-04 2.726143039762973785e-02 -9.819119237363338470e-03 1.799112319946289062e+01
5.848329067230224609e-01 2.267610689159482718e-04 2.677047438919544220e-02 -1.015312597155570984e-02 1.874084472656250000e+01
6.049196720123291016e-01 2.881151158362627029e-04 2.626281790435314178e-02 -1.048092171549797058e-02 1.949057579040527344e+01
6.246289014816284180e-01 3.489498631097376347e-04 2.573877200484275818e-02 -1.080236956477165222e-02 2.024031639099121094e+01
6.439483165740966797e-01 4.093993920832872391e-04 2.519865334033966064e-02 -1.111727859824895859e-02 2.099006843566894531e+01
6.628657579421997070e-01 4.695657989941537380e-04 2.464278973639011383e-02 -1.142542250454425812e-02 2.173983001708984375e+01
6.813694238662719727e-01 5.295102018862962723e-04 2.407151833176612854e-02 -1.172656100243330002e-02 2.248960113525390625e+01
6.994478106498718262e-01 5.892444751225411892e-04 2.348519116640090942e-02 -1.202045753598213196e-02 2.323938369750976562e+01
7.170895338058471680e-01 6.487448117695748806e-04 2.288416773080825806e-02 -1.230688393115997314e-02 2.398917579650878906e+01
7.342835664749145508e-01 7.079500937834382057e-04 2.226882427930831909e-02 -1.258563343435525894e-02 2.473897933959960938e+01
7.510191798210144043e-01 7.668014732189476490e-04 2.163954265415668488e-02 -1.285651605576276779e-02 2.548879241943359375e+01
7.672858834266662598e-01 8.252304396592080593e-04 2.099671773612499237e-02 -1.311935577541589737e-02 2.623861694335937500e+01
7.830735445022583008e-01 8.831728482618927956e-04 2.034074999392032623e-02 -1.337399054318666458e-02 2.698845100402832031e+01
7.983722090721130371e-01 9.405721211805939674e-04 1.967205107212066650e-02 -1.362026762217283249e-02 2.773829460144042969e+01
8.131723403930664062e-01 9.973843116313219070e-04 1.899103820323944092e-02 -1.385803800076246262e-02 2.848814773559570312e+01
8.274646401405334473e-01 1.053573563694953918e-03 1.829813607037067413e-02 -1.408715732395648956e-02 2.923801231384277344e+01
8.412401676177978516e-01 1.109102740883827209e-03 1.759377866983413696e-02 -1.430748216807842255e-02 2.998788642883300781e+01
8.544902801513671875e-01 1.163939014077186584e-03 1.687840372323989868e-02 -1.451887656003236771e-02 3.073777008056640625e+01
8.672066926956176758e-01 1.218054094351828098e-03 1.615246012806892395e-02 -1.472120638936758041e-02 3.148766136169433594e+01
8.793814182281494141e-01 1.271418877877295017e-03 1.541639957576990128e-02 -1.491434127092361450e-02 3.223756408691406250e+01
8.910068273544311523e-01 1.324000651948153973e-03 1.467068213969469070e-02 -1.509815454483032227e-02 3.298747253417968750e+01
9.020756483078002930e-01 1.375764259137213230e-03 1.391577441245317459e-02 -1.527252979576587677e-02 3.373739242553710938e+01
9.125809073448181152e-01 1.426683040335774422e-03 1.315214764326810837e-02 -1.543735153973102570e-02 3.448731994628906250e+01
9.225160479545593262e-01 1.476718112826347351e-03 1.238027960062026978e-02 -1.559251267462968826e-02 3.523725509643554688e+01
9.318748712539672852e-01 1.525839092209935188e-03 1.160065364092588425e-02 -1.573791354894638062e-02 3.598719787597656250e+01
9.406514763832092285e-01 1.574009307660162449e-03 1.081375777721405029e-02 -1.587346196174621582e-02 3.673714828491210938e+01
9.488403201103210449e-01 1.621199771761894226e-03 1.002008467912673950e-02 -1.599906943738460541e-02 3.748710250854492188e+01
9.564363360404968262e-01 1.667379168793559074e-03 9.220130741596221924e-03 -1.611465401947498322e-02 3.823706436157226562e+01
9.634346961975097656e-01 1.712512574158608913e-03 8.414397947490215302e-03 -1.622014492750167847e-02 3.898703002929687500e+01
9.698310494422912598e-01 1.756573794409632683e-03 7.603390607982873917e-03 -1.631547138094902039e-02 3.973700332641601562e+01
9.756213426589965820e-01 1.799533143639564514e-03 6.787617225199937820e-03 -1.640057191252708435e-02 4.048698043823242188e+01
9.808019995689392090e-01 1.841360004618763924e-03 5.967588629573583603e-03 -1.647539436817169189e-02 4.123696136474609375e+01
9.853697419166564941e-01 1.882030512206256390e-03 5.143818911164999008e-03 -1.653988659381866455e-02 4.198694610595703125e+01
9.893217086791992188e-01 1.921515562571585178e-03 4.316824488341808319e-03 -1.659401133656501770e-02 4.273693466186523438e+01
9.926553964614868164e-01 1.959789078682661057e-03 3.487123874947428703e-03 -1.663773134350776672e-02 4.348692703247070312e+01
9.953687191009521484e-01 1.996826613321900368e-03 2.655237214639782906e-03 -1.667101867496967316e-02 4.423692321777343750e+01
9.974600076675415039e-01 2.032603602856397629e-03 1.821686280891299248e-03 -1.669385284185409546e-02 4.498691940307617188e+01
9.989278912544250488e-01 2.067098394036293030e-03 9.869935456663370132e-04 -1.670621708035469055e-02 4.573691940307617188e+01
9.997714757919311523e-01 2.100285608321428299e-03 1.516827032901346684e-04 -1.670810393989086151e-02 4.648691940307617188e+01
9.999902248382568359e-01 2.132146619260311127e-03 -6.837224937044084072e-04 -1.669951342046260834e-02 4.723691940307617188e+01
9.995840191841125488e-01 2.162656746804714203e-03 -1.518698176369071007e-03 -1.668045111000537872e-02 4.798691940307617188e+01
9.985531568527221680e-01 2.191798295825719833e-03 -2.352720825001597404e-03 -1.665093004703521729e-02 4.873691940307617188e+01
9.968982338905334473e-01 2.219552407041192055e-03 -3.185267327353358269e-03 -1.661096699535846710e-02 4.948691940307617188e+01
9.946202635765075684e-01 2.245901385322213173e-03 -4.015815444290637970e-03 -1.656058803200721741e-02 5.023691558837890625e+01
9.917206764221191406e-01 2.270825905725359917e-03 -4.843845032155513763e-03 -1.649982854723930359e-02 5.098691177368164062e+01
9.882013201713562012e-01 2.294311532750725746e-03 -5.668836645781993866e-03 -1.642872579395771027e-02 5.173690414428710938e+01
9.840644001960754395e-01 2.316344296559691429e-03 -6.490272935479879379e-03 -1.634732633829116821e-02 5.248689270019531250e+01
9.793125391006469727e-01 2.336907899007201195e-03 -7.307639345526695251e-03 -1.625568419694900513e-02 5.323687744140625000e+01
9.739487171173095703e-01 2.355992561206221581e-03 -8.120423182845115662e-03 -1.615385711193084717e-02 5.398685836791992188e+01
9.679762721061706543e-01 2.373586408793926239e-03 -8.928116410970687866e-03 -1.604190841317176819e-02 5.473683547973632812e+01
9.613989591598510742e-01 2.389675937592983246e-03 -9.730211459100246429e-03 -1.591991260647773743e-02 5.548680496215820312e+01
9.542208909988403320e-01 2.404252300038933754e-03 -1.052620727568864822e-02 -1.578795164823532104e-02 5.623677062988281250e+01
9.464465975761413574e-01 2.417306415736675262e-03 -1.131560467183589935e-02 -1.564610749483108521e-02 5.698672866821289062e+01
9.380809068679809570e-01 2.428833162412047386e-03 -1.209791004657745361e-02 -1.549446955323219299e-02 5.773668289184570312e+01
9.291291236877441406e-01 2.438821364194154739e-03 -1.287263352423906326e-02 -1.533313933759927750e-02 5.848662948608398438e+01
9.195968508720397949e-01 2.447269624099135399e-03 -1.363929081708192825e-02 -1.516221649944782257e-02 5.923656845092773438e+01
9.094900488853454590e-01 2.454171888530254364e-03 -1.439740136265754700e-02 -1.498181372880935669e-02 5.998649978637695312e+01
8.988150954246520996e-01 2.459524432197213173e-03 -1.514649204909801483e-02 -1.479204650968313217e-02 6.073642349243164062e+01
8.875786066055297852e-01 2.463327255100011826e-03 -1.588609442114830017e-02 -1.459303591400384903e-02 6.148633956909179688e+01
8.757876753807067871e-01 2.465577330440282822e-03 -1.661574654281139374e-02 -1.438490860164165497e-02 6.223624801635742188e+01
8.634496927261352539e-01 2.466272562742233276e-03 -1.733499206602573395e-02 -1.416779961436986923e-02 6.298614501953125000e+01
8.505724072456359863e-01 2.465415047481656075e-03 -1.804338209331035614e-02 -1.394184585660696030e-02 6.373603439331054688e+01
8.371638655662536621e-01 2.463010838255286217e-03 -1.874047517776489258e-02 -1.370719354599714279e-02 6.448591613769531250e+01
8.232324719429016113e-01 2.459057606756687164e-03 -1.942583546042442322e-02 -1.346398983150720596e-02 6.523578643798828125e+01
8.087869286537170410e-01 2.453560475260019302e-03 -2.009903453290462494e-02 -1.321239024400711060e-02 6.598564910888671875e+01
7.938362956047058105e-01 2.446527825668454170e-03 -2.075965330004692078e-02 -1.295255590230226517e-02 6.673549652099609375e+01
7.783899903297424316e-01 2.437961986288428307e-03 -2.140728197991847992e-02 -1.268465071916580200e-02 6.748533630371093750e+01
7.624576091766357422e-01 2.427870174869894981e-03 -2.204151451587677002e-02 -1.240884512662887573e-02 6.823516845703125000e+01
7.460491657257080078e-01 2.416257048025727272e-03 -2.266195602715015411e-02 -1.212531514465808868e-02 6.898498535156250000e+01
7.291749119758605957e-01 2.403137972578406334e-03 -2.326822094619274139e-02 -1.183423958718776703e-02 6.973479461669921875e+01
7.118454575538635254e-01 2.388521330431103706e-03 -2.385993301868438721e-02 -1.153580099344253540e-02 7.048459625244140625e+01
6.940715909004211426e-01 2.372414572164416313e-03 -2.443672344088554382e-02 -1.123019028455018997e-02 7.123438262939453125e+01
6.758644580841064453e-01 2.354831900447607040e-03 -2.499823272228240967e-02 -1.091759838163852692e-02 7.198416137695312500e+01
6.572354435920715332e-01 2.335782162845134735e-03 -2.554411254823207855e-02 -1.059822179377079010e-02 7.273393249511718750e+01
6.381961703300476074e-01 2.315283287316560745e-03 -2.607402391731739044e-02 -1.027226354926824570e-02 7.348368835449218750e+01
6.187586188316345215e-01 2.293348079547286034e-03 -2.658763714134693146e-02 -9.939927607774734497e-03 7.423343658447265625e+01
5.989348888397216797e-01 2.269989810883998871e-03 -2.708463370800018311e-02 -9.601422585546970367e-03 7.498317718505859375e+01
5.787373781204223633e-01 2.245225477963685989e-03 -2.756470441818237305e-02 -9.256960824131965637e-03 7.573290252685546875e+01
5.581786632537841797e-01 2.219073241576552391e-03 -2.802755311131477356e-02 -8.906757459044456482e-03 7.648262023925781250e+01
5.372716784477233887e-01 2.191547770053148270e-03 -2.847289107739925385e-02 -8.551032282412052155e-03 7.723233032226562500e+01
5.160294175148010254e-01 2.162670018151402473e-03 -2.890044264495372772e-02 -8.190007880330085754e-03 7.798203277587890625e+01
4.944652020931243896e-01 2.132457448169589043e-03 -2.930994331836700439e-02 -7.823909632861614227e-03 7.873171997070312500e+01
4.725924730300903320e-01 2.100931014865636826e-03 -2.970113791525363922e-02 -7.452965714037418365e-03 7.948139953613281250e+01
4.504248797893524170e-01 2.068110043182969093e-03 -3.007378615438938141e-02 -7.077406160533428192e-03 8.023107147216796875e+01
4.279763102531433105e-01 2.034015487879514694e-03 -3.042765706777572632e-02 -6.697466596961021423e-03 8.098073577880859375e+01
4.052607417106628418e-01 1.998669933527708054e-03 -3.076253086328506470e-02 -6.313382182270288467e-03 8.173039245605468750e+01
3.822923600673675537e-01 1.962096197530627251e-03 -3.107820078730583191e-02 -5.925392266362905502e-03 8.248004150390625000e+01
3.590855300426483154e-01 1.924315467476844788e-03 -3.137446939945220947e-02 -5.533738061785697937e-03 8.322968292236328125e+01
3.356547057628631592e-01 1.885354868136346340e-03 -3.165115788578987122e-02 -5.138661712408065796e-03 8.397931671142578125e+01
3.120145201683044434e-01 1.845237915404140949e-03 -3.190809115767478943e-02 -4.740408156067132950e-03 8.472894287109375000e+01
2.881797254085540771e-01 1.803988474421203136e-03 -3.214511275291442871e-02 -4.339225124567747116e-03 8.547856140136718750e+01
2.641651928424835205e-01 1.761633087880909443e-03 -3.236207365989685059e-02 -3.935360349714756012e-03 8.622817993164062500e+01
2.399859130382537842e-01 1.718196901492774487e-03 -3.255884349346160889e-02 -3.529064357280731201e-03 8.697779083251953125e+01
2.156569659709930420e-01 1.673708902671933174e-03 -3.273529559373855591e-02 -3.120587440207600594e-03 8.772739410400390625e+01
1.911935210227966309e-01 1.628194819204509258e-03 -3.289132565259933472e-02 -2.710182452574372292e-03 8.847699737548828125e+01
1.666108369827270508e-01 1.581682357937097549e-03 -3.302683308720588684e-02 -2.298103179782629013e-03 8.922659301757812500e+01
1.419242620468139648e-01 1.534200157038867474e-03 -3.314173966646194458e-02 -1.884604571387171745e-03 8.997618865966796875e+01
1.171491742134094238e-01 1.485778018832206726e-03 -3.323597088456153870e-02 -1.469941460527479649e-03 9.072577667236328125e+01
9.230103343725204468e-02 1.436444465070962906e-03 -3.330946713685989380e-02 -1.054369844496250153e-03 9.147536468505859375e+01
6.739532947540283203e-02 1.386229647323489189e-03 -3.336218744516372681e-02 -6.381467683240771294e-04 9.222495269775390625e+01
4.244760423898696899e-02 1.335164066404104233e-03 -3.339409455657005310e-02 -2.215286367572844028e-04 9.297454071044921875e+01
1.747340895235538483e-02 1.283278223127126694e-03 -3.340516984462738037e-02 1.952273596543818712e-04 9.372412109375000000e+01
-7.511679083108901978e-03 1.230603549629449844e-03 -3.339540958404541016e-02 6.118640303611755371e-04 9.447370147705078125e+01
-3.249208629131317139e-02 1.177171361632645130e-03 -3.336481750011444092e-02 1.028124126605689526e-03 9.522328186035156250e+01
-5.745223164558410645e-02 1.123013789765536785e-03 -3.331341221928596497e-02 1.443750690668821335e-03 9.597286987304687500e+01
-8.237655460834503174e-02 1.068163663148880005e-03 -3.324122354388237000e-02 1.858487259596586227e-03 9.672245788574218750e+01
-1.072495058178901672e-01 1.012653578072786331e-03 -3.314829990267753601e-02 2.272077836096286774e-03 9.747204589843750000e+01
-1.320555806159973145e-01 9.565164218656718731e-04 -3.303469717502593994e-02 2.684266772121191025e-03 9.822163391113281250e+01
-1.567792892456054688e-01 8.997856639325618744e-04 -3.290048241615295410e-02 3.094798885285854340e-03 9.897122955322265625e+01
-1.814052313566207886e-01 8.424964617006480694e-04 -3.274574130773544312e-02 3.503421321511268616e-03 9.972082519531250000e+01
-2.059180438518524170e-01 7.846824009902775288e-04 -3.257057070732116699e-02 3.909881226718425751e-03 1.004704208374023438e+02
-2.303024381399154663e-01 7.263771258294582367e-04 -3.237507492303848267e-02 4.313926212489604950e-03 1.012200241088867188e+02
-2.545432150363922119e-01 6.676162593066692352e-04 -3.215937688946723938e-02 4.715307150036096573e-03 1.019696350097656250e+02
-2.786252200603485107e-01 6.084359483793377876e-04 -3.192361071705818176e-02 5.113775376230478287e-03 1.027192459106445312e+02
-3.025334477424621582e-01 5.488693132065236568e-04 -3.166792169213294983e-02 5.509083159267902374e-03 1.034688644409179688e+02
-3.262529969215393066e-01 4.889536066912114620e-04 -3.139246627688407898e-02 5.900985095649957657e-03 1.042184906005859375e+02
-3.497690558433532715e-01 4.287253541406244040e-04 -3.109741769731044769e-02 6.289239041507244110e-03 1.049681243896484375e+02
-3.730669319629669189e-01 3.682188107632100582e-04 -3.078295662999153137e-02 6.673603318631649017e-03 1.057177658081054688e+02
-3.961321115493774414e-01 3.074723645113408566e-04 -3.044927679002285004e-02 7.053838577121496201e-03 1.064674148559570312e+02
-4.189501702785491943e-01 2.465221332386136055e-04 -3.009658493101596832e-02 7.429708261042833328e-03 1.072170639038085938e+02
-4.415068924427032471e-01 1.854042639024555683e-04 -2.972509898245334625e-02 7.800978142768144608e-03 1.079667282104492188e+02
-4.637881815433502197e-01 1.241563877556473017e-04 -2.933504991233348846e-02 8.167416788637638092e-03 1.087164001464843750e+02
-4.857801198959350586e-01 6.281649984885007143e-05 -2.892667986452579498e-02 8.528796024620532990e-03 1.094660797119140625e+02
-5.074689388275146484e-01 1.419241016265004873e-06 -2.850024029612541199e-02 8.884889073669910431e-03 1.102157669067382812e+02
-5.288411378860473633e-01 -5.999515269650146365e-05 -2.805599570274353027e-02 9.235473349690437317e-03 1.109654617309570312e+02
-5.498833656311035156e-01 -1.213909199577756226e-04 -2.759422175586223602e-02 9.580330923199653625e-03 1.117151641845703125e+02
-5.705824494361877441e-01 -1.827293162932619452e-04 -2.711520530283451080e-02 9.919242933392524719e-03 1.124648818969726562e+02
-5.909255146980285645e-01 -2.439730887999758124e-04 -2.661924250423908234e-02 1.025199890136718750e-02 1.132146072387695312e+02
-6.108998060226440430e-01 -3.050842497032135725e-04 -2.610664255917072296e-02 1.057838834822177887e-02 1.139643402099609375e+02
-6.304928064346313477e-01 -3.660240327008068562e-04 -2.557772397994995117e-02 1.089820824563503265e-02 1.147140808105468750e+02
-6.496922969818115234e-01 -4.267581971362233162e-04 -2.503281272947788239e-02 1.121125556528568268e-02 1.154638366699218750e+02
-6.684862971305847168e-01 -4.872464924119412899e-04 -2.447224967181682587e-02 1.151733100414276123e-02 1.162136001586914062e+02
-6.868630051612854004e-01 -5.474493955262005329e-04 -2.389638312160968781e-02 1.181624364107847214e-02 1.169633712768554688e+02
-7.048109769821166992e-01 -6.073312251828610897e-04 -2.330557070672512054e-02 1.210780534893274307e-02 1.177131576538085938e+02
-7.223189473152160645e-01 -6.668554269708693027e-04 -2.270018123090267181e-02 1.239182893186807632e-02 1.184629516601562500e+02
-7.393759489059448242e-01 -7.259832345880568027e-04 -2.208058908581733704e-02 1.266813743859529495e-02 1.192127609252929688e+02
-7.559713125228881836e-01 -7.846773951314389706e-04 -2.144718170166015625e-02 1.293655391782522202e-02 1.199625778198242188e+02
-7.720946669578552246e-01 -8.428984438069164753e-04 -2.080035395920276642e-02 1.319690886884927750e-02 1.207124023437500000e+02
-7.877359390258789062e-01 -9.006128530018031597e-04 -2.014050818979740143e-02 1.344903558492660522e-02 1.214622421264648438e+02
-8.028852939605712891e-01 -9.577819146215915680e-04 -1.946805603802204132e-02 1.369277480989694595e-02 1.222120895385742188e+02
-8.175333142280578613e-01 -1.014370587654411793e-03 -1.878341659903526306e-02 1.392797008156776428e-02 1.229619445800781250e+02
-8.316707611083984375e-01 -1.070341560989618301e-03 -1.808701828122138977e-02 1.415447331964969635e-02 1.237118148803710938e+02
-8.452888131141662598e-01 -1.125659910030663013e-03 -1.737929508090019226e-02 1.437213737517595291e-02 1.244616928100585938e+02
-8.583788871765136719e-01 -1.180287566967308521e-03 -1.666068844497203827e-02 1.458082441240549088e-02 1.252115783691406250e+02
-8.709328174591064453e-01 -1.234189490787684917e-03 -1.593164727091789246e-02 1.478040311485528946e-02 1.259614715576171875e+02
-8.829427361488342285e-01 -1.287333783693611622e-03 -1.519262697547674179e-02 1.497074123471975327e-02 1.267113723754882812e+02
-8.944011330604553223e-01 -1.339682261459529400e-03 -1.444408949464559555e-02 1.515172049403190613e-02 1.274612884521484375e+02
-9.053007960319519043e-01 -1.391202327795326710e-03 -1.368650328367948532e-02 1.532322540879249573e-02 1.282112121582031250e+02
-9.156349301338195801e-01 -1.441863249056041241e-03 -1.292034238576889038e-02 1.548514328896999359e-02 1.289611358642578125e+02
-9.253969788551330566e-01 -1.491630100645124912e-03 -1.214608550071716309e-02 1.563736982643604279e-02 1.297110748291015625e+02
-9.345809221267700195e-01 -1.540467143058776855e-03 -1.136421691626310349e-02 1.577980816364288330e-02 1.304610137939453125e+02
-9.431809186935424805e-01 -1.588343875482678413e-03 -1.057522650808095932e-02 1.591236703097820282e-02 1.312109680175781250e+02
-9.511916041374206543e-01 -1.635228865779936314e-03 -9.779607877135276794e-03 1.603496074676513672e-02 1.319609222412109375e+02
-9.586079716682434082e-01 -1.681092428043484688e-03 -8.977860212326049805e-03 1.614751107990741730e-02 1.327108917236328125e+02
-9.654253125190734863e-01 -1.725905458442866802e-03 -8.170484565198421478e-03 1.624994538724422455e-02 1.334608612060546875e+02
-9.716393947601318359e-01 -1.769635942764580250e-03 -7.357987109571695328e-03 1.634219661355018616e-02 1.342108306884765625e+02
-9.772463440895080566e-01 -1.812256989069283009e-03 -6.540877278894186020e-03 1.642420515418052673e-02 1.349608154296875000e+02
-9.822425842285156250e-01 -1.853738096542656422e-03 -5.719666834920644760e-03 1.649592071771621704e-02 1.357108001708984375e+02
-9.866250157356262207e-01 -1.894054701551795006e-03 -4.894870799034833908e-03 1.655729487538337708e-02 1.364607849121093750e+02
-9.903908371925354004e-01 -1.933178398758172989e-03 -4.067006055265665054e-03 1.660828664898872375e-02 1.372107696533203125e+02
-9.935377240180969238e-01 -1.971084624528884888e-03 -3.236591815948486328e-03 1.664886437356472015e-02 1.379607696533203125e+02
-9.960637092590332031e-01 -2.007747534662485123e-03 -2.404148690402507782e-03 1.667900197207927704e-02 1.387107696533203125e+02
-9.979671835899353027e-01 -2.043140819296240807e-03 -1.570198568515479565e-03 1.669868081808090210e-02 1.394607696533203125e+02
-9.992470145225524902e-01 -2.077241428196430206e-03 -7.352645043283700943e-04 1.670788787305355072e-02 1.402107696533203125e+02
-9.999023079872131348e-01 -2.110030734911561012e-03 1.001299242489039898e-04 1.670661754906177521e-02 1.409607696533203125e+02
-9.999327063560485840e-01 -2.141486387699842453e-03 9.354607900604605675e-04 1.669486984610557556e-02 1.417107696533203125e+02
-9.993382096290588379e-01 -2.171586034819483757e-03 1.770204282365739346e-03 1.667265407741069794e-02 1.424607696533203125e+02
-9.981191158294677734e-01 -2.200312446802854538e-03 2.603837056085467339e-03 1.663998328149318695e-02 1.432107696533203125e+02
-9.962762594223022461e-01 -2.227644901722669601e-03 3.435836173593997955e-03 1.659687794744968414e-02 1.439607696533203125e+02
-9.938107728958129883e-01 -2.253564773127436638e-03 4.265679977834224701e-03 1.654336787760257721e-02 1.447107696533203125e+02
-9.907242059707641602e-01 -2.278057858347892761e-03 5.092848557978868484e-03 1.647948659956455231e-02 1.454607696533203125e+02
-9.870184659957885742e-01 -2.301106229424476624e-03 5.916822701692581177e-03 1.640527509152889252e-02 1.462107543945312500e+02
-9.826959371566772461e-01 -2.322700340300798416e-03 6.737086456269025803e-03 1.632078178226947784e-02 1.469607391357421875e+02
-9.777593016624450684e-01 -2.342819934710860252e-03 7.553125731647014618e-03 1.622606068849563599e-02 1.477107238769531250e+02
-9.722116589546203613e-01 -2.361455233767628670e-03 8.364428766071796417e-03 1.612117514014244080e-02 1.484607086181640625e+02
-9.660564661026000977e-01 -2.378593897446990013e-03 9.170487523078918457e-03 1.600619219243526459e-02 1.492106781005859375e+02
-9.592975974082946777e-01 -2.394227543845772743e-03 9.970797225832939148e-03 1.588118635118007660e-02 1.499606475830078125e+02
-9.519393444061279297e-01 -2.408344065770506859e-03 1.076485682278871536e-02 1.574623771011829376e-02 1.507106170654296875e+02
-9.439862966537475586e-01 -2.420939272269606590e-03 1.155216898769140244e-02 1.560143101960420609e-02 1.514605712890625000e+02
-9.354434013366699219e-01 -2.432004082947969437e-03 1.233224011957645416e-02 1.544686034321784973e-02 1.522105255126953125e+02
-9.263160228729248047e-01 -2.441528951749205589e-03 1.310458313673734665e-02 1.528262719511985779e-02 1.529604644775390625e+02
-9.166099429130554199e-01 -2.449512248858809471e-03 1.386871468275785446e-02 1.510883681476116180e-02 1.537104034423828125e+02
-9.063311815261840820e-01 -2.455947222188115120e-03 1.462415605783462524e-02 1.492559909820556641e-02 1.544603271484375000e+02
-8.954862356185913086e-01 -2.460834104567766190e-03 1.537043601274490356e-02 1.473303232342004776e-02 1.552102508544921875e+02
-8.840819001197814941e-01 -2.464166842401027679e-03 1.610708795487880707e-02 1.453126128762960434e-02 1.559601593017578125e+02
-8.721253275871276855e-01 -2.465947531163692474e-03 1.683365181088447571e-02 1.432041358202695847e-02 1.567100677490234375e+02
-8.596239686012268066e-01 -2.466177102178335190e-03 1.754967309534549713e-02 1.410062331706285477e-02 1.574599609375000000e+02
-8.465856909751892090e-01 -2.464853925630450249e-03 1.825470477342605591e-02 1.387203205376863480e-02 1.582098541259765625e+02
-8.330186605453491211e-01 -2.461983123794198036e-03 1.894830726087093353e-02 1.363478507846593857e-02 1.589597320556640625e+02
-8.189313411712646484e-01 -2.457564231008291245e-03 1.963004656136035919e-02 1.338903419673442841e-02 1.597095947265625000e+02
-8.043326139450073242e-01 -2.451604465022683144e-03 2.029949799180030823e-02 1.313493587076663971e-02 1.604594573974609375e+02
-7.892315983772277832e-01 -2.444106154143810272e-03 2.095624431967735291e-02 1.287265121936798096e-02 1.612093048095703125e+02
-7.736377716064453125e-01 -2.435079077258706093e-03 2.159987762570381165e-02 1.260234788060188293e-02 1.619591369628906250e+02
-7.575608491897583008e-01 -2.424529055133461952e-03 2.222999557852745056e-02 1.232419535517692566e-02 1.627089691162109375e+02
-7.410109043121337891e-01 -2.412462839856743813e-03 2.284620516002178192e-02 1.203837152570486069e-02 1.634587860107421875e+02
-7.239983081817626953e-01 -2.398889278993010521e-03 2.344812452793121338e-02 1.174505706876516342e-02 1.642085876464843750e+02
-7.065337300300598145e-01 -2.383821876719594002e-03 2.403537742793560028e-02 1.144443731755018234e-02 1.649583892822265625e+02
-6.886280775070190430e-01 -2.367270411923527718e-03 2.460759878158569336e-02 1.113670039921998978e-02 1.657081756591796875e+02
-6.702925562858581543e-01 -2.349243732169270515e-03 2.516443468630313873e-02 1.082204375416040421e-02 1.664579467773437500e+02
-6.515386700630187988e-01 -2.329757437109947205e-03 2.570553682744503021e-02 1.050066296011209488e-02 1.672077178955078125e+02
-6.323781013488769531e-01 -2.308823633939027786e-03 2.623056992888450623e-02 1.017276104539632797e-02 1.679574737548828125e+02
-6.128228306770324707e-01 -2.286459319293498993e-03 2.673920802772045135e-02 9.838542900979518890e-03 1.687072143554687500e+02
-5.928850769996643066e-01 -2.262674039229750633e-03 2.723113447427749634e-02 9.498219937086105347e-03 1.694569549560546875e+02
-5.725773572921752930e-01 -2.237488748505711555e-03 2.770604565739631653e-02 9.152004495263099670e-03 1.702066802978515625e+02
-5.519123077392578125e-01 -2.210920676589012146e-03 2.816364541649818420e-02 8.800114504992961884e-03 1.709563903808593750e+02
-5.309028625488281250e-01 -2.182987052947282791e-03 2.860365062952041626e-02 8.442767895758152008e-03 1.717061004638671875e+02
-5.095621347427368164e-01 -2.153703942894935608e-03 2.902578935027122498e-02 8.080190978944301605e-03 1.724557952880859375e+02
-4.879034757614135742e-01 -2.123093698173761368e-03 2.942979894578456879e-02 7.712607271969318390e-03 1.732054901123046875e+02
-4.659404158592224121e-01 -2.091174013912677765e-03 2.981542982161045074e-02 7.340247742831707001e-03 1.739551696777343750e+02
-4.436866641044616699e-01 -2.057966776192188263e-03 3.018244169652462006e-02 6.963343359529972076e-03 1.747048339843750000e+02
-4.211561083793640137e-01 -2.023492939770221710e-03 3.053060919046401978e-02 6.582129746675491333e-03 1.754544982910156250e+02
-3.983628451824188232e-01 -1.987775554880499840e-03 3.085971623659133911e-02 6.196843460202217102e-03 1.762041473388671875e+02
-3.753210604190826416e-01 -1.950835925526916981e-03 3.116955794394016266e-02 5.807724315673112869e-03 1.769537963867187500e+02
-3.520451784133911133e-01 -1.912697916850447655e-03 3.145994246006011963e-02 5.415012594312429428e-03 1.777034301757812500e+02
-3.285497128963470459e-01 -1.873385626822710037e-03 3.173069283366203308e-02 5.018952768296003342e-03 1.784530639648437500e+02
-3.048492968082427979e-01 -1.832924084737896919e-03 3.198163956403732300e-02 4.619790241122245789e-03 1.792026824951171875e+02
-2.809587419033050537e-01 -1.791338319890201092e-03 3.221262991428375244e-02 4.217772744596004486e-03 1.799523010253906250e+02
-2.568929791450500488e-01 -1.748654292896389961e-03 3.242351859807968140e-02 3.813148709014058113e-03 1.807019195556640625e+02
-2.326669842004776001e-01 -1.704898546449840069e-03 3.261417523026466370e-02 3.406168427318334579e-03 1.814515228271484375e+02
-2.082958817481994629e-01 -1.660097623243927956e-03 3.278448432683944702e-02 2.997083822265267372e-03 1.822011260986328125e+02
-1.837948858737945557e-01 -1.614279695786535740e-03 3.293433785438537598e-02 2.586147515103220940e-03 1.829507293701171875e+02
-1.591792702674865723e-01 -1.567472121678292751e-03 3.306364640593528748e-02 2.173613524064421654e-03 1.837003326416015625e+02
-1.344643831253051758e-01 -1.519703655503690243e-03 3.317232802510261536e-02 1.759737031534314156e-03 1.844499206542968750e+02
-1.096656396985054016e-01 -1.471003633923828602e-03 3.326031565666198730e-02 1.344773336313664913e-03 1.851995086669921875e+02
-8.479850739240646362e-02 -1.421401510015130043e-03 3.332755342125892639e-02 9.289784356951713562e-04 1.859490966796875000e+02
-5.987849831581115723e-02 -1.370927086099982262e-03 3.337400406599044800e-02 5.126089672558009624e-04 1.866986846923828125e+02
-3.492114692926406860e-02 -1.319610862992703915e-03 3.339963406324386597e-02 9.592220885679125786e-05 1.874482727050781250e+02
-9.942023083567619324e-03 -1.267483923584222794e-03 3.340442851185798645e-02 -3.208249108865857124e-04 1.881978607177734375e+02
1.504329964518547058e-02 -1.214577467180788517e-03 3.338838741183280945e-02 -7.373751141130924225e-04 1.889474487304687500e+02
4.001924395561218262e-02 -1.160923391580581665e-03 3.335151821374893188e-02 -1.153471413999795914e-03 1.896970367431640625e+02
6.497023254632949829e-02 -1.106553594581782818e-03 3.329384326934814453e-02 -1.568856765516102314e-03 1.904466247558593750e+02
8.988070487976074219e-02 -1.051501254551112652e-03 3.321539983153343201e-02 -1.983274938538670540e-03 1.911962127685546875e+02
1.147351264953613281e-01 -9.957981528714299202e-04 3.311623632907867432e-02 -2.396469702944159508e-03 1.919458007812500000e+02
1.395180076360702515e-01 -9.394790395162999630e-04 3.299641236662864685e-02 -2.808186225593090057e-03 1.926953887939453125e+02
1.642138808965682983e-01 -8.825765107758343220e-04 3.285600244998931885e-02 -3.218169789761304855e-03 1.934449768066406250e+02
1.888073384761810303e-01 -8.251249091699719429e-04 3.269509226083755493e-02 -3.626166610047221184e-03 1.941945800781250000e+02
2.132830470800399780e-01 -7.671590428799390793e-04 3.251378238201141357e-02 -4.031924996525049210e-03 1.949441833496093750e+02
2.376257479190826416e-01 -7.087131380103528500e-04 3.231218457221984863e-02 -4.435193724930286407e-03 1.956937866210937500e+02
2.618202567100524902e-01 -6.498218863271176815e-04 3.209042549133300781e-02 -4.835722502321004868e-03 1.964433898925781250e+02
2.858514785766601562e-01 -5.905212019570171833e-04 3.184863924980163574e-02 -5.233263596892356873e-03 1.971930084228515625e+02
3.097044229507446289e-01 -5.308465333655476570e-04 3.158697485923767090e-02 -5.627571139484643936e-03 1.979426269531250000e+02
3.333641886711120605e-01 -4.708324850071221590e-04 3.130559623241424561e-02 -6.018399260938167572e-03 1.986922607421875000e+02
3.568160235881805420e-01 -4.105163097847253084e-04 3.100467659533023834e-02 -6.405505817383527756e-03 1.994418945312500000e+02
3.800452947616577148e-01 -3.499345330055803061e-04 3.068440221250057220e-02 -6.788650527596473694e-03 2.001915283203125000e+02
4.030374884605407715e-01 -2.891228941734880209e-04 3.034497052431106567e-02 -7.167594972997903824e-03 2.009411773681640625e+02
4.257782697677612305e-01 -2.281175402458757162e-04 2.998659014701843262e-02 -7.542103063315153122e-03 2.016908264160156250e+02
4.482534527778625488e-01 -1.669572084210813046e-04 2.960948459804058075e-02 -7.911941036581993103e-03 2.024404907226562500e+02
4.704489707946777344e-01 -1.056769251590594649e-04 2.921388670802116394e-02 -8.276878856122493744e-03 2.031901550292968750e+02
4.923509955406188965e-01 -4.431543493410572410e-05 2.880004234611988068e-02 -8.636687882244586945e-03 2.039398345947265625e+02
5.139458179473876953e-01 1.709075877442955971e-05 2.836820855736732483e-02 -8.991144597530364990e-03 2.046895294189453125e+02
5.352199673652648926e-01 7.850366091588512063e-05 2.791865170001983643e-02 -9.340026415884494781e-03 2.054392242431640625e+02
5.561601519584655762e-01 1.398860185872763395e-04 2.745165117084980011e-02 -9.683113545179367065e-03 2.061889343261718750e+02
5.767533183097839355e-01 2.011998294619843364e-04 2.696749567985534668e-02 -1.002019271254539490e-02 2.069386444091796875e+02
5.969865322113037109e-01 2.624070912133902311e-04 2.646648511290550232e-02 -1.035105157643556595e-02 2.076883697509765625e+02
6.168472170829772949e-01 3.234705654904246330e-04 2.594893239438533783e-02 -1.067548245191574097e-02 2.084381103515625000e+02
6.363229155540466309e-01 3.843537415377795696e-04 2.541515789926052094e-02 -1.099328044801950455e-02 2.091878509521484375e+02
6.554014682769775391e-01 4.450163687579333782e-04 2.486549317836761475e-02 -1.130424719303846359e-02 2.099376068115234375e+02
6.740708947181701660e-01 5.054211942479014397e-04 2.430028095841407776e-02 -1.160818524658679962e-02 2.106873779296875000e+02
6.923195719718933105e-01 5.655324785038828850e-04 2.371987141668796539e-02 -1.190490182489156723e-02 2.114371490478515625e+02
7.101360559463500977e-01 6.253106985241174698e-04 2.312462590634822845e-02 -1.219421066343784332e-02 2.121869354248046875e+02
7.275092601776123047e-01 6.847179029136896133e-04 2.251491509377956390e-02 -1.247592829167842865e-02 2.129367370605468750e+02
7.444282770156860352e-01 7.437190506607294083e-04 2.189111895859241486e-02 -1.274987589567899704e-02 2.136865386962890625e+02
7.608824968338012695e-01 8.022746769711375237e-04 2.125362493097782135e-02 -1.301588118076324463e-02 2.144363555908203125e+02
7.768616080284118652e-01 8.603497408330440521e-04 2.060283161699771881e-02 -1.327377185225486755e-02 2.151861877441406250e+02
7.923556566238403320e-01 9.179025073535740376e-04 1.993914321064949036e-02 -1.352338679134845734e-02 2.159360351562500000e+02
8.073549270629882812e-01 9.749002056196331978e-04 1.926297321915626526e-02 -1.376456674188375473e-02 2.166858825683593750e+02
8.218500018119812012e-01 1.031305524520576000e-03 1.857474446296691895e-02 -1.399715803563594818e-02 2.174357452392578125e+02
8.358318209648132324e-01 1.087083597667515278e-03 1.787488721311092377e-02 -1.422101166099309921e-02 2.181856079101562500e+02
8.492916226387023926e-01 1.142195542342960835e-03 1.716383732855319977e-02 -1.443598512560129166e-02 2.189354858398437500e+02
8.622209429740905762e-01 1.196609344333410263e-03 1.644203811883926392e-02 -1.464194059371948242e-02 2.196853790283203125e+02
8.746117353439331055e-01 1.250285538844764233e-03 1.570994034409523010e-02 -1.483874861150979996e-02 2.204352722167968750e+02
8.864561915397644043e-01 1.303194323554635048e-03 1.496800314635038376e-02 -1.502628065645694733e-02 2.211851806640625000e+02
8.977469205856323242e-01 1.355299958959221840e-03 1.421668939292430878e-02 -1.520441565662622452e-02 2.219350891113281250e+02
9.084768295288085938e-01 1.406565192155539989e-03 1.345646847039461136e-02 -1.537304092198610306e-02 2.226850128173828125e+02
9.186391830444335938e-01 1.456957892514765263e-03 1.268781628459692001e-02 -1.553204748779535294e-02 2.234349365234375000e+02
9.282276034355163574e-01 1.506446860730648041e-03 1.191121432930231094e-02 -1.568133383989334106e-02 2.241848754882812500e+02
9.372361302375793457e-01 1.554998569190502167e-03 1.112714782357215881e-02 -1.582080498337745667e-02 2.249348144531250000e+02
9.456590414047241211e-01 1.602578675374388695e-03 1.033610757440328598e-02 -1.595037057995796204e-02 2.256847686767578125e+02
9.534910917282104492e-01 1.649161917157471180e-03 9.538589045405387878e-03 -1.606994494795799255e-02 2.264347229003906250e+02
9.607273936271667480e-01 1.694713253527879715e-03 8.735091425478458405e-03 -1.617945358157157898e-02 2.271846923828125000e+02
9.673633575439453125e-01 1.739202882163226604e-03 7.926118560135364532e-03 -1.627882570028305054e-02 2.279346618652343750e+02
9.733948707580566406e-01 1.782602514140307903e-03 7.112177088856697083e-03 -1.636799611151218414e-02 2.286846313476562500e+02
9.788180589675903320e-01 1.824881532229483128e-03 6.293777376413345337e-03 -1.644690707325935364e-02 2.294346160888671875e+02
9.836295843124389648e-01 1.866014674305915833e-03 5.471432115882635117e-03 -1.651550829410552979e-02 2.301846008300781250e+02
9.878264665603637695e-01 1.905972138047218323e-03 4.645656794309616089e-03 -1.657375693321228027e-02 2.309345855712890625e+02
9.914060235023498535e-01 1.944733085110783577e-03 3.816968994215130806e-03 -1.662161387503147125e-02 2.316845703125000000e+02
9.943659901618957520e-01 1.982264686375856400e-03 2.985888160765171051e-03 -1.665904745459556580e-02 2.324345703125000000e+02
9.967045187950134277e-01 2.018545987084507942e-03 2.152935834601521492e-03 -1.668603345751762390e-02 2.331845703125000000e+02
9.984201192855834961e-01 2.053553238511085510e-03 1.318634138442575932e-03 -1.670255884528160095e-02 2.339345703125000000e+02
9.995117783546447754e-01 2.087263390421867371e-03 4.835061845369637012e-04 -1.670860871672630310e-02 2.346845703125000000e+02
9.999787807464599609e-01 2.119653392583131790e-03 -3.519242745824158192e-04 -1.670417934656143188e-02 2.354345703125000000e+02
9.998208284378051758e-01 2.150701358914375305e-03 -1.187133253552019596e-03 -1.668927632272243500e-02 2.361845703125000000e+02
9.990380406379699707e-01 2.180389594286680222e-03 -2.021596999838948250e-03 -1.666390709578990936e-02 2.369345703125000000e+02
9.976308345794677734e-01 2.208695746958255768e-03 -2.854792401194572449e-03 -1.662808842957019806e-02 2.376845703125000000e+02
9.956001639366149902e-01 2.235604217275977135e-03 -3.686196869239211082e-03 -1.658184267580509186e-02 2.384345703125000000e+02
9.929472804069519043e-01 2.261096378788352013e-03 -4.515288863331079483e-03 -1.652520336210727692e-02 2.391845703125000000e+02
9.896738529205322266e-01 2.285155700519680977e-03 -5.341548938304185867e-03 -1.645820215344429016e-02 2.399345703125000000e+02
9.857819676399230957e-01 2.307766815647482872e-03 -6.164459045976400375e-03 -1.638088747859001160e-02 2.406845550537109375e+02
9.812740087509155273e-01 2.328915288671851158e-03 -6.983503233641386032e-03 -1.629330590367317200e-02 2.414345397949218750e+02
9.761528372764587402e-01 2.348589943721890450e-03 -7.798168342560529709e-03 -1.619551517069339752e-02 2.421845245361328125e+02
9.704216718673706055e-01 2.366775413975119591e-03 -8.607944473624229431e-03 -1.608758047223091125e-02 2.429345092773437500e+02
9.640841484069824219e-01 2.383464016020298004e-03 -9.412323124706745148e-03 -1.596956886351108551e-02 2.436844787597656250e+02
9.571442008018493652e-01 2.398643177002668381e-03 -1.021080184727907181e-02 -1.584155671298503876e-02 2.444344482421875000e+02
9.496061801910400391e-01 2.412303816527128220e-03 -1.100287958979606628e-02 -1.570362411439418793e-02 2.451844177246093750e+02
9.414747953414916992e-01 2.424437785521149635e-03 -1.178806088864803314e-02 -1.555586513131856918e-02 2.459343719482421875e+02
9.327551722526550293e-01 2.435036236420273781e-03 -1.256585400551557541e-02 -1.539837196469306946e-02 2.466843261718750000e+02
9.234527945518493652e-01 2.444093814119696617e-03 -1.333577279001474380e-02 -1.523124799132347107e-02 2.474342651367187500e+02
9.135734438896179199e-01 2.451610751450061798e-03 -1.409733481705188751e-02 -1.505459751933813095e-02 2.481842041015625000e+02
9.031233787536621094e-01 2.457581693306565285e-03 -1.485006511211395264e-02 -1.486853510141372681e-02 2.489341278076171875e+02
8.921090960502624512e-01 2.462000586092472076e-03 -1.559349149465560913e-02 -1.467318087816238403e-02 2.496840515136718750e+02
8.805375099182128906e-01 2.464867662638425827e-03 -1.632715016603469849e-02 -1.446866057813167572e-02 2.504339599609375000e+02
8.684158921241760254e-01 2.466180361807346344e-03 -1.705058291554450989e-02 -1.425510179251432419e-02 2.511838684082031250e+02
8.557518720626831055e-01 2.465940546244382858e-03 -1.776333712041378021e-02 -1.403264421969652176e-02 2.519337615966796875e+02
8.425533771514892578e-01 2.464150078594684601e-03 -1.846496947109699249e-02 -1.380143035203218460e-02 2.526836395263671875e+02
8.288286328315734863e-01 2.460814546793699265e-03 -1.915504038333892822e-02 -1.356160454452037811e-02 2.534335174560546875e+02
8.145862221717834473e-01 2.455930691212415695e-03 -1.983312144875526428e-02 -1.331332139670848846e-02 2.541833801269531250e+02
7.998351454734802246e-01 2.449507592245936394e-03 -2.049878798425197601e-02 -1.305673830211162567e-02 2.549332275390625000e+02
7.845845818519592285e-01 2.441548975184559822e-03 -2.115162461996078491e-02 -1.279201824218034744e-02 2.556830749511718750e+02
7.688440680503845215e-01 2.432059962302446365e-03 -2.179122529923915863e-02 -1.251933164894580841e-02 2.564329223632812500e+02
7.526234984397888184e-01 2.421052427962422371e-03 -2.241719141602516174e-02 -1.223884895443916321e-02 2.571827392578125000e+02
7.359330654144287109e-01 2.408531727269291878e-03 -2.302913367748260498e-02 -1.195074804127216339e-02 2.579325561523437500e+02
7.187831401824951172e-01 2.394507406279444695e-03 -2.362667024135589600e-02 -1.165521237999200821e-02 2.586823730468750000e+02
7.011844515800476074e-01 2.378990175202488899e-03 -2.420943044126033783e-02 -1.135242637246847153e-02 2.594321594238281250e+02
6.831480860710144043e-01 2.361992374062538147e-03 -2.477705106139183044e-02 -1.104258373379707336e-02 2.601819458007812500e+02
6.646852493286132812e-01 2.343522384762763977e-03 -2.532918006181716919e-02 -1.072587911039590836e-02 2.609317321777343750e+02
6.458075046539306641e-01 2.323598135262727737e-03 -2.586547471582889557e-02 -1.040251087397336960e-02 2.616814880371093750e+02
6.265267133712768555e-01 2.302230568602681160e-03 -2.638559974730014801e-02 -1.007268391549587250e-02 2.624312438964843750e+02
6.068548560142517090e-01 2.279436914250254631e-03 -2.688923478126525879e-02 -9.736603125929832458e-03 2.631809997558593750e+02
5.868042707443237305e-01 2.255229279398918152e-03 -2.737606503069400787e-02 -9.394481778144836426e-03 2.639307250976562500e+02
5.663875341415405273e-01 2.229626756161451340e-03 -2.784578874707221985e-02 -9.046532213687896729e-03 2.646804504394531250e+02
5.456173419952392578e-01 2.202644478529691696e-03 -2.829811535775661469e-02 -8.692974224686622620e-03 2.654301757812500000e+02
5.245066881179809570e-01 2.174301072955131531e-03 -2.873276360332965851e-02 -8.334028534591197968e-03 2.661798706054687500e+02
5.030687451362609863e-01 2.144617261365056038e-03 -2.914946526288986206e-02 -7.969917729496955872e-03 2.669295654296875000e+02
4.813169240951538086e-01 2.113609341904520988e-03 -2.954796142876148224e-02 -7.600870914757251740e-03 2.676792602539062500e+02
4.592648148536682129e-01 2.081299200654029846e-03 -2.992800436913967133e-02 -7.227117195725440979e-03 2.684289245605468750e+02
4.369261860847473145e-01 2.047707559540867805e-03 -3.028935939073562622e-02 -6.848889403045177460e-03 2.691785888671875000e+02
4.143149852752685547e-01 2.012856770306825638e-03 -3.063180297613143921e-02 -6.466423161327838898e-03 2.699282531738281250e+02
3.914453089237213135e-01 1.976768020540475845e-03 -3.095512464642524719e-02 -6.079956423491239548e-03 2.706779174804687500e+02
3.683314621448516846e-01 1.939465175382792950e-03 -3.125912323594093323e-02 -5.689728539437055588e-03 2.714275512695312500e+02
3.449878692626953125e-01 1.900971052236855030e-03 -3.154360875487327576e-02 -5.295982118695974350e-03 2.721771850585937500e+02
3.214290738105773926e-01 1.861310098320245743e-03 -3.180840611457824707e-02 -4.898961633443832397e-03 2.729268188476562500e+02
2.976697981357574463e-01 1.820506993681192398e-03 -3.205335512757301331e-02 -4.498912487179040909e-03 2.736764526367187500e+02
2.737248837947845459e-01 1.778587815351784229e-03 -3.227829933166503906e-02 -4.096083343029022217e-03 2.744260559082031250e+02
2.496092468500137329e-01 1.735578407533466816e-03 -3.248310461640357971e-02 -3.690722398459911346e-03 2.751756591796875000e+02
2.253379374742507935e-01 1.691504498012363911e-03 -3.266764059662818909e-02 -3.283081576228141785e-03 2.759252624511718750e+02
2.009260952472686768e-01 1.646394724957644939e-03 -3.283179551362991333e-02 -2.873412333428859711e-03 2.766748657226562500e+02
1.763889491558074951e-01 1.600275398232042789e-03 -3.297546505928039551e-02 -2.461967756971716881e-03 2.774244689941406250e+02
1.517418026924133301e-01 1.553175388835370541e-03 -3.309856355190277100e-02 -2.049002330750226974e-03 2.781740722656250000e+02
1.270000338554382324e-01 1.505122869275510311e-03 -3.320101276040077209e-02 -1.634771004319190979e-03 2.789236755371093750e+02
1.021790653467178345e-01 1.456147641874849796e-03 -3.328275308012962341e-02 -1.219529542140662670e-03 2.796732788085937500e+02
7.729437202215194702e-02 1.406279276125133038e-03 -3.334372863173484802e-02 -8.035344071686267853e-04 2.804228515625000000e+02
5.236148089170455933e-02 1.355547807179391384e-03 -3.338390588760375977e-02 -3.870423824992030859e-04 2.811724243164062500e+02
2.739593945443630219e-02 1.303983968682587147e-03 -3.340325877070426941e-02 2.968969056382775307e-05 2.819219970703125000e+02
2.413317561149597168e-03 1.251618727110326290e-03 -3.340177610516548157e-02 4.464045341592282057e-04 2.826715698242187500e+02
-2.257080934941768646e-02 1.198483514599502087e-03 -3.337945416569709778e-02 8.628449868410825729e-04 2.834211425781250000e+02
-4.754086211323738098e-02 1.144610228948295116e-03 -3.333631157875061035e-02 1.278753974474966526e-03 2.841707153320312500e+02
-7.248126715421676636e-02 1.090031350031495094e-03 -3.327237442135810852e-02 1.693874830380082130e-03 2.849202880859375000e+02
-9.737647324800491333e-02 1.034779357723891735e-03 -3.318767994642257690e-02 2.107951091602444649e-03 2.856698608398437500e+02
-1.222109571099281311e-01 9.788871975615620613e-04 -3.308228403329849243e-02 2.520726993680000305e-03 2.864194641113281250e+02
-1.469692289829254150e-01 9.223888628184795380e-04 -3.295624628663063049e-02 2.931947819888591766e-03 2.871690673828125000e+02
-1.716358512639999390e-01 8.653174154460430145e-04 -3.280964866280555725e-02 3.341359086334705353e-03 2.879186706542968750e+02
-1.961954236030578613e-01 8.077076636254787445e-04 -3.264258056879043579e-02 3.748708404600620270e-03 2.886682739257812500e+02
-2.206326425075531006e-01 7.495929603464901447e-04 -3.245514631271362305e-02 4.153742920607328415e-03 2.894178771972656250e+02
-2.449322640895843506e-01 6.910088704898953438e-04 -3.224745765328407288e-02 4.556211642920970917e-03 2.901674804687500000e+02
-2.690791487693786621e-01 6.319906096905469894e-04 -3.201964870095252991e-02 4.955866374075412750e-03 2.909170837402343750e+02
-2.930581867694854736e-01 5.725733353756368160e-04 -3.177185356616973877e-02 5.352458916604518890e-03 2.916666870117187500e+02
-3.168544471263885498e-01 5.127920885570347309e-04 -3.150423243641853333e-02 5.745743401348590851e-03 2.924163208007812500e+02
-3.404530882835388184e-01 4.526830452959984541e-04 -3.121694549918174744e-02 6.135474890470504761e-03 2.931659545898437500e+02
-3.638393580913543701e-01 3.922830510418862104e-04 -3.091017156839370728e-02 6.521412637084722519e-03 2.939155883789062500e+02
-3.869986832141876221e-01 3.316282527521252632e-04 -3.058410063385963440e-02 6.903316359966993332e-03 2.946652221679687500e+02
-4.099166095256805420e-01 2.707540406845510006e-04 -3.023893572390079498e-02 7.280948106199502945e-03 2.954148864746093750e+02
-4.325788319110870361e-01 2.096983953379094601e-04 -2.987488918006420135e-02 7.654072716832160950e-03 2.961645507812500000e+02
-4.549711942672729492e-01 1.484982058173045516e-04 -2.949218638241291046e-02 8.022458292543888092e-03 2.969142150878906250e+02
-4.770797193050384521e-01 8.719035395188257098e-05 -2.909106388688087463e-02 8.385875262320041656e-03 2.976638793945312500e+02
-4.988905787467956543e-01 2.581060834927484393e-05 -2.867176942527294159e-02 8.744094520807266235e-03 2.984135742187500000e+02
-5.203901529312133789e-01 -3.560229379218071699e-05 -2.823456376791000366e-02 9.096893481910228729e-03 2.991632690429687500e+02
-5.415650606155395508e-01 -9.700923692435026169e-05 -2.777971886098384857e-02 9.444052353501319885e-03 2.999129638671875000e+02
-5.624020099639892578e-01 -1.583752018632367253e-04 -2.730751596391201019e-02 9.785351343452930450e-03 3.006626892089843750e+02
-5.828880071640014648e-01 -2.196614514105021954e-04 -2.681824751198291779e-02 1.012057811021804810e-02 3.014124145507812500e+02
-6.030102372169494629e-01 -2.808292338158935308e-04 -2.631221897900104523e-02 1.044952124357223511e-02 3.021621398925781250e+02
-6.227561831474304199e-01 -3.418427950236946344e-04 -2.578974328935146332e-02 1.077197398990392685e-02 3.029118652343750000e+02
-6.421134471893310547e-01 -4.026626411359757185e-04 -2.525114454329013824e-02 1.108773425221443176e-02 3.036616210937500000e+02
-6.610699295997619629e-01 -4.632515192497521639e-04 -2.469675801694393158e-02 1.139660179615020752e-02 3.044113769531250000e+02
-6.796137690544128418e-01 -5.235729040578007698e-04 -2.412692829966545105e-02 1.169838290661573410e-02 3.051611328125000000e+02
-6.977334022521972656e-01 -5.835865740664303303e-04 -2.354200929403305054e-02 1.199288759380578995e-02 3.059109191894531250e+02
-7.154174447059631348e-01 -6.432575173676013947e-04 -2.294236421585083008e-02 1.227992773056030273e-02 3.066607055664062500e+02
-7.326548695564270020e-01 -7.025462691672146320e-04 -2.232836745679378510e-02 1.255932170897722244e-02 3.074105224609375000e+02
-7.494348883628845215e-01 -7.614155183546245098e-04 -2.170040085911750793e-02 1.283089350908994675e-02 3.081603393554687500e+02
-7.657469511032104492e-01 -8.198302821256220341e-04 -2.105885557830333710e-02 1.309446990489959717e-02 3.089101562500000000e+02
-7.815809249877929688e-01 -8.777510956861078739e-04 -2.040413208305835724e-02 1.334988418966531754e-02 3.096600036621093750e+02
-7.969268560409545898e-01 -9.351414046250283718e-04 -1.973663829267024994e-02 1.359697245061397552e-02 3.104098510742187500e+02
-8.117751479148864746e-01 -9.919655276462435722e-04 -1.905678957700729370e-02 1.383558008819818497e-02 3.111596984863281250e+02
-8.261164426803588867e-01 -1.048185396939516068e-03 -1.836501061916351318e-02 1.406555343419313431e-02 3.119095764160156250e+02
-8.399417996406555176e-01 -1.103767426684498787e-03 -1.766173355281352997e-02 1.428674627095460892e-02 3.126594543457031250e+02
-8.532425761222839355e-01 -1.158672966994345188e-03 -1.694739609956741333e-02 1.449901517480611801e-02 3.134093322753906250e+02
-8.660104274749755859e-01 -1.212868490256369114e-03 -1.622244529426097870e-02 1.470222789794206619e-02 3.141592102050781250e+02
-8.782373666763305664e-01 -1.266317442059516907e-03 -1.548733375966548920e-02 1.489625219255685806e-02 3.149091186523437500e+02
-8.899157047271728516e-01 -1.318987109698355198e-03 -1.474252156913280487e-02 1.508096419274806976e-02 3.156590270996093750e+02
-9.010381102561950684e-01 -1.370842452161014080e-03 -1.398847345262765884e-02 1.525624562054872513e-02 3.164089355468750000e+02
-9.115976691246032715e-01 -1.421847613528370857e-03 -1.322566159069538116e-02 1.542198285460472107e-02 3.171588745117187500e+02
-9.215877056121826172e-01 -1.471972092986106873e-03 -1.245456282049417496e-02 1.557807065546512604e-02 3.179088134765625000e+02
-9.310019612312316895e-01 -1.521182479336857796e-03 -1.167565956711769104e-02 1.572440937161445618e-02 3.186587524414062500e+02
-9.398345351219177246e-01 -1.569444313645362854e-03 -1.088943891227245331e-02 1.586090214550495148e-02 3.194086914062500000e+02
-9.480799436569213867e-01 -1.616727910004556179e-03 -1.009639352560043335e-02 1.598746515810489655e-02 3.201586608886718750e+02
-9.557329416275024414e-01 -1.663000439293682575e-03 -9.297020733356475830e-03 1.610401459038257599e-02 3.209086303710937500e+02
-9.627887606620788574e-01 -1.708235940895974636e-03 -8.491819724440574646e-03 1.621047407388687134e-02 3.216585998535156250e+02
-9.692429304122924805e-01 -1.752400770783424377e-03 -7.681296207010746002e-03 1.630677841603755951e-02 3.224085693359375000e+02
-9.750914573669433594e-01 -1.795465825125575066e-03 -6.865957286208868027e-03 1.639286242425441742e-02 3.231585388183593750e+02
-9.803306460380554199e-01 -1.837402931414544582e-03 -6.046314258128404617e-03 1.646867021918296814e-02 3.239085083007812500e+02
-9.849572181701660156e-01 -1.878183684311807156e-03 -5.222880747169256210e-03 1.653415709733963013e-02 3.246585083007812500e+02
-9.889682531356811523e-01 -1.917785033583641052e-03 -4.396172706037759781e-03 1.658927649259567261e-02 3.254085083007812500e+02
-9.923612475395202637e-01 -1.956175547093153000e-03 -3.566708881407976151e-03 1.663399487733840942e-02 3.261585083007812500e+02
-9.951340556144714355e-01 -1.993333920836448669e-03 -2.735009184107184410e-03 1.666828244924545288e-02 3.269085083007812500e+02
-9.972849488258361816e-01 -2.029233844950795174e-03 -1.901595038361847401e-03 1.669211871922016144e-02 3.276585083007812500e+02
-9.988126158714294434e-01 -2.063851570710539818e-03 -1.066989032551646233e-03 1.670548692345619202e-02 3.284085083007812500e+02
-9.997160434722900391e-01 -2.097166143357753754e-03 -2.317146863788366318e-04 1.670837774872779846e-02 3.291585083007812500e+02
-9.999946951866149902e-01 -2.129153814166784286e-03 6.037041894160211086e-04 1.670079119503498077e-02 3.299085083007812500e+02
-9.996483922004699707e-01 -2.159794326871633530e-03 1.438743784092366695e-03 1.668273098766803741e-02 3.306585083007812500e+02
-9.986773133277893066e-01 -2.189066959545016289e-03 2.272880403324961662e-03 1.665421016514301300e-02 3.314085083007812500e+02
-9.970821142196655273e-01 -2.216953784227371216e-03 3.105591051280498505e-03 1.661524735391139984e-02 3.321585083007812500e+02
-9.948637485504150391e-01 -2.243439201265573502e-03 3.936353605240583420e-03 1.656586676836013794e-02 3.329085083007812500e+02
-9.920236468315124512e-01 -2.268500626087188721e-03 4.764646757394075394e-03 1.650610007345676422e-02 3.336585083007812500e+02
-9.885635972023010254e-01 -2.292125718668103218e-03 5.589951761066913605e-03 1.643598638474941254e-02 3.344085083007812500e+02
-9.844857454299926758e-01 -2.314297948032617569e-03 6.411751266568899155e-03 1.635557040572166443e-02 3.351585083007812500e+02
-9.797926545143127441e-01 -2.335003810003399849e-03 7.229529786854982376e-03 1.626490615308284760e-02 3.359085083007812500e+02
-9.744873046875000000e-01 -2.354233060032129288e-03 8.042775094509124756e-03 1.616404764354228973e-02 3.366584777832031250e+02
-9.685729742050170898e-01 -2.371967770159244537e-03 8.850977756083011627e-03 1.605306565761566162e-02 3.374084472656250000e+02
-9.620534181594848633e-01 -2.388201188296079636e-03 9.653630666434764862e-03 1.593203097581863403e-02 3.381584167480468750e+02
-9.549326896667480469e-01 -2.402924932539463043e-03 1.045023184269666672e-02 1.580101996660232544e-02 3.389083862304687500e+02
-9.472153186798095703e-01 -2.416125033050775528e-03 1.124028302729129791e-02 1.566011644899845123e-02 3.396583557128906250e+02
-9.389060735702514648e-01 -2.427792642265558243e-03 1.202328875660896301e-02 1.550941448658704758e-02 3.404082946777343750e+02
-9.300101995468139648e-01 -2.437924034893512726e-03 1.279875915497541428e-02 1.534901186823844910e-02 3.411582336425781250e+02
-9.205332994461059570e-01 -2.446513157337903976e-03 1.356620993465185165e-02 1.517901010811328888e-02 3.419081726074218750e+02
-9.104812741279602051e-01 -2.453560708090662956e-03 1.432516053318977356e-02 1.499951910227537155e-02 3.426581115722656250e+02
-8.998604416847229004e-01 -2.459056908264756203e-03 1.507513690739870071e-02 1.481065154075622559e-02 3.434080505371093750e+02
-8.886774778366088867e-01 -2.463009441271424294e-03 1.581566967070102692e-02 1.461252849549055099e-02 3.441579589843750000e+02
-8.769393563270568848e-01 -2.465415280312299728e-03 1.654629595577716827e-02 1.440527196973562241e-02 3.449078674316406250e+02
-8.646534681320190430e-01 -2.466277219355106354e-03 1.726656034588813782e-02 1.418901048600673676e-02 3.456577758789062500e+02
-8.518275022506713867e-01 -2.465596189722418785e-03 1.797601021826267242e-02 1.396388001739978790e-02 3.464076538085937500e+02
-8.384695053100585938e-01 -2.463369863107800484e-03 1.867420412600040436e-02 1.373002212494611740e-02 3.471575317382812500e+02
-8.245878219604492188e-01 -2.459594747051596642e-03 1.936070434749126434e-02 1.348758768290281296e-02 3.479074096679687500e+02
-8.101911544799804688e-01 -2.454268978908658028e-03 2.003508433699607849e-02 1.323673594743013382e-02 3.486572570800781250e+02
-7.952885627746582031e-01 -2.447378588840365410e-03 2.069692127406597137e-02 1.297764107584953308e-02 3.494071044921875000e+02
-7.798893451690673828e-01 -2.438918454572558403e-03 2.134580351412296295e-02 1.271048374474048615e-02 3.501569519042968750e+02
-7.640030980110168457e-01 -2.428883919492363930e-03 2.198132686316967010e-02 1.243545766919851303e-02 3.509067687988281250e+02
-7.476398348808288574e-01 -2.417281968519091606e-03 2.260310016572475433e-02 1.215275656431913376e-02 3.516565856933593750e+02
-7.308098077774047852e-01 -2.404133090749382973e-03 2.321073785424232483e-02 1.186256855726242065e-02 3.524064025878906250e+02
-7.135235071182250977e-01 -2.389482920989394188e-03 2.380386553704738617e-02 1.156507153064012527e-02 3.531561889648437500e+02
-6.957917213439941406e-01 -2.373394789174199104e-03 2.438211999833583832e-02 1.126041729003190994e-02 3.539059753417968750e+02
-6.776255965232849121e-01 -2.355952281504869461e-03 2.494514174759387970e-02 1.094873063266277313e-02 3.546557617187500000e+02
-6.590364575386047363e-01 -2.337245270609855652e-03 2.549257874488830566e-02 1.063011121004819870e-02 3.554055175781250000e+02
-6.400359272956848145e-01 -2.317350823432207108e-03 2.602408453822135925e-02 1.030463725328445435e-02 3.561552734375000000e+02
-6.206358671188354492e-01 -2.296296181157231331e-03 2.653931640088558197e-02 9.972400963306427002e-03 3.569050292968750000e+02
-6.008484959602355957e-01 -2.274030819535255432e-03 2.703793719410896301e-02 9.633545763790607452e-03 3.576547546386718750e+02
-5.806861519813537598e-01 -2.250397577881813049e-03 2.751961536705493927e-02 9.288311004638671875e-03 3.584044799804687500e+02
-5.601615309715270996e-01 -2.225117059424519539e-03 2.798403054475784302e-02 8.937091566622257233e-03 3.591542053222656250e+02
-5.392874479293823242e-01 -2.197804627940058708e-03 2.843088470399379730e-02 8.580468595027923584e-03 3.599039001464843750e+02
-5.180770158767700195e-01 -2.168040955439209938e-03 2.885990776121616364e-02 8.219206705689430237e-03 3.606535949707031250e+02
-4.965434372425079346e-01 -2.135484479367733002e-03 2.927086874842643738e-02 7.854197174310684204e-03 3.614032897949218750e+02
-4.747001528739929199e-01 -2.100039040669798851e-03 2.966357767581939697e-02 7.486316375434398651e-03 3.621529846191406250e+02
-4.525606930255889893e-01 -2.062039216980338097e-03 3.003789298236370087e-02 7.116205524653196335e-03 3.629026489257812500e+02
-4.301387071609497070e-01 -2.022428670898079872e-03 3.039370290935039520e-02 6.743990816175937653e-03 3.636523132324218750e+02
-4.074480235576629639e-01 -1.982834888622164726e-03 3.073090314865112305e-02 6.368990987539291382e-03 3.644019775390625000e+02
-3.845025599002838135e-01 -1.945483963936567307e-03 3.104935213923454285e-02 5.989508703351020813e-03 3.651516113281250000e+02
-3.613165020942687988e-01 -1.912866835482418537e-03 3.134882822632789612e-02 5.602811463177204132e-03 3.659012451171875000e+02
-3.379043340682983398e-01 -1.887104939669370651e-03 3.162897005677223206e-02 5.205441266298294067e-03 3.666508789062500000e+02
-3.142808675765991211e-01 -1.869046944193542004e-03 3.188924118876457214e-02 4.793952684849500656e-03 3.674005126953125000e+02
-2.904613912105560303e-01 -1.857198658399283886e-03 3.212893754243850708e-02 4.366107750684022903e-03 3.681501464843750000e+02
-2.664616405963897705e-01 -1.846746192313730717e-03 3.234724327921867371e-02 3.922431729733943939e-03 3.688997497558593750e+02
-2.422977238893508911e-01 -1.829045475460588932e-03 3.254336491227149963e-02 3.467852016910910606e-03 3.696493530273437500e+02
-2.179859131574630737e-01 -1.792011084035038948e-03 3.271675854921340942e-02 3.012942615896463394e-03 3.703989562988281250e+02
-1.935422718524932861e-01 -1.721726381219923496e-03 3.286740556359291077e-02 2.574233338236808777e-03 3.711485595703125000e+02
-1.689821928739547729e-01 -1.605014200322329998e-03 3.299611806869506836e-02 2.173291752114892006e-03 3.718981628417968750e+02
-1.443198025226593018e-01 -1.433637109585106373e-03 3.310478106141090393e-02 1.833719667047262192e-03 3.726477661132812500e+02
-1.195673942565917969e-01 -1.226053223945200443e-03 3.319646790623664856e-02 1.564158475957810879e-03 3.733973693847656250e+02
-9.473588317632675171e-02 -1.130012911744415760e-03 3.327467665076255798e-02 1.275866990908980370e-03 3.741469726562500000e+02
-6.984095275402069092e-02 -1.532016322016716003e-03 3.333846852183341980e-02 6.562141352333128452e-04 3.748965454101562500e+02
